145.53 18.51 7.71534198109455 212.4
107.41 -9.25 7.71215308968858 34
99.87 -0.72 7.56130488711297 81
107.68 -5.93 7.54159393631382 291.2
123.57 -1.11 7.52825988422582 26
124.25 6.03 7.46186781995348 31
103.98 -2.43 7.27573344784128 582.1
178.34 -17.24 7.27 590.9
123.34 5.29 7.0822790945531 525
107.3 -7.78 6.97644485225871 46
-72.11 -29.44 6.81439953472924 10
152.79 -3.69 6.7854885560287 499.1
168.52 -17.03 6.78254126915985 220
122.37 4.08 6.7714163683371 574
-178.9 -17.9 6.76766572053053 533.6
100.57 -2.21 6.68850167722198 50.8
101.9 -4.61 6.67480664643191 33
122.84 -9.36 6.64152376294548 65.8
170.35 -21.5 6.63197938226212 105.3
123.38 6.74 6.62481046886532 620
123.25 6.53 6.61132874310617 627.4
119.58 0.21 6.61076490718386 33
101.5 -2.52 6.59718846120209 9.7
131.26 -0.63 6.57793031577857 24.1
149.71 -6.03 6.56599258338251 56
120.25 1.02 6.55285285737459 33
112.41 -8.19 6.52577429010241 151.6
155.02 -6.86 6.48790129854709 39.4
-178.84 -17.96 6.48733998519407 544
-102.51 -35.96 6.44859841067873 10
126.64 5.51 6.40951330731722 33
138.93 29.97 6.39561321466847 406
145.57 -2.63 6.3433473497761 10
126.1 0.44 6.33505700116813 33
113.93 -10.71 6.30737410600636 14
34.78 -46.05 6.29378253561717 10
110.18 -7.87 6.27070617481183 143.1
110.18 -7.87 6.27070617481183 143.1
138.97 29.28 6.2099554155542 426.1
148.33 -0.88 6.17401723812875 10
147.29 -6.67 6.16402575445168 53
-71.22 -30.74 6.15558640229249 45
126.55 6.26 6.15299215553844 90.2
124.24 13.27 6.12402224483182 80
125.02 -0.15 6.10361333487259 66.2
129.81 -7.15 6.10328783775613 95
152.96 -4.31 6.0919974069281 28
-179.65 -17.89 6.08077726819066 622.6
-26.56 -56.6 6.07455058402123 109
126.68 4.14 6.07220327742565 25
102.18 -2.65 6.05290039831959 149.9
102.18 -2.65 6.05290039831959 149.9
141.97 30.99 6.05212417894151 9
151.87 -5.59 6.05017447692997 33
35.14 -45.83 6.04103276755452 16
140.46 26.27 6.03614607510359 388
122.87 0 6.02398446107041 156.3
