-72.71 -35.85 8.78269713977175 44.8
-67.56 -13.83 8.21663716565984 637
119.98 0.72 7.86398639799312 33
-69.2 -19.99 7.75404991347691 115.6
-69.89 -22.25 7.72204193664956 40
124.89 -2.07 7.70418534266543 33
-70.9 -10.55 7.54908845823604 600.6
123.57 -1.11 7.52825988422582 26
-76.4 -5.68 7.49630096087096 115
122.09 1.27 7.34862255669309 30
119.74 15.77 7.23626000442994 33
-66.45 -23.55 7.15100901893651 225
146.44 -6.98 7.14006191889511 126.9
-73.35 -38.37 7.13746522297276 24
-74.71 -15.77 7.12816525355463 39
-25.33 -56.04 7.12306432750522 33
-65.72 -22 7.11178570915163 276
-70.82 -11.04 7.0930932259918 609.5
155.06 -6.62 7.07046914476334 50
-71.22 -30.93 7.0646434018449 58
-71.22 -30.93 7.0646434018449 58
125.31 12.62 7.04073213467522 33
-70.13 -14.68 7.03295905964523 257.4
144.62 13.09 7.02564563705306 85.7
-74.53 -7.64 7.02348294050162 147
122.54 1.24 7.01396670110427 24
141.93 -2.96 6.97977737616806 10
120.45 1 6.97500480127044 33
-22.1 -58.22 6.96078635475815 19
-22.1 -58.22 6.96078635475815 19
-66.64 -23.22 6.95249764454104 238
-75.97 -14.44 6.95093308541025 24
127.46 2.87 6.93755545243038 25
-62.99 -28.31 6.92903381100029 608.5
-62.99 -28.31 6.92903381100029 608.5
130.38 -6.13 6.91654801065211 130
130.38 -6.13 6.91654801065211 130
-63.06 -28.5 6.89831984604297 605
126.76 -6.36 6.88582483332155 469.6
-63.17 -28.3 6.87322247774662 573
-63.17 -28.3 6.87322247774662 573
-69.39 -13.31 6.86862667244802 589
-28.45 -55.51 6.86313169880426 16.5
-73.12 -36.47 6.84611708851375 27.6
-63.47 -24.98 6.84208352351776 579.1
-63.22 -26.04 6.83991761501082 551.8
-63.02 -20.65 6.83721951572198 562.4
104.24 -5.05 6.83683201222278 15
-72.66 -16.66 6.79964415077439 87.2
-71.87 -30.06 6.79370487267185 19
-67.89 -22.32 6.79129462229388 162.6
153.95 -3.98 6.77987854867303 386
-71.71 -31.54 6.7666792471585 30.1
-71.64 -30.61 6.76568940122137 33
-29.88 -55.63 6.74656256536513 10
125.36 12.38 6.7264609538784 33
126.98 -1.03 6.71859646516812 11
127.21 -3.6 6.7131001439562 30.1
127.21 -3.6 6.7131001439562 30.1
-155.93 19.88 6.71131107757605 38.9
-155.93 19.88 6.71131107757605 38.9
-66.6 -23.12 6.70013093740945 190.8
-71.36 -32.62 6.68806986557654 29
-63.09 -28.04 6.68305718330786 586.9
-26.86 -60.2 6.68217648405965 20
-26.86 -60.2 6.68217648405965 20
-70.63 -19.92 6.6801850609306 20
99.49 -1.48 6.66066913707892 20
-73.11 -32.67 6.64879057449744 11
-71.5 -28.96 6.64101581605273 20
-68.79 -13.74 6.62129441863935 586
-36.4 -56.05 6.61690752176514 10
-36.4 -56.05 6.61690752176514 10
-73.41 -37.69 6.61580033244416 21
-73.41 -37.69 6.61580033244416 21
-70.96 -27.01 6.60592744415794 26.7
153.27 -4.79 6.60448914187267 34
-74.24 -8.15 6.58878701129161 164.6
123.17 6.14 6.58820798226462 617.9
-51.52 -53.65 6.57729746382255 33
-67.03 -24.41 6.57218422444487 184.3
-65.09 -15.36 6.5696909155841 549.9
-103.94 10.34 6.56367765662171 67.1
-71.41 -30.99 6.56367765662171 34.8
-70.09 -23.94 6.55388504974983 50
120.25 1.02 6.55285285737459 33
-27.06 -56.42 6.54049461826107 87.7
-73.99 -16.09 6.53763888093074 62
-26.55 -56.66 6.5361821248784 33
126.87 3.86 6.53570709662647 20.8
-68.23 -21.7 6.52923544465529 128
-69.17 -18.9 6.52690748002101 128.1
-70.32 -19.39 6.52299819149962 27
-70.39 -34.93 6.50745661781811 1
-70.39 -34.93 6.50745661781811 1
126.42 4.76 6.50109755238475 39.7
122.17 9.51 6.49857250829686 19
-97.32 -36.21 6.49167260847082 10
-71.06 -27.21 6.4798534304972 12
144.9 13.99 6.4750233520459 101
-70.91 -26.79 6.47321378581411 33
141.22 -2.39 6.46678972645495 33
152.17 -3.83 6.46604638932109 33
-25.75 -56.42 6.45543416692243 15
-68.33 -21.66 6.44958488405076 125.1
-78.7 -10.53 6.44461855894702 73
-69.15 -18.38 6.44451835833878 120.9
-71.94 -31.4 6.43649087704604 39
-73.82 -36.33 6.43509654621883 10
-63.38 -26.65 6.43390346344915 565
-71.12 -30.81 6.42546484340438 54
-65.78 -22.15 6.42407003414394 289.5
149.69 -1.53 6.41825806278475 24
-71.29 -32.31 6.41732382943583 51.1
127.38 6.13 6.4169933789667 8
125.78 9.79 6.41566779257818 105.6
-68.64 -31.63 6.41350068591923 108
120.53 13.93 6.41283060734526 105
126.64 5.51 6.40951330731722 33
35.06 -46.05 6.40610034455987 10
126.91 -0.95 6.40136992818172 17
-75.63 -14.17 6.39667918719246 43
8.8 -53.77 6.39263142050101 10
126.1 1.73 6.39263142050101 103
126.1 1.73 6.39263142050101 103
126.29 9.6 6.38961859774141 33
-74.38 -7.64 6.3882829584675 154
-70.09 -33.88 6.38596133242272 120.2
-70.09 -33.88 6.38596133242272 120.2
-76.13 -14.28 6.38565446471556 23.4
-66.66 -23.86 6.38559305212554 222
125.48 11.76 6.38101198703659 33
-67.28 -20.93 6.3708520093321 218
-74.76 -40.51 6.36955657247476 33
-26.85 -56.45 6.36910179675415 84
127.3 1.69 6.34862895655265 93.8
-80.16 -44.81 6.34834968992419 10
128.49 -7.32 6.34589454791738 141.9
-73.69 -37.58 6.34434059141777 21
-71.38 -29.67 6.34020336409407 71
-70.04 -20.17 6.33796760275568 43.5
-70.04 -20.17 6.33796760275568 43.5
28.02 -52.51 6.32772486978117 10
-72.08 -30.05 6.32265522846853 10.1
-68.33 -22.23 6.3219674184865 114
-104.45 18.82 6.31073425576604 33
123.19 -0.39 6.30817768591327 26
127.72 4.54 6.30672963238555 89.5
-69.25 -19.45 6.30592201776258 33
-26.58 -56.12 6.30102844231875 33
32.27 -48.21 6.29763628583173 10
-70.89 -24.87 6.2875595182599 58.2
-25.74 -56.41 6.28461482992233 29.4
-63.22 -26.74 6.28374301458549 569.6
-69.75 -18.57 6.277654859084 85
-80.88 -5.57 6.27586597693594 9.8
-67.06 -32.72 6.27125366250337 172.3
-67.77 -23.27 6.27052344861164 155
-69.57 -17.64 6.26377376890409 105.7
-69.34 -18.04 6.26161414090632 118
-71.86 -30.52 6.25474750314644 33
-27.23 -55.62 6.25445782863043 10.6
-72.09 -32.33 6.25144743112824 10.6
146.15 -3.33 6.24948849500441 10
123.16 -4.3 6.23989657333901 33
-65.31 -57.68 6.23816438301363 15
-71.56 -30.99 6.23775529830466 76.1
-76.55 -11.61 6.23580421327005 90
145.63 18.73 6.23373613551573 177
41.39 -43.4 6.23060605471014 10
154.76 -5.99 6.23060605471014 186.3
-68.2 -22.15 6.22563319584106 115
-69.28 -19.53 6.22133263917102 91
-70.55 -18.06 6.21409402077889 37
-71.75 -15.99 6.21309276449134 123
144.83 -3.56 6.21219984272084 10
-69.65 -17.5 6.21107980397549 151
-24.68 -57.07 6.19575597956786 10
-72.54 -28.72 6.19122453333223 10
-72.54 -28.72 6.19122453333223 10
-70.55 -23.2 6.18771797137101 19
119.48 16.09 6.18404524151449 33
-24.83 -56.95 6.17655698822659 10
-67.18 -31.75 6.16573700540278 141.8
-66.64 -22.97 6.16560572920257 220.4
-28.9 -55.9 6.16230432906973 36
121.5 8.6 6.15963583410062 37.8
-66 -22.33 6.15842694025831 254
-68.96 -20.04 6.15599390363295 120
-72.07 -12.03 6.15422390728583 33
-72.24 -32.41 6.15078935153488 8.6
-71.4 -16.12 6.13879737161366 136.2
-65.71 -17 6.13297748410773 33
126.44 5.36 6.13297748410773 35
126.41 3.84 6.1209745361155 30.1
125 -0.19 6.11866751470916 35
152.15 -5.49 6.11789440435766 33
-29.14 -55.24 6.11321188200636 10
128.43 2.64 6.11289700470006 38
-24.98 -57.09 6.11163405982029 10
-74.36 -13.93 6.11131746093188 101.4
-25.34 -57.98 6.09951808053456 63.9
-72.03 -33.61 6.0970328321884 28
-76.28 -14.49 6.0919974069281 33
127.22 1.55 6.08859113640911 77
-70.65 -26.11 6.07830264069352 68.5
-70.65 -26.11 6.07830264069352 68.5
-70.92 -27.9 6.07652200989901 20
-70.48 -19.58 6.07544835111142 25
-68.39 -21.35 6.07274665510395 130.1
-75.69 -14.84 6.06910472463628 33
129.02 -6.74 6.06726643493949 215.6
117.62 3.63 6.06689737223228 9
167.41 -15.09 6.06504496889103 151.3
126.36 1.09 6.06168048055764 33
-74.38 -7.93 6.05521664790979 152.1
-62.94 -28.38 6.05406083937045 609.8
-45.97 -53.02 6.05406083937045 10
-45.97 -53.02 6.05406083937045 10
-66.25 -19.52 6.05212417894151 273.9
142.68 -3.31 6.05212417894151 10
151.45 -6 6.05115096910215 6.3
113.54 -10.41 6.02991939093416 33
-67 -24.22 6.02760229875599 196.2
-76.09 -13.66 6.02526651329632 56
-66.32 -22.64 6.0216191852344 246.4
142.77 -3.28 6.02140319890987 10
120.23 0.97 6.01704928747057 33
-106.04 -4.62 6.01484753043718 10
-97.26 -36.31 6.01240610071535 10
-71.55 -31.63 6.0103931401995 37
126.04 11.77 6.01016861156894 33
-66 -22.39 6.00358036341171 278
128.1 -3.99 6.00358036341171 33
-27.08 -56.29 6.00335048673858 94.1
119.56 13.07 6.00173621924961 33
-104.47 -4.07 6.00127334200537 10
-72 -29.77 6.00057763565236 19.8
