-125.2067377717596,32.49205140809021,-4237.747247731923 
-122.5711695448671,31.22150411273893,-4048.734297059997 
-119.7150323820302,30.14468206557598,-3981.256516889243 
-115.5796767508078,29.85722883003056,-781.3579441541497 
-111.4531448948219,29.99640575239688,-204.981541736635 
-108.1403307350099,30.97028529983708,-1882.447300639928
-105.5321704828274,33.18976976941885,2313.633498723469 
-105.6154797684002,36.67994524966052,1119.041574003236 
-108.0028921054841,39.3817345679697,1346.917774979851 
-111.4018249695741,40.5839669304133,3217.048538779492 
-116.3971595008024,41.14448976036734,598.9898383047806
-120.7607576624354,41.32681104145606,-2827.978745170065
-123.0065573673694,41.02081990944142,-2855.535054300664 
-124.8373855311766,40.37774695643304,-5685.159898629425
-126.0003141818102,39.45868489729969,-3312.62197715628 
-126.8368371445117,37.06045099715488,-6189.333889132802
-126.6436408426654,34.77693825092132,-4933.306018391961 
-125.2067377717596,32.49205140809021,-4237.747247731923
