119.48,16.09,33
119.47985565888,16.0901754081073,33.125
119.477689814642,16.0928073648872,35
119.476764320277,16.0939320074865,35.6662888829499
119.475838466342,16.0950570702984,36.332647874741
119.473985678979,16.0973084574319,37.6655762291114
119.470275780764,16.1018162838667,40.3322747310044
119.462838646155,16.1108521945614,45.6690413893526
119.455378308815,16.1199152103936,51.0103056534594
119.447894666449,16.129005445041,56.3560732113143
119.440487200705,16.138002071212,61.6354556803995
119.433056843601,16.1470254216441,66.9192339716901
119.425603495149,16.156075607344,72.2074135776759
119.418127054784,16.1651527399176,77.5
119.409899066214,16.1751410607599,83.3107978594423
119.401643034946,16.1851620909713,89.126912393105
119.393358825824,16.1952159803927,94.9483509011809
119.385046302834,16.2053028797574,100.775120697231
119.368718574686,16.2251119497613,112.178010498598
119.357471966625,16.238753477272,120
119.345474969732,16.2533024473293,128.316210957766
119.333429606965,16.2679072257584,136.638571687629
119.324824663989,16.2783388120397,142.567164179106
119.310348653252,16.2958844797445,152.509498489537
119.295802624768,16.3135108567526,162.460614540196
119.292081473309,16.3180193505697,165
119.274939648635,16.3387846152037,176.664936727765
119.266332176267,16.3492093501699,182.501932901358
119.257700197373,16.359662297433,188.341950740003
119.241648517275,16.3790962656101,199.16578174378
119.233590823675,16.3888498963908,204.581591531031
119.225511786393,16.3986280747787,210
119.217059815999,16.408856238285,215.644922069009
119.208534405864,16.4191718434241,221.314420010072
119.194067463112,16.4366733130192,230.879491175603
119.179387283321,16.4544285104277,240.514923480173
119.164489580399,16.4724424284742,250.221496159884
119.149369958058,16.4907201850655,260
119.131771683581,16.5119886117404,271.290854387338
119.116732588972,16.530159261785,280.863666446062
119.101474046487,16.54859045952,290.505624974055
119.08599168533,16.5672872792788,300.217481876511
119.070281023247,16.5862549213015,310
119.052039591292,16.6082718169571,321.268118876023
119.036407587347,16.6271339264764,330.84840112145
119.020549658524,16.6462636613515,340.49665633665
119.009712829959,16.6593334542847,347.049681671167
119.00446132614,16.6656662036902,350.213610508655
118.992580062893,16.6799916959555,357.344016141245
118.988138034725,16.6853468189368,360
118.975182418285,16.7009633122371,367.716111905669
118.95751431243,16.7222547492304,378.166853394176
118.939569974522,16.7438726657086,388.697138499809
118.921343495186,16.7658238739876,399.307878836069
118.902828802782,16.7881153678385,410
118.900245365417,16.7912252518108,411.421817664446
118.897655812798,16.7943423626297,412.845326953464
118.892458283623,16.8005983550156,415.697432495386
118.887236055993,16.8068835288475,418.556340878194
118.881988970028,16.813198068609,421.42207647015
118.873254453051,16.8237082856271,426.177513909115
118.864450738319,16.8343002151611,430.951810835079
118.855577077979,16.8449747193479,435.745079662605
118.846632713836,16.8557326719063,440.55743370145
118.837616877173,16.8665749583272,445.388987165494
118.828528788578,16.8775024760676,450.239855181777
118.819367657753,16.8885161347487,455.110153799645
118.810132683336,16.8996168563572,460
118.790788797461,16.9228632210184,470.179032946135
118.771117999968,16.9464947003642,480.443297181012
118.751112720332,16.970519987739,490.793867695779
118.730765162602,16.9949480274239,501.231837635871
118.713537089945,17.0156244489908,510
118.702228804567,17.0291929166433,515.721110339925
118.686272789199,17.0483336433486,523.748093657487
118.684866485942,17.0500203874284,524.453026404614
118.678331506277,17.0578580267475,527.723442650462
118.677986887798,17.0582713161915,527.895662281578
118.677642173192,17.0586847185038,528.067905554689
118.676952455461,17.059511861899,528.412463046378
118.675571864891,17.0611675049373,529.101861948018
118.674189732211,17.0628249585574,529.791639667362
118.67280605507,17.0644842254451,530.481796516729
118.670034058067,17.0678082096949,531.863248856533
118.667255854904,17.0711394793751,533.246221472873
118.666635623978,17.0718831604149,533.554754032585
118.666015083428,17.0726272048865,533.863362308618
118.664773072621,17.0741163850805,534.480806121155
118.662285326294,17.0770991171943,535.716603569497
118.656215367372,17.0843762855293,538.726620490491
118.650115781452,17.0916882190063,541.743844590016
118.643986370898,17.0990351432791,544.768301784382
118.637826936384,17.106417285869,547.800018114301
118.626832723835,17.119592039499,553.192741540924
118.612884927047,17.1363026382263,560
118.584525087638,17.1702678232921,573.724799718285
118.559511194014,17.2002121259539,585.703166460287
118.534010779703,17.230725701135,597.794365946859
118.532754389117,17.2322287439334,598.386997236882
118.512709448329,17.2562045058477,607.803266391352
118.508010781375,17.2618233947238,610
118.506986002701,17.2630488136986,610.478581138349
118.485093098504,17.2892229722175,620.658098913648
118.480714044284,17.2944571922928,622.6840416075
118.456903578625,17.3229106216301,633.641205778202
118.453924962104,17.3264692409908,635.004994961893
118.428124494014,17.3572860184813,646.754516626808
118.426604733408,17.3591008356692,647.44308825296
118.398738843738,17.3923683885536,660
118.394629035469,17.397273512454,661.719773662561
118.39050669244,17.402193247963,663.442128107172
118.382224194005,17.4120767890985,666.894602614602
118.373890923862,17.4220194922547,670.357470241551
118.365506454706,17.4320218405223,673.830777988988
118.351329205406,17.4489314596268,679.679239165515
118.337004676026,17.4660125392863,685.557420936635
118.336503536968,17.466610038822,685.762506287605
118.307137794944,17.5016132690684,697.714649662011
118.306881834717,17.5019182890572,697.818265601651
118.291833195382,17.51984891622,703.893262828064
118.276622942948,17.5379673551241,710
118.253312689958,17.5657252289957,719.29425629553
118.229618795494,17.5939284252092,728.662576868828
118.205532538475,17.622586742019,738.10585056905
118.181044940701,17.6517102554444,747.624980525305
118.148895698689,17.6899270003319,760
118.140654881626,17.6997196442778,763.151704332378
118.132393071229,17.709535817994,766.3058592348
118.115806167003,17.72923906986,772.621532191134
118.08237707504,17.7689314228998,785.282411049003
118.066342876269,17.7879615229012,791.323321138095
118.05023005248,17.8070795392194,797.373209296456
118.017766335555,17.8455815905425,809.5
117.983853856418,17.8857783661512,822.080138932514
117.966769189355,17.9060198695111,828.384305116467
117.949598083742,17.926357626661,834.697897215213
117.916426093872,17.9656296154593,846.831503704974
117.899718633234,17.9854006736363,852.91138122816
117.882929444769,18.0052625436427,859
117.847991782141,18.0465753556188,871.60348931928
117.830391209151,18.0673778198486,877.918955197763
117.812701968238,18.0882785127624,884.243595131338
117.778650663764,18.1284932156661,896.354941210249
117.761501295409,18.1487374185876,902.423247724747
117.744268688833,18.1690736287439,908.5
117.708382209468,18.2114031513937,921.087941193903
117.690304943819,18.2327156881996,927.395103104456
117.672137478328,18.2541275997271,933.711083816563
117.637068352079,18.2954397889615,945.839249902263
117.619407231794,18.3162350976607,951.91554374812
117.601660964573,18.3371239961851,958
117.564796361654,18.3804954549061,970.572443581608
117.527566665326,18.4242671164482,983.178802118096
117.491445946238,18.4667067205324,995.323620858176
117.454978606954,18.5095253564862,1007.5
117.417064979188,18.5540120612811,1020.07004160769
117.378777813199,18.5989058694673,1032.67290433428
117.341608904981,18.6424584291081,1044.82116506304
117.304084920306,18.6863969970811,1057
117.265127023187,18.7319826082374,1069.5546440837
117.225787530775,18.7779816160639,1082.1409665081
117.187493609949,18.8227260460182,1094.30565081738
117.148834969814,18.8678645569499,1106.5
117.108713702178,18.9146767321625,1119.06540313811
117.06820023593,18.9619111921578,1131.66158906888
116.989075014664,19.0540603773706,1156
116.948553300282,19.1011993289157,1168.33192261882
116.907644351789,19.1487525341046,1180.69249676883
116.866342749763,19.196725200713,1193.08182241803
116.824642971915,19.2451226237643,1205.5
116.788052269435,19.2875591006124,1216.32268603573
116.751155217988,19.3303212316639,1227.16682464455
116.748419654286,19.3334904489256,1227.96806731163
116.745682399671,19.3366614611944,1228.76942721957
116.740202811615,19.3430088765337,1230.37249886094
116.734716441537,19.3493634893546,1231.97603977464
116.729223277151,19.3557253113227,1233.58005016674
116.71821651638,19.3684706292303,1236.78948021112
116.707182430186,19.3812449243442,1240.00079064521
116.696120919188,19.3940482909003,1243.21398312205
116.685031883517,19.406880823542,1246.42905929664
116.662770838029,19.4326337656004,1252.86486936871
116.655366799614,19.4411968009068,1255
116.634668367533,19.4651288916572,1260.95463912357
116.613875045478,19.4891612193634,1266.91556486065
116.592986194134,19.5132943860614,1272.88278717215
116.582505742879,19.525398974313,1275.86876266185
116.572001166901,19.5375290002679,1278.85631604003
116.569870058,19.5399895748844,1279.46176837359
116.56773795489,19.5424511973555,1280.0672855322
116.546222269087,19.567286558604,1286.16558487831
116.524605093278,19.5922287973034,1292.27046329956
116.481063460122,19.6424365384648,1304.5
116.452863126869,19.6749319382881,1312.37329995064
116.424491397492,19.7076071056112,1320.25731532995
116.39594673523,19.740463470697,1328.15206802809
116.367227584562,19.7735024790315,1336.05757999491
116.301538001951,19.8490041873234,1354
116.285458232087,19.8674712232693,1358.36264868231
116.243788966526,19.9153001427374,1369.61505306817
116.201756403284,19.9635069445585,1380.88870621486
116.159355846888,20.0120959387705,1392.1836683677
116.116582518907,20.0610715014038,1403.5
116.068988546907,20.1155187089461,1416.00091043435
116.020933101305,20.1704424681487,1428.52728207025
115.986299743969,20.209993743799,1437.49595584382
115.925978811829,20.278816034645,1453
115.868053768163,20.344827910552,1467.75058586692
115.809462238618,20.4115225851576,1482.53582354711
115.769632545965,20.4568165558034,1492.51001140198
115.7294919783,20.5024278720042,1502.5
115.62775612268,20.6178663400134,1527.54507831142
115.564875905288,20.6890987104535,1542.83118695309
115.526869100845,20.7321103794648,1552
115.470209562098,20.7961701850618,1565.57126913744
115.412945633719,20.8608392098309,1579.170417641
115.365602852738,20.9142477958197,1590.32581136295
115.31784298262,20.9680751753339,1601.5
115.209810252349,21.0896405714328,1626.48639000535
115.121697296728,21.1885933703505,1646.57372505332
115.102127795564,21.2105462203481,1651
115.044952170695,21.2746348871023,1663.8601754062
114.9871906284,21.3393041041541,1676.74440637374
114.9335574917,21.3992825298486,1688.61198033775
114.879414166028,21.4597643459389,1700.5
114.764379048962,21.5880421207937,1725.4548124004
114.656666772506,21.7078768976932,1748.45502649824
114.649372525728,21.7159823698245,1750
114.589440441428,21.7825330850996,1762.63439076853
114.528894413828,21.8496809538205,1775.29117016255
114.470558855544,21.9142968034141,1787.3853461322
114.411647476314,21.9794701662434,1799.5
114.289042420307,22.1148483764177,1824.39975341869
114.229353791072,22.1806285371074,1836.37139519048
114.169076670557,22.2469727727445,1848.36269448377
114.167468168822,22.2487420123467,1848.68134029567
114.165859245829,22.2505116547567,1849
114.134307707753,22.2852027165121,1855.23500903794
114.102593906388,22.3200487058348,1861.47531612652
114.03867442388,22.3902095453643,1873.9718514899
113.97545805137,22.4595043892955,1886.22570701501
113.911594949449,22.5294128826548,1898.5
113.846813949321,22.6002282255799,1910.84442848281
113.781363474925,22.6716751161859,1923.2092043829
113.71523290052,22.7437619172526,1935.59437804998
113.648411364664,22.816497143877,1948
113.584431180173,22.8860407576456,1959.77676083581
113.519810676467,22.956182150277,1971.5719790383
113.516038075572,22.9602740136435,1972.25753325194
113.512263280028,22.9643679202809,1972.94314986794
113.478421381909,23.0010556553805,1979.07486614926
113.444402542232,23.0379078789555,1985.21157586195
113.410205338756,23.0749256872058,1991.35328510815
113.37582833328,23.1121101863853,1997.5
113.306322865417,23.1872063680155,2009.84502897631
113.236078683021,23.2629841398864,2022.2100063482
113.093325500249,23.416621414482,2047
113.015255561604,23.5004384668318,2060.36870830591
112.947337962631,23.5732375980925,2071.89234040359
112.800339812863,23.7304239516729,2096.5
112.637978569181,23.9034374736923,2123.16098513565
112.496255693785,24.0539421437062,2146
112.488746113526,24.0619036046772,2147.19913328747
112.336258479375,24.2232739058359,2171.31202186828
112.180404200584,24.3876289093232,2195.5
112.099273155616,24.4729534512819,2207.91232549126
112.017212927507,24.5590936965278,2220.34447117778
111.939272256235,24.6407590333671,2232.04013039989
111.852053805696,24.7319714966743,2245
111.683216017598,24.9080180565049,2269.71064065429
111.5104036125,25.0874939219089,2294.5
111.438520357821,25.1619356389623,2304.66492071891
111.365935811674,25.2369763455832,2314.84316635167
111.33363320131,25.2703308924864,2319.34536379588
111.154572119459,25.4547632235168,2344
110.946191698804,25.6684123228703,2372.0612614952
110.783592954071,25.8343875306855,2393.5
110.767132930954,25.8511534295215,2395.64836841572
110.745437967982,25.8732414543897,2398.47391666304
110.723681883191,25.8953801791302,2401.3004964165
110.679985262176,25.9398104363789,2406.95675270202
110.636040870623,25.9844456346764,2412.61714179685
110.591846486117,26.0292872189121,2418.28166823218
110.494733707359,26.1276546282403,2430.63099049315
110.396401061869,26.2270229451041,2443
110.195556899087,26.4292481320026,2467.84827539613
110.094334372186,26.5307927835888,2480.16420665138
109.991808853711,26.6333889911778,2492.5
109.782923681611,26.8416219115598,2517.20988262419
109.568498979766,27.0542653499155,2542
109.445450559699,27.1757827411094,2555.96968856544
109.320525848027,27.2987733555335,2569.96536136428
109.317506108197,27.3017416068012,2570.30136722411
109.314485261926,27.3047107219195,2570.63738807489
109.308440247472,27.3106515452573,2571.3094747533
109.2963369128,27.3225435752162,2572.65382804564
109.272076874975,27.3463692555071,2575.34325459725
109.223342154666,27.3941877988784,2580.72498936814
109.125004651257,27.4904992818811,2591.5
109.010597693346,27.6022506569022,2603.89554466347
108.894600463424,27.7152276034041,2616.31173760945
108.733527615197,27.8715591248715,2633.30425228385
108.659678658341,27.9430214779389,2641
108.540027873629,28.058521493142,2653.34395023328
108.418670592499,28.1753100875109,2665.70856565713
108.295567363795,28.2934098452891,2678.09389820886
108.170677419851,28.4128439285589,2690.5
108.120567470979,28.4606572955501,2695.43330787115
108.006706756576,28.569070819702,2706.54938086619
107.891332425332,28.6786014065053,2717.68249439006
107.655911210512,28.9010866724072,2740
107.602622504715,28.9512588402572,2744.97932763395
107.482203640903,29.0643790408854,2756.13924688407
107.360307242917,29.1785257274015,2767.30765889383
107.236903161974,29.2937139284019,2778.48457336147
107.111960356965,29.4099589980413,2789.67
107.014716535423,29.5001692452785,2798.28585062775
106.779656185382,29.7172738277482,2818.79348811137
106.539033464547,29.938119196994,2839.33
106.407240222454,30.0584817577378,2850.3872878975
106.173409289541,30.2709911542153,2869.68099414036
106.054486527312,30.3785598538379,2879.33733150893
105.934191335443,30.4870202814081,2889
105.932671362142,30.4883884695332,2889.1000846569
105.931151058127,30.4897568992296,2889.20017366278
105.928109457477,30.4924944836191,2889.40036472264
105.922022282362,30.4979725543773,2889.80079904268
105.909832010141,30.5089403197659,2890.60187654757
105.885387562997,30.530922474124,2892.20486752515
105.836241326167,30.5750743090101,2895.41419742546
105.736905402489,30.6641364539365,2901.84628168333
105.636150590055,30.7542263123001,2908.29632769777
105.533942813583,30.8453640140906,2914.76441081194
105.337064713063,31.0202056811492,2927.01472392131
105.134640233202,31.1989959633957,2939.33
104.918581883883,31.3887372961124,2952.17095087527
104.808128473404,31.4853024189479,2958.61750086836
104.696003905396,31.5830282949903,2965.08152815299
104.479500501626,31.7708741004244,2977.33921702579
104.256568754391,31.9631223412421,2989.66
104.01841133599,32.167186489668,3002.49571543133
103.77265250789,32.3763441156567,3015.39890143113
103.532860583815,32.579037153738,3027.66381416945
103.285491600759,32.7867040245978,3039.99
103.020913901153,33.0072139734611,3052.81908434385
102.747306767708,33.2335115239027,3065.71352997519
102.479331850747,33.453443606508,3077.98700900047
102.202234309924,33.679092446608,3090.32
101.905206957273,33.9189793853554,3103.14955388861
101.597184893132,34.1655784568374,3116.04247592231
101.294377349352,34.4058609375339,3128.32235675033
100.98029055462,34.6528600469549,3140.66
100.642789432162,34.9157492879513,3153.48051912725
100.291498095454,35.1866184580579,3166.3623986169
99.9442738743249,35.4515985919555,3178.6481624524
99.5825933675047,35.7247173827635,3190.99
98.7837263104738,36.317598288643,3216.69183982688
98.3775833844799,36.6135915801907,3228.97873402073
97.9519699142381,36.9198878329586,3241.32
97.0265733961986,37.5722786693222,3266.37483646147
95.9945746694041,38.2782167110312,3291.65
95.5997129258288,38.5423888728329,3300.62894076405
95.3060393491817,38.7367592968317,3307.07193322699
94.8187013982971,39.0553792707578,3317.33618064189
93.7173017022399,39.7576470040347,3338.6688674973
93.5340037729845,39.8721520784405,3341.98
92.7027225908378,40.3830967181671,3356.19208780315
91.7820813995781,40.9332236548699,3370.47067351015
91.007338026226,41.3835923647977,3381.37088028597
90.1506443593521,41.8684769575709,3392.31
90.1461568727535,41.8709810278292,3392.36434000005
89.2744466220224,42.3504205334993,3402.36247766525
85.4440397139777,44.298442606889,3434.44472730291
83.8884489934898,45.0193711372945,3442.64
78.7986636311119,47.1178968344261,3453.5319753088
73.3164917123409,48.9732041143969,3442.64
71.4698526786587,49.5123306338431,3434.44472730291
66.5345771605903,50.7590628003638,3402.36247766525
65.3288963926484,51.0229573252848,3392.36434000005
65.3226067919943,51.0242937181165,3392.31
64.1060924937047,51.2750349371786,3381.37088028597
62.9785456710067,51.4938760964051,3370.47067351015
61.6041713199814,51.7433481720714,3356.19208780315
60.3304796058841,51.9579440704093,3341.98
60.0454053005428,52.0038204530219,3338.6688674973
58.299983534418,52.2678066584314,3317.33618064189
57.5097963340721,52.3778895816021,3307.07193322699
57.0282938207902,52.4421262413286,3300.62894076405
56.3745512510561,52.5259240977464,3291.65
54.631575431884,52.7303299676539,3266.37483646147
53.0263636776458,52.8944846307855,3241.32
52.274710358599,52.9635208606611,3228.97873402073
51.5496257642105,53.0254293886408,3216.69183982688
50.1012992356652,53.135422163759,3190.99
49.436025561822,53.1798856658526,3178.6481624524
48.7917985464997,53.2193297911908,3166.3623986169
48.1345477938605,53.2559232074449,3153.48051912725
47.4979592999457,53.2878665230529,3140.66
46.9010584713667,53.3147001333416,3128.32235675033
46.3215529680838,53.3378726216419,3116.04247592231
45.728046722645,53.3586719758723,3103.14955388861
45.1519327074658,53.3760290504287,3090.32
44.6111616239813,53.3897867715824,3077.98700900047
44.0851935589361,53.4008168373066,3065.71352997519
43.5451703712023,53.4097322937242,3052.81908434385
43.0201285830125,53.4160620742006,3039.99
42.5267499258795,53.4199104237123,3027.66381416945
42.046226103764,53.4217037044259,3015.39890143113
41.551476530478,53.4215349540165,3002.49571543133
41.0698760779681,53.4194069247598,2989.66
40.6171777384198,53.415639812843,2977.33921702579
40.1758175007078,53.4103180478787,2965.08152815299
39.9465877971166,53.4069114087847,2958.61750086836
39.7203434745328,53.4031181174425,2952.17095087527
39.2765648497329,53.3944332128236,2939.33
38.8593471234477,53.3847636520911,2927.01472392131
38.4522483567624,53.3739217427781,2914.76441081194
38.2404041613724,53.3677296591137,2908.29632769777
38.0312403246435,53.3612460871562,2901.84628168333
37.8247036074911,53.3544831214001,2895.41419742546
37.7224041432071,53.351000509616,2892.20486752515
37.6714938641756,53.3492345421307,2890.60187654757
37.6460982463471,53.3483454691049,2889.80079904268
37.633415275446,53.3478994196958,2889.40036472264
37.6270774942156,53.3476760179397,2889.20017366278
37.6239095289962,53.347564222945,2889.1000846569
37.620742180457,53.3474523652615,2889
37.3698401446442,53.3383231693153,2879.33733150893
37.1213607256488,53.3287593870793,2869.68099414036
36.6315381541628,53.3083809968189,2850.3872878975
36.3547442817911,53.2959689590462,2839.33
35.8480858166956,53.2715691079167,2818.79348811137
35.3515614081356,53.2455443832706,2798.28585062775
35.1457065522301,53.2341400993508,2789.67
34.8808427706074,53.2189357700358,2778.48457336147
34.6188360706159,53.2033066981667,2767.30765889383
34.3596429248085,53.1872683725184,2756.13924688407
34.1032206610203,53.170835773335,2744.97932763395
33.9896308940891,53.163376386192,2740
33.4869783239919,53.1290375904489,2717.68249439006
33.2401571595699,53.1113801810643,2706.54938086619
32.9962711523351,53.0934166862036,2695.43330787115
32.8888435290706,53.0853410866194,2690.5
32.6208549802445,53.0647605588644,2678.09389820886
32.3563651677231,53.0438385337619,2665.70856565713
32.0953088714569,53.0225924242281,2653.34395023328
31.8376224607713,53.0010389389996,2641
31.6784315333319,52.9874345352628,2633.30425228385
31.3308422507753,52.9569600528259,2616.31173760945
31.0802136436292,52.9343299626016,2603.89554466347
30.8327739626951,52.9114467773866,2591.5
30.6198985228596,52.8913289663056,2580.72498936814
30.5143364413118,52.8812046556365,2575.34325459725
30.4617723073006,52.8761266262213,2572.65382804564
30.4355442190331,52.8735837016633,2571.3094747533
30.4224436387383,52.8723112691951,2570.63738807489
30.4158967107043,52.8716748113191,2570.30136722411
30.4093520226176,52.8710381926928,2569.96536136428
30.1384656450913,52.8443560757631,2555.96968856544
29.8713926478678,52.8174131458037,2542
29.4054113192103,52.7688856589833,2517.20988262419
28.9507994519988,52.7196744215655,2492.5
28.727437687739,52.6948171798318,2480.16420665138
28.5067741409716,52.669819727678,2467.84827539613
28.0685436376752,52.6188732311462,2443
27.853806285247,52.5932743956831,2430.63099049315
27.6416221567841,52.5675686180997,2418.28166823218
27.5450255516977,52.5557303786414,2412.61714179685
27.4489541250611,52.5438721481031,2406.95675270202
27.3534037948116,52.5319947007563,2401.3004964165
27.3058227734905,52.5260490085097,2398.47391666304
27.2583705141217,52.5200987960425,2395.64836841572
27.2223651234039,52.5155702074585,2393.5
26.8665439168363,52.4701780086612,2372.0612614952
26.4101756232459,52.4102550469881,2344
26.0177264911295,52.3571857598442,2319.34536379588
25.9469023204967,52.3474562958693,2314.84316635167
25.787731553392,52.3254199475168,2304.66492071891
25.6300625718129,52.3033587542411,2294.5
25.250879656427,52.2493517049958,2269.71064065429
24.8802530254436,52.1952591518918,2245
24.688738549761,52.1668004004899,2232.04013039989
24.5175678041217,52.1410710907942,2220.34447117778
24.337323576431,52.1136775849533,2207.91232549126
24.1590965387674,52.0862869593107,2195.5
23.8166628044004,52.032810056769,2171.31202186828
23.4815701298006,51.9793922462687,2147.19913328747
23.4650666677963,51.9767335103569,2146
23.1535947644723,51.9260623098991,2123.16098513565
22.7967452772663,51.8668550866906,2096.5
22.4736614620518,51.8121819422816,2071.89234040359
22.3243915086723,51.7865777404556,2060.36870830591
22.1528150585165,51.756877580388,2047
21.8391079795717,51.7018259444142,2022.2100063482
21.684758793412,51.6743832311313,2009.84502897631
21.5320454207787,51.6469992706853,1997.5
21.4565194330082,51.63337075471,1991.35328510815
21.3813921396268,51.6197579566594,1985.21157586195
21.3066605264799,51.6061611516231,1979.07486614926
21.232321609003,51.5925806083243,1972.94314986794
21.224029947589,51.5910624381662,1972.25753325194
21.2157431591904,51.589544475159,1971.5719790383
21.0738079751224,51.5634385575471,1959.77676083581
20.9332957545807,51.5373959667032,1948
20.7865624278134,51.5099891532535,1935.59437804998
20.6413669892516,51.4826566812686,1923.2092043829
20.4976864048645,51.4554003862431,1910.84442848281
20.3554980878666,51.4282220141866,1898.5
20.2153478317445,51.4012330000637,1886.22570701501
20.0766409962962,51.3743257810435,1873.9718514899
19.9364171625427,51.3469254452069,1861.47531612652
19.8668547905585,51.3332583238113,1855.23500903794
19.797655137607,51.3196134749275,1849
19.7941265906792,51.3189164025133,1848.68134029567
19.79059898569,51.3182193890227,1848.36269448377
19.6584184669941,51.2920103534234,1836.37139519048
19.5275545645638,51.265886113309,1824.39975341869
19.2588361009002,51.2116905635954,1799.5
19.1297610072191,51.1853939491937,1787.3853461322
19.0019766484502,51.1591906567859,1775.29117016255
18.8693819476204,51.1318221105676,1762.63439076853
18.7381646524954,51.1045581255535,1750
18.7221966717231,51.1012281164411,1748.45502649824
18.4864611191248,51.0517578167504,1725.4548124004
18.2348270833578,50.9983098649555,1700.5
18.1164389205604,50.97293389944,1688.61198033775
17.9991975986499,50.947658338062,1676.74440637374
17.8729673312678,50.9202827528461,1663.8601754062
17.7480548773046,50.8930270890454,1651
17.7053097976454,50.8836622308463,1646.57372505332
17.51290357293,50.8412684772299,1626.48639000535
17.2771293439897,50.788781720268,1601.5
17.1729435464827,50.7653992357194,1590.32581136295
17.0696967532442,50.7421127596701,1579.170417641
16.9448530913127,50.7138024166483,1565.57126913744
16.8213705119389,50.6856357382629,1552
16.7385639479978,50.6666552572422,1542.83118695309
16.6016091981878,50.6351005857525,1527.54507831142
16.3801454439512,50.5836447322606,1502.5
16.2928070285346,50.5632055795754,1492.51001140198
16.206168750299,50.5428481542121,1482.53582354711
16.0787629818031,50.5127627138427,1467.75058586692
15.9528583408118,50.4828572658137,1453
15.8218018679492,50.4515434302599,1437.49595584382
15.7465817241727,50.4334855028414,1428.52728207025
15.6422421923752,50.4083337633839,1416.00091043435
15.538941786888,50.383314156695,1403.5
15.4461363280275,50.3607358278912,1392.1836683677
15.354169922222,50.3382674999058,1380.88870621486
15.2630317693823,50.3159089134437,1369.61505306817
15.1727112505182,50.2936597956491,1358.36264868231
15.1378654628045,50.2850517704842,1354
14.9955593415559,50.2497569944602,1336.05757999491
14.9333677821519,50.2342611902182,1328.15206802809
14.8715686741301,50.2188202876447,1320.25731532995
14.8101584910919,50.2034341637125,1312.37329995064
14.74913374797,50.1881026928189,1304.5
14.6549394007828,50.164355753681,1292.27046329956
14.608187573687,50.1525322745963,1286.16558487831
14.5616638497653,50.1407420368575,1280.0672855322
14.5570540373574,50.1395724700865,1279.46176837359
14.5524464593015,50.1384032307063,1278.85631604003
14.5297362115742,50.1326366786002,1275.86876266185
14.5070801786211,50.1268780934276,1272.88278717215
14.4619300231864,50.1153847925264,1266.91556486065
14.4169945242161,50.1039232625096,1260.95463912357
14.3722722290038,50.0924934380021,1255
14.3562765921035,50.088399883943,1252.86486936871
14.3081902830413,50.076076332414,1246.42905929664
14.2842402904457,50.0699286553991,1243.21398312205
14.2603521025348,50.0637903628302,1240.00079064521
14.2365254922412,50.0576614433525,1236.78948021112
14.2127602335874,50.0515418855623,1233.58005016674
14.200900540563,50.0484856136613,1231.97603977464
14.1890561011981,50.0454316778843,1230.37249886094
14.1772268875491,50.0423800767925,1228.76942721957
14.1713179816241,50.0408551512954,1227.96806731163
14.1654128716796,50.0393308089289,1227.16682464455
14.0857795383671,50.0187355574443,1216.32268603573
14.0068338156729,49.9982468612253,1205.5
13.9168974576592,49.9748191525093,1193.08182241803
13.827854171851,49.9515330282194,1180.69249676883
13.7396913853055,49.9283877432172,1168.33192261882
13.6523967555603,49.9053825447442,1156
13.4820374498758,49.8602345858821,1131.66158906888
13.3948611307365,49.8370020998216,1119.06540313811
13.3085628685722,49.8139171526718,1106.5
13.2254430215049,49.7916009607854,1094.30565081738
13.143138958622,49.7694248789426,1082.1409665081
13.0586206912713,49.7465703355768,1069.5546440837
12.9749554898488,49.723864626834,1057
12.8944012419439,49.7019261163298,1044.82116506304
12.8146399647876,49.6801289359517,1032.67290433428
12.7325112014999,49.6576070348396,1020.07004160769
12.6512161420714,49.6352359508732,1007.5
12.5730529154643,49.6136535779669,995.323620858176
12.4956624875109,49.5922138483037,983.178802118096
12.4159273381348,49.5700508086318,970.572443581608
12.3370056531185,49.5480400515334,958
12.2990247635173,49.5374212072476,951.91554374812
12.2612334013058,49.5268384261333,945.839249902263
12.1862139557197,49.5057805234468,933.711083816563
12.1473617152201,49.4948485218121,927.395103104456
12.1087101146728,49.4839552109562,921.087941193903
12.0320030263375,49.4622840627304,908.5
11.9951793646186,49.4518558630217,902.423247724747
11.9585406277032,49.4414640196215,896.354941210249
11.8858127290239,49.4207888380343,884.243595131338
11.8480425070406,49.4100265881051,877.918955197763
11.8104691333103,49.3993035326238,871.60348931928
11.7359071900927,49.3779743645451,859
11.7000872777058,49.3677040825257,852.91138122816
11.6644485931164,49.3574705142937,846.831503704974
11.5937097814783,49.3371129225693,834.697897215213
11.5571033129638,49.3265545424386,828.384305116467
11.5206883762396,49.3160354356593,822.080138932514
11.4484274989552,49.2951143730729,809.5
11.3792805955827,49.2750360098976,797.373209296456
11.3449705165026,49.2650519088169,791.323321138095
11.3108343564515,49.2551043200085,785.282411049003
11.2396860915256,49.234325823329,772.621532191134
11.2043941563506,49.2239962779673,766.3058592348
11.1868181275154,49.2188463525796,763.151704332378
11.1692884946925,49.2137062957649,760
11.1009181479316,49.1936230882283,747.624980525305
11.0488592784691,49.1782932136203,738.10585056905
10.9976687133576,49.1631869335363,728.662576868828
10.9473266874272,49.1482999818011,719.29425629553
10.8978140101355,49.1336281910437,710
10.8655139598675,49.1240408146594,703.893262828064
10.8335630568687,49.1145445561811,697.818265601651
10.8330196596475,49.1143829431606,697.714649662011
10.77068832777,49.0958209147235,685.762506287605
10.7696248133493,49.0955037925059,685.557420936635
10.7392281762594,49.0864341793507,679.679239165515
10.7091493962932,49.0774482851648,673.830777988988
10.6913632120641,49.0721295380059,670.357470241551
10.6736874811865,49.0668399841119,666.894602614602
10.6561212658711,49.0615794127624,663.442128107172
10.6473789343278,49.0589599296154,661.719773662561
10.6386636346252,49.0563476139286,660
10.5795828059989,49.0386142287955,647.44308825296
10.5763612279897,49.0376460261823,646.754516626808
10.521678990561,49.0211925673951,635.004994961893
10.5153671738276,49.0192910266279,633.641205778202
10.4649203274957,49.0040754680714,622.6840416075
10.4556441549635,49.00127422243,620.658098913648
10.4092760524746,48.9872559688715,610.478581138349
10.4071059379887,48.9865992396897,610
10.3971562061062,48.9835874671659,607.803266391352
10.3547164509385,48.9707273009337,598.386997236882
10.3520567451064,48.9699206129412,597.794365946859
10.2980831091395,48.9535315681583,585.703166460287
10.2451564217961,48.9374254963764,573.724799718285
10.1851707463071,48.9191294411464,560
10.1556769707176,48.9101172998351,553.192741540924
10.1324325609031,48.9030071274046,547.800018114301
10.1194114881449,48.8990212190883,544.768301784382
10.1064549234376,48.8950529711211,541.743844590016
10.0935624311791,48.8911022804743,538.726620490491
10.0807335795212,48.887169044856,535.716603569497
10.0754760242191,48.8855565255008,534.480806121155
10.0728512464145,48.8847513642275,533.863362308618
10.0715398558662,48.8843490578106,533.554754032585
10.0702291302781,48.8839469340625,533.246221472873
10.0643581217496,48.882145477728,531.863248856533
10.0585004409733,48.8803476844842,530.481796516729
10.055576585503,48.8794501584251,529.791639667362
10.0526560465084,48.8785535444594,529.101861948018
10.0497388188565,48.8776578413648,528.412463046378
10.048281445172,48.8772103310095,528.067905554689
10.0475530680866,48.8769866610635,527.895662281578
10.0468248974002,48.8767630479136,527.723442650462
10.0330172624471,48.8725216299684,524.453026404614
10.0300460655378,48.8716086305531,523.748093657487
9.9963384976091,48.8612431745583,515.721110339925
9.97245368064041,48.8538897753278,510
9.93607221236681,48.8426754053183,501.231837635871
9.89311381605215,48.8294125220465,490.793867695779
9.85088933346449,48.8163538176994,480.443297181012
9.80938177239533,48.8034951617868,470.179032946135
9.76857463976296,48.7908325261736,460
9.74909660396713,48.7847810698671,455.110153799645
9.72977669445224,48.7787740554799,450.239855181777
9.71061316718297,48.7728110526907,445.388987165494
9.69160430259475,48.7668916363007,440.55743370145
9.67274840517504,48.761015386163,435.745079662605
9.65404380305294,48.7551818871115,430.951810835079
9.63548884759741,48.7493907288926,426.177513909115
9.61708191302333,48.7436415060963,421.42207647015
9.60602536010917,48.7401860598546,418.556340878194
9.59502196688979,48.7367457053382,415.697432495386
9.58407138597801,48.7333203554939,412.845326953464
9.57861579163655,48.7316132800594,411.421817664446
9.57317327141244,48.729909923429,410
9.53417400044134,48.7176933639607,399.307878836069
9.49579140199745,48.7056513245014,388.697138499809
9.4580122663268,48.6937805275176,378.166853394176
9.42082374247401,48.6820777708994,367.716111905669
9.39355996805675,48.6734871437558,360
9.38421328768378,48.6705399137145,357.344016141245
9.35921616517312,48.6626523175002,350.213610508655
9.34816876884713,48.6591639097928,347.049681671167
9.32537425391801,48.6519612794127,340.49665633665
9.29202434231874,48.6414115300036,330.84840112145
9.25915671153263,48.6310005996519,321.268118876023
9.22081152993343,48.6188373802119,310
9.18779404355826,48.6083492213512,300.217481876511
9.15526341474357,48.5980022184466,290.505624974055
9.12320993223446,48.5877938685378,280.863666446062
9.09162413010533,48.5777217232437,271.290854387338
9.0546718679426,48.5659222441231,260
9.02293148647239,48.5557731645709,250.221496159884
8.99166358087453,48.5457626438681,240.514923480173
8.96085864603539,48.5358881878477,230.879491175603
8.9305074188201,48.5261473576291,221.314420010072
8.91262426523107,48.5204025017355,215.644922069009
8.89489729413825,48.5147037979536,210
8.87795449194948,48.5092534388466,204.581591531031
8.86105838716742,48.503814457511,199.16578174378
8.82740553697163,48.4929705069253,188.341950740003
8.8093115052865,48.4871340966955,182.501932901358
8.79127106269442,48.481310810477,176.664936727765
8.75535004137804,48.4697034591992,165
8.74755346157387,48.4671819305501,162.460614540196
8.71708052223005,48.4573190767017,152.509498489537
8.6867605831095,48.4474939506856,142.567164179106
8.66874056017984,48.441649015996,136.638571687629
8.64351954113022,48.4334613970715,128.316210957766
8.61840414839747,48.425299966694,120
8.59486362823577,48.4176429586317,112.178010498598
8.56069452506648,48.4065161476284,100.775120697231
8.54330198150302,48.4008466907856,94.9483509011809
8.5259707683735,48.3951933605171,89.126912393105
8.50870058186264,48.3895560970629,83.3107978594423
8.49149112010994,48.383934840919,77.5
8.47585536712928,48.3788243147111,72.2074135776759
8.46026960391903,48.3737269973171,66.9192339716901
8.44473360597426,48.3686428442094,61.6354556803995
8.42924715009954,48.3635718110344,56.3560732113143
8.41360313898655,48.3584460503061,51.0103056534594
8.39800955137052,48.3533336729114,45.6690413893526
8.38246615900462,48.3482346332299,40.3322747310044
8.37471321480821,48.3456901007352,37.6655762291114
8.37084141837322,48.3444190788563,36.332647874741
8.36890668753406,48.3437838787009,35.6662888829499
8.36697273436356,48.3431488856182,35
8.36244699502558,48.3416627184059,33.125
8.36214538552271,48.3415636661588,33
8.35792424875639,48.3401772701204,31.25
8.34888772359133,48.3372085284282,27.5
8.33986313524126,48.3342426567405,23.75
8.33535531000524,48.332760795962,21.875
8.33310251333519,48.3320201341317,20.9375
8.33197639382645,48.3316498703304,20.46875
8.33085046014081,48.3312796512618,20
8.32512574920234,48.3293970517932,17.3283812080545
8.31940634733746,48.3275157757353,14.6567624161089
8.31157066830617,48.3249377094329,10.9925718120812
8.30374494325838,48.3223621267671,7.32838120805445
8.2959291532858,48.3197890243882,3.66419060402677
8.29202497805692,48.318503402261,1.83209530201384
8.29007381935179,48.3178608232803,0.916047651006011
8.28909847209803,48.3175395917879,0.458023825503005
8.2881232795278,48.317218398952,0
