126.04,11.77,33
126.039880967401,11.7701572696682,33.125
126.038094890005,11.7725170645842,35
126.037333173462,11.773523441341,35.6662888829499
126.036571165643,11.7745301935327,36.332647874741
126.035046275557,11.7765448249982,37.6655762291114
126.031992993212,11.7805786017196,40.3322747310044
126.025872384721,11.7886642541269,45.6690413893526
126.019732983538,11.7967741228765,51.0103056534594
126.013574708454,11.8049083092667,56.3560732113143
126.007479419646,11.8129586941318,61.6354556803995
126.001365595172,11.8210329542783,66.9192339716901
125.995233155686,11.8291311886186,72.2074135776759
125.989082021395,11.8372534965967,77.5
125.98231291444,11.8461910998424,83.3107978594423
125.975521108782,11.8551579241163,89.126912393105
125.968706497226,11.8641541029224,94.9483509011809
125.961868971914,11.8731797705572,100.775120697231
125.948439583185,11.8909046085446,112.178010498598
125.939190212861,11.9031107192239,120
125.929324456802,11.9161287149709,128.316210957766
125.919419681812,11.9291965958627,136.638571687629
125.912344391247,11.9385304089578,142.567164179106
125.900442571661,11.9542295907895,152.509498489537
125.888484287722,11.9700009135751,162.460614540196
125.885425308299,11.9740349075523,165
125.871334774847,11.9926146525604,176.664936727765
125.864260035758,12.0019421568558,182.501932901358
125.85716554361,12.0112948773443,188.341950740003
125.843973949818,12.028683248542,199.16578174378
125.837352484246,12.037410188347,204.581591531031
125.830713821278,12.0461590681871,210
125.823769268033,12.0553102928054,215.644922069009
125.816764951691,12.0645394641052,221.314420010072
125.804880514895,12.0801970256188,230.879491175603
125.792822620312,12.0960807279715,240.514923480173
125.780587825869,12.1121949978726,250.221496159884
125.768172602397,12.1285443721653,260
125.753724391608,12.1475677290919,271.290854387338
125.741379249067,12.1638193162557,280.863666446062
125.728855833543,12.1803029983984,290.505624974055
125.716150642262,12.197023270481,300.217481876511
125.703260084619,12.2139847381712,310
125.688295546257,12.2336716827892,321.268118876023
125.675473826771,12.2505366158611,330.84840112145
125.662468828122,12.2676398139029,340.49665633665
125.653582782997,12.2793244445696,347.049681671167
125.649276968811,12.2849858628926,350.213610508655
125.639536110503,12.2977922987643,357.344016141245
125.635894607798,12.302579421901,360
125.625274723477,12.3165390609468,367.716111905669
125.610794162494,12.3355704329017,378.166853394176
125.596089820649,12.3548923030632,388.697138499809
125.581156982888,12.3745106944665,399.307878836069
125.56599080711,12.3944317892247,410
125.563876488356,12.3972086834572,411.421817664446
125.561757225172,12.3999919957903,412.845326953464
125.557503803307,12.4055779542776,415.697432495386
125.553230414771,12.4111898267306,418.556340878194
125.548936932358,12.4168277757422,421.42207647015
125.541790374785,12.4262115239488,426.177513909115
125.534587897464,12.4356678225749,430.951810835079
125.527328905757,12.4451974312156,435.745079662605
125.520012796967,12.4548011195669,440.55743370145
125.512638960205,12.4644796675901,445.388987165494
125.505206776247,12.474233865678,450.239855181777
125.497715617402,12.4840645148258,455.110153799645
125.490164847368,12.4939724268042,460
125.474351265313,12.5147194308187,470.179032946135
125.458273928467,12.5358081094038,480.443297181012
125.44192683368,12.5572461116045,490.793867695779
125.425303802868,12.5790413048342,501.231837635871
125.411232213951,12.5974874973172,510
125.401997283851,12.6095915589623,515.721110339925
125.388968774717,12.6266653136293,523.748093657487
125.387820603113,12.6281698435959,524.453026404614
125.382485379417,12.63516066558,527.723442650462
125.382204040303,12.6355292947996,527.895662281578
125.381922623806,12.6358980240507,528.067905554689
125.381359558556,12.6366357827926,528.412463046378
125.380232498213,12.6381125022599,529.101861948018
125.379104196526,12.6395908263488,529.791639667362
125.377974651637,12.6410707574189,530.481796516729
125.375711824872,12.6440354498763,531.863248856533
125.373444002921,12.6470065986821,533.246221472873
125.372937723771,12.647669879742,533.554754032585
125.372431195429,12.6483334828649,533.863362308618
125.37141739051,12.6496616561383,534.480806121155
125.369386783081,12.6523218767008,535.716603569497
125.364432456334,12.6588120520479,538.726620490491
125.35945429015,12.6653330322184,541.743844590016
125.354452128437,12.671885015361,544.768301784382
125.349425813799,12.6784682012445,547.800018114301
125.340455021722,12.6902165627044,553.192741540924
125.329075843657,12.7051170094773,560
125.305944291879,12.7353997013604,573.724799718285
125.285548038769,12.7620938089657,585.703166460287
125.264761069947,12.7892918707599,597.794365946859
125.263737064766,12.7906315050264,598.386997236882
125.247401681853,12.8119994842365,607.803266391352
125.243573102831,12.8170069002729,610
125.242738117633,12.8180989474407,610.478581138349
125.224902220191,12.8414229854703,620.658098913648
125.221335193672,12.8460869296269,622.6840416075
125.201943154729,12.8714384571515,633.641205778202
125.199517644406,12.8746089055178,635.004994961893
125.178511612696,12.9020621524351,646.754516626808
125.177274460765,12.9036787736264,647.44308825296
125.154594257687,12.9333108955133,660
125.151256105714,12.9376714963441,661.719773662561
125.147907951625,12.9420449670729,663.442128107172
125.141181474903,12.9508307228146,666.894602614602
125.134414496615,12.9596685802735,670.357470241551
125.127606683841,12.968558959355,673.830777988988
125.116097086725,12.9835875899798,679.679239165515
125.104470086446,12.998767160162,685.557420936635
125.104063359006,12.9992981181178,685.762506287605
125.080234605447,13.0304000346593,697.714649662011
125.080026947544,13.0306710313455,697.818265601651
125.067819367305,13.0466007736218,703.893262828064
125.055483138795,13.0626957239066,710
125.036582225194,13.0873503468097,719.29425629553
125.017376200777,13.1123965004986,728.662576868828
124.997858305658,13.1378426763628,738.10585056905
124.978021586985,13.1636976018809,747.624980525305
124.951988199758,13.1976185947453,760
124.945316740013,13.2063094380775,763.151704332378
124.938628783259,13.2150209775419,766.3058592348
124.925203149297,13.2325064184029,772.621532191134
124.898151374644,13.2677286845521,785.282411049003
124.885178952114,13.2846145574627,791.323321138095
124.872144820044,13.3015777282178,797.373209296456
124.84588977162,13.3357379319381,809.5
124.818471297502,13.3713986721666,822.080138932514
124.804661419059,13.3893548271201,828.384305116467
124.790783829039,13.4073955697425,834.697897215213
124.76398055082,13.4422297768276,846.831503704974
124.750483832357,13.4597655453924,852.91138122816
124.736923163658,13.4773810904086,859
124.708710571892,13.5140190870371,871.60348931928
124.694501292165,13.5324663684664,877.918955197763
124.680222726757,13.55099991354,884.243595131338
124.65274337204,13.586657637472,896.354941210249
124.63890709637,13.6046066512653,902.423247724747
124.625005852541,13.6226364350151,908.5
124.596063878939,13.6601626032718,921.087941193903
124.581488395229,13.67905538855,927.395103104456
124.566842613033,13.6980353829678,933.711083816563
124.538578377118,13.7346529181645,945.839249902263
124.524347703379,13.7530838257014,951.91554374812
124.510050748005,13.7715968342638,958
124.480358892627,13.8100325644901,970.572443581608
124.450383170728,13.8488192854253,983.178802118096
124.421310156324,13.8864221157726,995.323620858176
124.391967970935,13.924357237913,1007.5
124.36147253483,13.9637664310272,1020.07004160769
124.330687460473,14.0035324006658,1032.67290433428
124.300811945563,14.0421065969346,1044.82116506304
124.270661458666,14.0810189446902,1057
124.239369908263,14.1213859805892,1069.5546440837
124.207783309738,14.1621150301085,1082.1409665081
124.177047303663,14.2017293056259,1094.30565081738
124.146029670103,14.2416885349442,1106.5
124.113850303655,14.2831252183198,1119.06540313811
124.081368570757,14.324931403494,1131.66158906888
124.017965245171,14.4064781462294,1156
123.985513224522,14.4481870275497,1168.33192261882
123.952763567622,14.4902580885805,1180.69249676883
123.91971232128,14.5326958008969,1193.08182241803
123.886355461715,14.5755047091314,1205.5
123.85709628209,14.6130372330607,1216.32268603573
123.827602340829,14.6508542387031,1227.16682464455
123.825416055605,14.6536568174543,1227.96806731163
123.823228475486,14.6564609639309,1228.76942721957
123.818849426145,14.6620739650153,1230.37249886094
123.814465183896,14.6676932519613,1231.97603977464
123.810075739824,14.6733188347674,1233.58005016674
123.801281210635,14.6845889278411,1236.78948021112
123.792465766699,14.6958843248649,1240.00079064521
123.783629335974,14.7072051065879,1243.21398312205
123.774771846088,14.7185513541001,1246.42905929664
123.756993399046,14.7413205707854,1252.86486936871
123.751081107558,14.7488912068731,1255
123.734555140756,14.7700489679005,1260.95463912357
123.71795667078,14.7912942240981,1266.91556486065
123.701285235553,14.8126274909525,1272.88278717215
123.692922009943,14.8233272912607,1275.86876266185
123.684540367941,14.8340492893678,1278.85631604003
123.682840049875,14.836224210494,1279.46176837359
123.681138973013,14.8384000459499,1280.0672855322
123.663974829733,14.8603514308814,1286.16558487831
123.646733259879,14.8823960620242,1292.27046329956
123.612015814046,14.9267673141156,1304.5
123.589538274453,14.9554825808447,1312.37329995064
123.56693021825,14.9843546131724,1320.25731532995
123.544190540772,15.0133846335766,1328.15206802809
123.521318124735,15.0425738771899,1336.05757999491
123.469025503977,15.109269863372,1354
123.456230122995,15.1255813749121,1358.36264868231
123.423081239234,15.1678244398237,1369.61505306817
123.389656795799,15.2103966699374,1380.88870621486
123.355953439068,15.2533017414824,1392.1836683677
123.321967760136,15.2965433853518,1403.5
123.28416833823,15.3446104558784,1416.00091043435
123.246020068478,15.3930922564883,1428.52728207025
123.218537795121,15.4280008615981,1437.49595584382
123.170694005519,15.4887370503494,1453
123.124776979053,15.546984075912,1467.75058586692
123.078358035743,15.6058246727016,1482.53582354711
123.046818294135,15.6457796130661,1492.51001140198
123.015044853926,15.686010274048,1502.5
122.934571525043,15.7878118571673,1527.54507831142
122.884873462304,15.8506158840999,1542.83118695309
122.854849366038,15.8885332818982,1552
122.810111221879,15.9449988508586,1565.57126913744
122.764921403525,16.0019928682859,1579.170417641
122.727580299519,16.0490563393507,1590.32581136295
122.689928093386,16.0964828591648,1601.5
122.604825204115,16.2035702046093,1626.48639000535
122.535482454945,16.2907152267741,1646.57372505332
122.520090091349,16.3100457051409,1651
122.475136098286,16.3664728742202,1663.8601754062
122.429747817876,16.4234024044257,1676.74440637374
122.387627389805,16.4761946085912,1688.61198033775
122.345129593918,16.5294221160722,1700.5
122.254914905537,16.6422881177858,1725.4548124004
122.170539369062,16.747693491573,1748.45502649824
122.164828859214,16.7548218520686,1750
122.117925555846,16.8133445138897,1762.63439076853
122.070571235538,16.8723825189042,1775.29117016255
122.024973848582,16.9291849879335,1787.3853461322
121.978954413108,16.9864682381858,1799.5
121.883270287462,17.1054271212052,1824.39975341869
121.8367321269,17.1632144517632,1836.37139519048
121.789764717351,17.2214875114713,1848.36269448377
121.78851179475,17.2230413770492,1848.68134029567
121.787258565251,17.2245955893529,1849
121.762686591636,17.255062059868,1855.23500903794
121.737996486604,17.2856618611424,1861.47531612652
121.688258473563,17.3472648578195,1873.9718514899
121.639100701525,17.4080965012392,1886.22570701501
121.589473562713,17.4694557158475,1898.5
121.539167630545,17.5315994549495,1910.84442848281
121.488377151619,17.5942857271897,1923.2092043829
121.437095074157,17.6575214835499,1935.59437804998
121.385314204419,17.7213137958806,1948
121.335770104172,17.7822953280047,1959.77676083581
121.285764977883,17.8437895039662,1971.5719790383
121.2828467183,17.8473765523311,1972.25753325194
121.279926880748,17.8509653521738,1972.94314986794
121.253755225466,17.8831247740384,1979.07486614926
121.227456444674,17.9154251588882,1985.21157586195
121.201029604672,17.9478674138576,1991.35328510815
121.17447376228,17.980452454003,1997.5
121.120812068354,18.0462496753654,2009.84502897631
121.066621568222,18.1126303501397,2022.2100063482
120.956622418436,18.2471725697974,2047
120.896538716098,18.3205479423219,2060.36870830591
120.844310801277,18.3842639080527,2071.89234040359
120.731406396867,18.5217930992972,2096.5
120.606918721715,18.673098321242,2123.16098513565
120.498442038823,18.8046568873023,2146
120.492698979713,18.8116145062138,2147.19913328747
120.37618847647,18.9526025658864,2171.31202186828
120.257316463327,19.0961282231214,2195.5
120.195521560827,19.1706110214089,2207.91232549126
120.133078195519,19.2457861196632,2220.34447117778
120.073824942631,19.3170374773628,2232.04013039989
120.007582526787,19.3965971121152,2245
119.879543530944,19.5500883416541,2269.71064065429
119.748755798964,19.7064807978458,2294.5
119.694432667629,19.7713215218333,2304.66492071891
119.639627142231,19.8366680212378,2314.84316635167
119.615252212036,19.8657084568113,2319.34536379588
119.480308809966,20.0262282193048,2344
119.323640138756,20.2120523874235,2372.0612614952
119.201670463577,20.3563179159821,2393.5
119.189337030827,20.3708862166911,2395.64836841572
119.17308492751,20.3900777440177,2398.47391666304
119.15679143647,20.4093118378573,2401.3004964165
119.124079640332,20.4479082882799,2406.95675270202
119.091200326159,20.4866767072942,2412.61714179685
119.058152164918,20.5256182425698,2418.28166823218
118.985596353036,20.6110212423759,2430.63099049315
118.912219370848,20.6972627829568,2443
118.762630810793,20.8726775625281,2467.84827539613
118.687385508859,20.9607104776533,2480.16420665138
118.611271222264,21.0496212036711,2492.5
118.456507930414,21.2299717257912,2517.20988262419
118.298078030078,21.4139934934244,2542
118.207364025296,21.5190860150572,2555.96968856544
118.115418106068,21.6254008748332,2569.96536136428
118.113197438149,21.6279660257273,2570.30136722411
118.110976046087,21.6305318924848,2570.63738807489
118.106531088063,21.6356657747912,2571.3094747533
118.097632466107,21.6459421429986,2572.65382804564
118.079800315818,21.6665293613775,2575.34325459725
118.043995724259,21.7078422690555,2580.72498936814
117.971819995734,21.7910263510736,2591.5
117.887970211628,21.8875045964471,2603.89554466347
117.803087531481,21.9849953491707,2616.31173760945
117.685442507486,22.1198215003678,2633.30425228385
117.631591206775,22.1814234641017,2641
117.544457176657,22.2809466743011,2653.34395023328
117.456227993034,22.3815293056189,2665.70856565713
117.36688190968,22.4831885592004,2678.09389820886
117.276396565719,22.5859420303731,2690.5
117.240135641241,22.6270621149756,2695.43330787115
117.157838681183,22.7202658369193,2706.54938086619
117.074583754773,22.8143826702466,2717.68249439006
116.90512904649,23.005410511763,2740
116.866851197564,23.0484619922907,2744.97932763395
116.780455768139,23.1454968051293,2756.13924688407
116.693145724687,23.2433685660527,2767.30765889383
116.604905337118,23.342088567375,2778.48457336147
116.515718487248,23.4416683191551,2789.67
116.446411215624,23.5189135364051,2798.28585062775
116.279269951563,23.7046991979891,2818.79348811137
116.108748063831,23.8935145242544,2839.33
116.015597895724,23.9963465707481,2850.3872878975
115.850761910976,24.1777755148669,2869.68099414036
115.767142462124,24.2695482692194,2879.33733150893
115.682705078349,24.3620380653078,2889
115.681679337967,24.3631605091931,2889.1000846569
115.680653412825,24.364283128434,2889.20017366278
115.678601008054,24.36652889315,2889.40036472264
115.674493979108,24.3710225287004,2889.80079904268
115.66627103191,24.3800182337318,2890.60187654757
115.649789486514,24.3980434553714,2892.20486752515
115.616683036961,24.4342297549911,2895.41419742546
115.549890590538,24.5071507115626,2901.84628168333
115.482313481431,24.5808124387333,2908.29632769777
115.413937109961,24.6552266631114,2914.76441081194
115.282727885428,24.7976872901993,2927.01472392131
115.148516389158,24.9429516975148,2939.33
115.006048000987,25.0966477852948,2952.17095087527
114.93352953264,25.1746812789235,2958.61750086836
114.860132992468,25.2535220905056,2965.08152815299
114.719039761747,25.4046921177991,2977.33921702579
114.574632604159,25.5588823444825,2989.66
114.421352632507,25.7219587913594,3002.49571543133
114.264262355972,25.8884604139929,3015.39890143113
114.112058768024,26.0491749724643,3027.66381416945
113.956169955429,26.213160330869,3039.99
113.790712161869,26.3865241406926,3052.81908434385
113.621008806508,26.5636002914734,3065.71352997519
113.456198415014,26.7348568887441,3077.98700900047
113.287253795605,26.9096786700702,3090.32
113.107842665467,27.0945206349936,3103.14955388861
112.92365224918,27.2834176917632,3116.04247592231
112.74445466859,27.4663491723358,3128.32235675033
112.560574804803,27.6531937358486,3140.66
112.365275303505,27.8506804389308,3153.48051912725
112.164544830627,28.052626550295,3166.3623986169
111.968733537822,28.2486153122355,3178.6481624524
111.767556844531,28.4489372909977,3190.99
111.333457900378,28.8776123582108,3216.69183982688
111.1182885305,29.0882809838431,3228.97873402073
110.896890231085,29.3037954026261,3241.32
110.430209903301,29.7539155907059,3266.37483646147
109.934196288486,30.2261567141069,3291.65
109.751410254218,30.3985820773473,3300.62894076405
109.618014012816,30.5238740804262,3307.07193322699
109.40150643052,30.7262538804165,3317.33618064189
108.93495054263,31.1582752809,3338.6688674973
108.8604223644,31.2267703282816,3341.98
108.533733385243,31.5253386295537,3356.19208780315
108.193859576176,31.8330684581844,3370.47067351015
107.926030152164,32.0734986470331,3381.37088028597
107.649512918725,32.31982026055,3392.31
107.648119260372,32.3210568326502,3392.36434000005
107.388218418641,32.5508056431644,3402.36247766525
106.50381586415,33.3198865841765,3434.44472730291
106.264347992389,33.5247658274831,3442.64
105.525003046882,34.1483505302689,3466.70910756626
104.8366223808,34.7168651641908,3487.5369695979
104.648755155004,34.8700115656037,3492.97
104.432207932405,35.0454753177926,3499.1039710572
103.191874305112,36.0287729442702,3531.7293278752
102.710816250363,36.4002974243389,3543.3
101.75879753079,37.1195900860022,3564.56143118921
100.683181730804,37.9071605554526,3586.15679406558
100.279626849745,38.1958838656829,3593.64
100.062381187378,38.3498023183706,3597.53542656682
97.9602089604709,39.7856467918526,3630.78033222899
96.9626277672716,40.4338840188499,3643.97
95.1464159476075,41.5613282111251,3664.23116754033
92.1817947843044,43.2619617289007,3688.25154454241
91.1507752128812,43.8146913463942,3694.3
90.4318728827091,44.188735255182,3697.88393367011
84.7467157395136,46.8379587775371,3710.39810809317
78.5086839737128,49.1777232990851,3697.88393367011
77.6331904830997,49.4634863534932,3694.3
76.3398711127295,49.8677058455519,3688.25154454241
72.3573437239935,50.9843365417452,3664.23116754033
69.7100764967665,51.6256422989471,3643.97
68.1846571744487,51.9606001291569,3630.78033222899
64.7971226475221,52.6183146360421,3597.53542656682
64.4333329955383,52.6821047864571,3593.64
63.7506300557709,52.7983233709879,3586.15679406558
61.8866513787594,53.0927830544509,3564.56143118921
60.1826397519934,53.3333236599462,3543.3
59.3021446949378,53.4471157274863,3531.7293278752
56.9717163746437,53.7144856976797,3499.1039710572
56.5559899118109,53.757097316818,3492.97
56.1932010010735,53.7930392575469,3487.5369695979
54.8471196079413,53.9163406941443,3466.70910756626
53.3723677005055,54.0334205848523,3442.64
52.8883512589801,54.0677810106891,3434.44472730291
51.0743451291632,54.1788494772217,3402.36247766525
50.5334852788142,54.2065883329395,3392.36434000005
50.5305756740379,54.2067309081805,3392.31
49.9513173252801,54.2337012041446,3381.37088028597
49.3865722376192,54.2572912970409,3370.47067351015
48.6647724983138,54.2835653270804,3356.19208780315
47.9656485658522,54.3048778555263,3341.98
47.8054358719299,54.3091896916209,3338.6688674973
46.7965193177174,54.331449324162,3317.33618064189
46.3248946643307,54.3389616018869,3307.07193322699
46.0332527420378,54.3426857448695,3300.62894076405
45.6323355778478,54.3466567658525,3291.65
44.5370221960893,54.3507303280459,3266.37483646147
43.4969878746646,54.3454188970627,3241.32
43.0004904932095,54.3397288899653,3228.97873402073
42.5161165618188,54.3322118324147,3216.69183982688
41.5335558904557,54.3109920345521,3190.99
41.0758639683155,54.298372473241,3178.6481624524
40.6290090672587,54.2843716041163,3166.3623986169
40.1695658605822,54.2682428556366,3153.48051912725
39.7212689490664,54.2508083841982,3140.66
39.2980626976639,54.2328087489285,3128.32235675033
38.884618074178,54.2137762421972,3116.04247592231
38.4586433519232,54.1926669199206,3103.14955388861
38.0427694174345,54.1705861856855,3090.32
37.6503272036568,54.1484127236813,3077.98700900047
37.2667399667903,54.1254820826779,3065.71352997519
36.8710198504183,54.1005201317292,3052.81908434385
36.4844992948014,54.0748546747978,3039.99
36.1197242281111,54.0494663378651,3027.66381416945
35.7630253192964,54.0235414171903,3015.39890143113
35.3943301165267,53.9955995925833,3002.49571543133
35.0340676454523,53.9671692573693,2989.66
34.6942186471933,53.9393252204605,2977.33921702579
34.3617740329769,53.911122472254,2965.08152815299
34.1886884152035,53.8960599701346,2958.61750086836
34.0175770116279,53.8809137217947,2952.17095087527
33.6811449503244,53.8503913378094,2939.33
33.3638977524512,53.8207053996371,2927.01472392131
33.0534686124993,53.7908053262647,2914.76441081194
32.8915920218099,53.7748783748491,2908.29632769777
32.7315400805442,53.7589045374075,2901.84628168333
32.573282548294,53.742888065071,2895.41419742546
32.4948173836806,53.7348651202061,2892.20486752515
32.4557491112642,53.7308501897044,2890.60187654757
32.4362558558154,53.728841886824,2889.80079904268
32.4265194238212,53.7278375293067,2889.40036472264
32.4216537537073,53.7273352994431,2889.20017366278
32.4192215547405,53.7270841717867,2889.1000846569
32.4167897796892,53.726833035667,2889
32.2165620968821,53.7059756453523,2879.33733150893
32.0181837689636,53.6849609420723,2869.68099414036
31.6268798039203,53.6424850042773,2850.3872878975
31.4056142714313,53.6178632844748,2839.33
31.0003288016879,53.5716295608187,2818.79348811137
30.6028115431647,53.5248500809468,2798.28585062775
30.4379059233411,53.5050263734043,2789.67
30.2256447951187,53.479148204542,2778.48457336147
30.0155793839451,53.4531358963544,2767.30765889383
29.8076776793342,53.4269968928285,2756.13924688407
29.6019082573393,53.4007383912902,2744.97932763395
29.5107279153162,53.3889791974837,2740
29.1069888617811,53.3359958739811,2717.68249439006
28.9085825164089,53.3094102044019,2706.54938086619
28.7124351423596,53.2827706623367,2695.43330787115
28.6260039191227,53.2709193277104,2690.5
28.4103089937833,53.2410419443664,2678.09389820886
28.1973129173375,53.2111148318544,2665.70856565713
27.9869677772056,53.1811458901533,2653.34395023328
27.7792267511209,53.1511426791806,2641
27.6508354945656,53.1323977341088,2633.30425228385
27.3703506063292,53.090909198627,2616.31173760945
27.1679833185561,53.0605157367778,2603.89554466347
26.9680887622298,53.0301139594661,2591.5
26.7960359021127,53.0036435591164,2580.72498936814
26.7106894281805,52.9904087049257,2575.34325459725
26.6681846915562,52.9837915764036,2572.65382804564
26.6469742639294,52.9804831128158,2571.3094747533
26.6363795123417,52.9788289094143,2570.63738807489
26.6310847492427,52.9780018152128,2570.30136722411
26.6257917268525,52.9771747261636,2569.96536136428
26.4066499654024,52.9426971878297,2555.96968856544
26.1904742686506,52.9082368184254,2542
25.8130150001321,52.8469916394559,2517.20988262419
25.4444198171044,52.7858591066007,2492.5
25.2631949138893,52.7553197725923,2480.16420665138
25.0840781103456,52.7248218060279,2467.84827539613
24.7281185379227,52.6632832143401,2443
24.5535784747841,52.6326547823272,2430.63099049315
24.3810386552133,52.6020827192804,2418.28166823218
24.3024653423656,52.5880631301347,2412.61714179685
24.2243038481086,52.5740564932043,2406.95675270202
24.1465510897106,52.5600631278401,2401.3004964165
24.1078270291013,52.5530715195006,2398.47391666304
24.0692040099118,52.5460833456693,2395.64836841572
24.0398954880391,52.5407705953729,2393.5
23.750139613889,52.4877871143489,2372.0612614952
23.3781959230972,52.418547078542,2344
23.0580680405887,52.3578411649649,2319.34536379588
23.0002679630756,52.3467704279875,2314.84316635167
22.8703368644614,52.3217607713115,2304.66492071891
22.7415896270827,52.2968103165132,2294.5
22.431789870823,52.2360825343178,2269.71064065429
22.1287458744456,52.1757310501681,2245
21.9720622334112,52.1441579692033,2232.04013039989
21.8319696774286,52.1157141417401,2220.34447117778
21.6843971444587,52.0855325179507,2207.91232549126
21.5384216862218,52.0554557842025,2195.5
21.2578015819477,51.9970152211829,2171.31202186828
20.9830026721454,51.9389908320123,2147.19913328747
20.9694637165343,51.9361116167266,2146
20.7138532174211,51.8813917155987,2123.16098513565
20.4207972804127,51.8178080501378,2096.5
20.1552800315676,51.7594134654021,2071.89234040359
20.0325453144722,51.7321670787357,2060.36870830591
19.891421345601,51.7006395100595,2047
19.6332596030926,51.6424128916615,2022.2100063482
19.5061762174598,51.6134868209439,2009.84502897631
19.3803983892301,51.5846863041399,1997.5
19.3181784372741,51.5703759762894,1991.35328510815
19.2562769102953,51.5560972714462,1985.21157586195
19.1946914745985,51.5418502385299,1979.07486614926
19.1334198187087,51.5276349235355,1972.94314986794
19.1265850533592,51.5260466959718,1972.25753325194
19.119754182748,51.5244588659228,1971.5719790383
19.0027368375127,51.4971794211758,1959.77676083581
18.8868573203572,51.4700181347012,1948
18.765809719801,51.4414888008575,1935.59437804998
18.6459929454021,51.4130915049624,1923.2092043829
18.527389112978,51.3848264419721,1910.84442848281
18.4099806754699,51.3566937666802,1898.5
18.294219516248,51.3288069031474,1886.22570701501
18.1796156576397,51.3010528495982,1873.9718514899
18.0637230253507,51.2728386280455,1861.47531612652
18.0062176805223,51.2587834950206,1855.23500903794
17.9490034781976,51.2447630114688,1849
17.9460858463681,51.2440470617914,1848.68134029567
17.9431689707785,51.2433312029019,1848.36269448377
17.8338563740062,51.2164353514384,1836.37139519048
17.7256012868269,51.1896682141258,1824.39975341869
17.5032102750014,51.1342680991688,1799.5
17.3963409409667,51.1074481045313,1787.3853461322
17.2905101060954,51.0807619163761,1775.29117016255
17.1806635603307,51.0529293581256,1762.63439076853
17.0719261880315,51.0252433252714,1750
17.058691644417,51.0218644776139,1748.45502649824
16.8632548249809,50.9717367455026,1725.4548124004
16.6545234064281,50.9177183550555,1700.5
16.5562791243367,50.8921208812057,1688.61198033775
16.4589606705988,50.8666554804688,1676.74440637374
16.3541519429893,50.8391083342423,1663.8601754062
16.2504079346418,50.8117164037397,1651
16.2148999604733,50.8023125649872,1646.57372505332
16.0550269768374,50.7597915930019,1626.48639000535
15.8590233546529,50.7072565483196,1601.5
15.772378087255,50.683890453328,1590.32581136295
15.6864933130528,50.6606430072739,1579.170417641
15.5826162250896,50.632410150003,1565.57126913744
15.4798423328125,50.6043527243551,1552
15.4109064905999,50.5854636597604,1542.83118695309
15.2968636887358,50.5540921286181,1527.54507831142
15.1123732886929,50.5030166510278,1502.5
15.0395899263568,50.482756109556,1492.51001140198
14.967375370325,50.4625918299708,1482.53582354711
14.8611538482491,50.4328193014202,1467.75058586692
14.7561527972958,50.4032568504376,1453
14.6468223442352,50.3723356771357,1437.49595584382
14.5840566818637,50.3545195228736,1428.52728207025
14.496974649768,50.329722956035,1416.00091043435
14.4107388085827,50.3050776551133,1403.5
14.3332462687606,50.2828548207692,1392.1836683677
14.256437507533,50.2607566962197,1380.88870621486
14.18030394946,50.2387825787628,1369.61505306817
14.1048371591708,50.2169317642172,1358.36264868231
14.0757176341209,50.2084820042718,1354
13.9567717267722,50.1738601047566,1336.05757999491
13.9047764827188,50.1586717497808,1328.15206802809
13.8531016787958,50.1435444194797,1320.25731532995
13.8017445082443,50.1284778559375,1312.37329995064
13.750702196359,50.1134718012625,1304.5
13.6719014624848,50.090242524,1292.27046329956
13.6327833603451,50.0786828996667,1286.16558487831
13.5938517389767,50.0671597873909,1280.0672855322
13.5899939537584,50.066016936387,1279.46176837359
13.5861379955359,50.0648744444326,1278.85631604003
13.5671317736228,50.0592403790716,1275.86876266185
13.5481698868392,50.0536150439075,1272.88278717215
13.5103785334397,50.0423905061965,1266.91556486065
13.4727627638665,50.0312007132237,1260.95463912357
13.4353214192079,50.0200455477516,1255
13.4219289466158,50.0160512493072,1252.86486936871
13.3816651696472,50.0040293105431,1246.42905929664
13.3616095312674,49.9980336635523,1243.21398312205
13.3416044841847,49.9920482062104,1240.00079064521
13.3216498471002,49.9860729193409,1236.78948021112
13.3017454395634,49.9801077837815,1233.58005016674
13.2918120155227,49.977129016701,1231.97603977464
13.2818910815822,49.9741527802688,1230.37249886094
13.2719826154219,49.9711790720938,1228.76942721957
13.2670330507747,49.9696931653485,1227.96806731163
13.2620865947262,49.9682078897712,1227.16682464455
13.1953742413627,49.9481466108835,1216.32268603573
13.1292251677204,49.9282003950289,1205.5
13.0538514328671,49.9054065884945,1193.08182241803
12.9792097953595,49.8827647387829,1180.69249676883
12.9052901957554,49.860273696194,1168.33192261882
12.8320827544512,49.8379323159359,1156
12.6891698182496,49.7941256537527,1131.66158906888
12.6160150751984,49.771602958589,1119.06540313811
12.5435816224205,49.7492362709821,1106.5
12.4738012617124,49.7276265595737,1094.30565081738
12.4046915193575,49.706164196602,1082.1409665081
12.3337077802997,49.6840572500788,1069.5546440837
12.2634257699913,49.6621062405212,1057
12.1957431742553,49.6409081210624,1044.82116506304
12.1287133399095,49.6198573213797,1032.67290433428
12.0596798742844,49.5981177622532,1020.07004160769
11.991333146396,49.5765348758608,1007.5
11.9256062060545,49.5557232638448,995.323620858176
11.8605162833173,49.5350591454424,983.178802118096
11.7934409638465,49.5137081953681,970.572443581608
11.7270366105786,49.4925142160575,958
11.6950749150596,49.4822930405988,951.91554374812
11.6632696318251,49.4721089023695,945.839249902263
11.6001240212391,49.4518510874119,933.711083816563
11.5674164307451,49.4413380191303,927.395103104456
11.5348745268156,49.430864573635,921.087941193903
11.4702830869328,49.4100358245855,908.5
11.4392710995954,49.4000163392487,902.423247724747
11.40841192864,49.3900339303453,896.354941210249
11.347147831318,49.3701796701391,884.243595131338
11.3153266434423,49.3598480542278,877.918955197763
11.2836682250265,49.3495563051596,871.60348931928
11.2208350502974,49.3290916517544,859
11.1906453902411,49.3192407575772,852.91138122816
11.160605685148,49.3094270726772,846.831503704974
11.1009719872575,49.2899106365827,834.697897215213
11.0701079794177,49.2797915834453,828.384305116467
11.0394025480847,49.2697122384584,822.080138932514
10.9784628749961,49.2496719010222,809.5
10.920138552889,49.2304463447027,797.373209296456
10.8911946190753,49.2208890355097,791.323321138095
10.8623948205329,49.2113684690816,785.282411049003
10.8023605829803,49.1914876687002,772.621532191134
10.7725774286588,49.1816072605163,766.3058592348
10.7577438466247,49.1766819659476,763.151704332378
10.7429487412775,49.1717665776814,760
10.6852332932609,49.1525643209822,747.624980525305
10.641275045675,49.137909859774,738.10585056905
10.5980396575672,49.1234716346265,728.662576868828
10.5555109706312,49.1092454419436,719.29425629553
10.5136732861004,49.0952271785364,710
10.4863749531353,49.0860680901588,703.893262828064
10.4593677186827,49.0769970076623,697.818265601651
10.4589083654887,49.0768426387757,697.714649662011
10.4062098580891,49.0591144563774,685.762506287605
10.405310571258,49.0588116113383,685.557420936635
10.3796059258331,49.050150765253,679.679239165515
10.3541665618304,49.0415707081147,673.830777988988
10.3391221154874,49.0364925698087,670.357470241551
10.32416988834,49.031442593829,666.894602614602
10.3093091104018,49.0264205735381,663.442128107172
10.3019127749063,49.0239199821719,661.719773662561
10.2945390166858,49.0214263030886,660
10.2444526891277,49.0044689066792,647.44308825296
10.2417212371682,49.0035431813528,646.754516626808
10.1953530844462,48.9878133050735,635.004994961893
10.1900003093763,48.9859955998326,633.641205778202
10.1472138675297,48.9714524290452,622.6840416075
10.1393453866408,48.9687752746416,620.658098913648
10.1000095944014,48.9553794126921,610.478581138349
10.0981684336141,48.9547518986516,610
10.0897267210817,48.9518741727437,607.803266391352
10.0537156749581,48.9395875863797,598.386997236882
10.0514586621589,48.9388169427127,597.794365946859
10.0056519374778,48.9231618437756,585.703166460287
9.96072455753308,48.9077801022688,573.724799718285
9.90979410207932,48.8903105156048,560
9.88474833107671,48.881706889147,553.192741540924
9.86500746778233,48.8749196739377,547.800018114301
9.85394825213137,48.8711150659292,544.768301784382
9.84294328199431,48.867327495105,541.743844590016
9.83199219568517,48.8635568604367,538.726620490491
9.82109463458735,48.859803061637,535.716603569497
9.81662841282532,48.8582641572843,534.480806121155
9.81439866641645,48.8574957644151,533.863362308618
9.81328463299472,48.8571118324334,533.554754032585
9.81217115892215,48.8567280766121,533.246221472873
9.80718361241594,48.8550089284421,531.863248856533
9.80220727743794,48.8532933126613,530.481796516729
9.79972330348136,48.8524368263842,529.791639667362
9.79724211956129,48.8515812195993,529.101861948018
9.79476372141325,48.850726491109,528.412463046378
9.79352556566438,48.8502994558476,528.067905554689
9.79290674838985,48.8500860203979,527.895662281578
9.79228810476086,48.849872639711,527.723442650462
9.78055700810421,48.8458254146175,524.453026404614
9.77803257100989,48.8449542433537,523.748093657487
9.74939140422899,48.8350643286678,515.721110339925
9.72909437327127,48.8280490173428,510
9.69817431667492,48.8173514166332,501.231837635871
9.66165916214143,48.8047015089754,490.793867695779
9.62576208261852,48.7922482490917,480.443297181012
9.59046893473122,48.7799876002961,470.179032946135
9.5557659847512,48.7679156281669,460
9.53919972135262,48.7621470678121,455.110153799645
9.52276675145917,48.7564212660547,450.239855181777
9.50646562149089,48.7507378030953,445.388987165494
9.49029489798649,48.7450962642373,440.55743370145
9.47425316726466,48.7394962398138,435.745079662605
9.4583390350919,48.7339373251152,430.951810835079
9.44255112635699,48.7284191203181,426.177513909115
9.42688808475198,48.7229412304158,421.42207647015
9.41747919821356,48.7196490332927,418.556340878194
9.40811516456957,48.7163713417275,415.697432495386
9.39879569388501,48.7131080709495,412.845326953464
9.39415257908692,48.7114818168183,411.421817664446
9.38952049738269,48.7098591363737,410
9.35630007624269,48.6982130664048,399.307878836069
9.32360083704717,48.6867351107276,388.697138499809
9.29141172511044,48.6754220628126,378.166853394176
9.25972198251063,48.6642707916483,367.716111905669
9.23648706776014,48.6560860196916,360
9.22852110593534,48.6532782281888,357.344016141245
9.20721544672199,48.6457643083001,350.213610508655
9.19779893196161,48.6424413966336,347.049681671167
9.17836841487014,48.6355809205128,340.49665633665
9.14993768186912,48.6255334165343,330.84840112145
9.12191510011237,48.6156193877754,321.268118876023
9.08921866803726,48.6040382894848,310
9.0610618593408,48.5940534505334,300.217481876511
9.03331731311876,48.5842042276295,290.505624974055
9.00597687868479,48.5744881838227,280.863666446062
8.97903260909372,48.5649029363423,271.290854387338
8.9475070200089,48.5536753160672,260
8.92042493844379,48.5440193644727,250.221496159884
8.89374330489142,48.5344963720598,240.514923480173
8.86745413065076,48.5251039157525,230.879491175603
8.8415496283698,48.5158396271468,221.314420010072
8.82628534344867,48.5103763157161,215.644922069009
8.81115351150584,48.5049572558379,210
8.79669026038144,48.499774692754,204.581591531031
8.78226648428301,48.4946034141831,199.16578174378
8.75353674383511,48.4842945801099,188.341950740003
8.73808907006955,48.4787469409307,182.501932901358
8.72268670438739,48.473212306229,176.664936727765
8.69201714105047,48.4621818882758,165
8.68536014684865,48.459785966613,162.460614540196
8.65934048479639,48.450415364858,152.509498489537
8.63345020810623,48.4410821016271,142.567164179106
8.61806226892139,48.4355304796084,136.638571687629
8.59652439915168,48.4277546168819,128.316210957766
8.57507586821808,48.4200046474486,120
8.55497145853619,48.4127345811344,112.178010498598
8.52578839614272,48.4021715989659,100.775120697231
8.51093314310317,48.3967901314831,94.9483509011809
8.49612982174558,48.3914244413821,89.126912393105
8.48137817726426,48.3860744670148,83.3107978594423
8.46667795647691,48.3807401470256,77.5
8.45332160283935,48.375890887183,72.2074135776759
8.44000758596873,48.3710545399938,66.9192339716901
8.42673571752994,48.3662310596049,61.6354556803995
8.41350581027586,48.3614204003612,56.3560732113143
8.400140939433,48.3565582023763,51.0103056534594
8.38681877997303,48.3517090782449,45.6690413893526
8.37353914037794,48.3468729810655,40.3322747310044
8.36691520575582,48.3444598028983,37.6655762291114
8.36360719938916,48.3432544288835,36.332647874741
8.3619541851517,48.3426520453268,35.6662888829499
8.36030182972172,48.3420498639505,35
8.35642748272977,48.3406377554609,33.125
8.35616928328793,48.3405436404232,33
8.35255567626878,48.3392263647911,31.25
8.34481967496851,48.3364057348333,27.5
8.33709380591084,48.3335879699266,23.75
8.33323466476536,48.3321801605723,21.875
8.331306041454,48.3314765239436,20.9375
8.33034196647836,48.3311247726131,20.46875
8.32937804923777,48.3307730659277,20
8.3244727009038,48.3289830403255,17.3283812080545
8.3195718691109,48.3271943290751,14.6567624161089
8.31285759216267,48.3247432027788,10.9925718120812
8.30615178344972,48.3222945426838,7.32838120805445
8.29945442698471,48.3198483452136,3.66419060402677
8.29610891336017,48.3186261688471,1.83209530201384
8.29443694682902,48.3180153110608,0.916047651006011
8.29360116102501,48.3177099397427,0.458023825503005
8.2927655068206,48.3174046067985,0
