-76.13,-14.28,23.4
-76.1296128288655,-14.2795805474859,23.75
-76.1254619336343,-14.275083423294,27.5
-76.1213062158752,-14.2705808223956,31.25
-76.1192265458903,-14.2683274650465,33.125
-76.1171456670819,-14.2660727347559,35
-76.1162579025874,-14.2651107808481,35.6662888829499
-76.1153698123314,-14.2641484624513,36.332647874741
-76.1135926538704,-14.2622227314229,37.6655762291114
-76.1100344204837,-14.2583668870288,40.3322747310044
-76.1029022504102,-14.2506376255979,45.6690413893526
-76.0957490704546,-14.2428848505845,51.0103056534594
-76.0885747940296,-14.2351084618649,56.3560732113143
-76.0814747769875,-14.2274118267816,61.6354556803995
-76.0743540497751,-14.2196920040872,66.9192339716901
-76.0672125278593,-14.2119488959858,72.2074135776759
-76.060050126257,-14.204182404145,77.5
-76.0521691867014,-14.1956359095559,83.3107978594423
-76.0442629062396,-14.1870610268871,89.126912393105
-76.0363311708023,-14.1784576240839,94.9483509011809
-76.0283738656504,-14.1698255682923,100.775120697231
-76.0127483565729,-14.1528723987623,112.178010498598
-76.0019888993636,-14.1411966787488,120
-75.9905146484787,-14.1287434454505,128.316210957766
-75.9789973317659,-14.1162415544041,136.638571687629
-75.9707715719218,-14.1073114283723,142.567164179106
-75.9569371393295,-14.0922901555421,152.509498489537
-75.9430404435575,-14.0771984928621,162.460614540196
-75.9394861526213,-14.0733381229917,165
-75.9231169252125,-14.0555569001201,176.664936727765
-75.9148998400562,-14.046629558821,182.501932901358
-75.9066609983433,-14.0376776029599,188.341950740003
-75.8913447420712,-14.0210330465058,199.16578174378
-75.8836583580305,-14.0126787887755,204.581591531031
-75.875953048552,-14.0043031077133,210
-75.8678937693972,-13.9955417473057,215.644922069009
-75.859766239686,-13.986705244879,221.314420010072
-75.8459785520368,-13.9717126720686,230.879491175603
-75.8319928925259,-13.9565020379706,240.514923480173
-75.8178054106189,-13.9410690367257,250.221496159884
-75.803412160592,-13.9254092542407,260
-75.7866664052906,-13.9071862236387,271.290854387338
-75.7723618801107,-13.8916166053248,280.863666446062
-75.7578543005963,-13.8758229864608,290.505624974055
-75.7431397599661,-13.8598009890462,300.217481876511
-75.7282142558369,-13.8435461260865,310
-75.7108920614729,-13.8246771262155,321.268118876023
-75.6960542976685,-13.8085110082718,330.84840112145
-75.6810082166056,-13.792114723929,340.49665633665
-75.6707297306237,-13.7809120177863,347.049681671167
-75.665749835311,-13.775483800686,350.213610508655
-75.6544855706031,-13.7632041558932,357.344016141245
-75.6502751084976,-13.7586136930037,360
-75.637997643271,-13.7452267311541,367.716111905669
-75.6212609992471,-13.7269741781243,378.166853394176
-75.6042705274293,-13.7084407479987,388.697138499809
-75.5870210010391,-13.6896205585075,399.307878836069
-75.569507056144,-13.6705075701756,410
-75.5670654645887,-13.6678427143512,411.421817664446
-75.5646182626467,-13.665171650652,412.845326953464
-75.5597069585259,-13.6598108219524,415.697432495386
-75.5547730029914,-13.6544249258071,418.556340878194
-75.5498162547928,-13.6490138033866,421.42207647015
-75.5415665877218,-13.6400071391715,426.177513909115
-75.5332535131877,-13.6309302786568,430.951810835079
-75.5248763714214,-13.6217824795549,435.745079662605
-75.5164344939312,-13.612562989591,440.55743370145
-75.5079272033613,-13.6032710463393,445.388987165494
-75.4993538133485,-13.5939058770552,450.239855181777
-75.4907136283761,-13.5844666985049,455.110153799645
-75.4820059436244,-13.5749527167914,460
-75.4637735148865,-13.5550285890199,470.179032946135
-75.4452426467995,-13.5347735524922,480.443297181012
-75.4264067004375,-13.514180120947,490.793867695779
-75.4072588484355,-13.4932405917323,501.231837635871
-75.3910547274506,-13.4755162361651,510
-75.3804226249425,-13.4638846609466,515.721110339925
-75.365426197089,-13.4474758096384,523.748093657487
-75.364104776559,-13.4460297820871,524.453026404614
-75.3579648953513,-13.4393106044191,527.723442650462
-75.3576411420994,-13.4389562905354,527.895662281578
-75.357317301542,-13.4386018796438,528.067905554689
-75.3566693583845,-13.4378927666939,528.412463046378
-75.3553724230104,-13.4364733751238,529.101861948018
-75.354074087176,-13.435052427388,529.791639667362
-75.3527743488351,-13.4336299211731,530.481796516729
-75.350170656506,-13.4307802241127,531.863248856533
-75.3475613295016,-13.4279242652638,533.246221472873
-75.346978826611,-13.4272866916423,533.554754032585
-75.3463960426514,-13.4266488056507,533.863362308618
-75.3452296307983,-13.4253720957342,534.480806121155
-75.3428934262363,-13.4228149183768,535.716603569497
-75.3371938763485,-13.4165759507226,538.726620490491
-75.3314674445388,-13.4103071016832,541.743844590016
-75.3257139589964,-13.4040081768938,544.768301784382
-75.3199332465135,-13.3976789803796,547.800018114301
-75.3096174104179,-13.3863832057738,553.192741540924
-75.2965346271977,-13.3720555154754,560
-75.2699487529691,-13.3429325147298,573.724799718285
-75.2465163846024,-13.3172558420323,585.703166460287
-75.222644518788,-13.2910897655422,597.794365946859
-75.2214687903146,-13.2898008399183,598.386997236882
-75.2027161539957,-13.2692401512604,607.803266391352
-75.1983218796981,-13.2644214971504,610
-75.1973635630728,-13.2633705951142,610.478581138349
-75.176896857244,-13.2409235260208,620.658098913648
-75.1728045261206,-13.2364345275684,622.6840416075
-75.150561548015,-13.2120315187241,633.641205778202
-75.1477800269007,-13.2089794034512,635.004994961893
-75.1236961514282,-13.1825481357276,646.754516626808
-75.1222780298965,-13.1809915452838,647.44308825296
-75.0962861007659,-13.1524568132249,660
-75.0924600641863,-13.1482556917219,661.719773662561
-75.0886228034827,-13.1440420443426,663.442128107172
-75.0809144323293,-13.1355769702807,666.894602614602
-75.0731606252341,-13.1270611795117,670.357470241551
-75.0653610181168,-13.1184942580781,673.830777988988
-75.0521769047322,-13.1040112191487,679.679239165515
-75.0388611849497,-13.0893811974361,685.557420936635
-75.0383954362621,-13.0888694341233,685.762506287605
-75.0111150047672,-13.0588886123565,697.714649662011
-75.0108773202163,-13.0586273556992,697.818265601651
-74.996906182557,-13.0432692938596,703.893262828064
-74.9827910435055,-13.0277502375686,710
-74.9611708758342,-13.0039744369113,719.29425629553
-74.9392095024357,-12.9798169128223,728.662576868828
-74.9168995657408,-12.9552692733323,738.10585056905
-74.8942335044335,-12.9303228893761,747.624980525305
-74.8644996284173,-12.8975871037817,760
-74.856882204964,-12.8891987110408,763.151704332378
-74.8492469472371,-12.8807898939219,766.3058592348
-74.8339226959617,-12.8639107094913,772.621532191134
-74.8030576002756,-12.8299041779476,785.282411049003
-74.7882623497176,-12.813598534305,791.323321138095
-74.7734005120172,-12.7972165485813,797.373209296456
-74.743475398323,-12.764221554462,809.5
-74.7122406834474,-12.729769835861,822.080138932514
-74.6965150401662,-12.7124196072541,828.384305116467
-74.6807165838297,-12.694985723061,834.697897215213
-74.6502155023626,-12.6613178229991,846.831503704974
-74.6348628331069,-12.6443664609647,852.91138122816
-74.6194415107339,-12.6273361465676,859
-74.5873710181546,-12.5919094662266,871.60348931928
-74.5712254217777,-12.5740690755217,877.918955197763
-74.5550056274238,-12.556143229222,884.243595131338
-74.5238031123025,-12.5216489661982,896.354941210249
-74.5080985259215,-12.5042827516606,902.423247724747
-74.4923244843686,-12.4868364666745,908.5
-74.4594971812632,-12.4505185839603,921.087941193903
-74.4429720501236,-12.4322309606766,927.395103104456
-74.4263719680038,-12.4138567920219,933.711083816563
-74.3943496713803,-12.378402024815,945.839249902263
-74.3782335675887,-12.3605533717606,951.91554374812
-74.3620469194397,-12.3426231829948,958
-74.3284450262426,-12.305390985317,970.572443581608
-74.2945416848675,-12.2678099108573,983.178802118096
-74.2616783155769,-12.231367409587,995.323620858176
-74.2285296199479,-12.1945943688948,1007.5
-74.1940982111076,-12.1563833714885,1020.07004160769
-74.1593605941648,-12.1178171066509,1032.67290433428
-74.1256692899403,-12.0803976924896,1044.82116506304
-74.0916878198608,-12.0426412970011,1057
-74.056441453101,-12.0034639257666,1069.5546440837
-74.0208845826906,-11.9639254044416,1082.1409665081
-73.9863062565608,-11.9254596176955,1094.30565081738
-73.9514321103732,-11.8866494273808,1106.5
-73.91527408217,-11.8463942433341,1119.06540313811
-73.8787993070452,-11.8057697498885,1131.66158906888
-73.8076681799221,-11.7264980826627,1156
-73.7712947814012,-11.6859375406997,1168.33192261882
-73.7346110812746,-11.6450143027291,1180.69249676883
-73.6976132676928,-11.6037237385275,1193.08182241803
-73.6602974656987,-11.5620611394222,1205.5
-73.627585603935,-11.5255246514767,1216.32268603573
-73.5946301123962,-11.4887027398703,1227.16682464455
-73.5921879865478,-11.4859735671078,1227.96806731163
-73.5897445181609,-11.4832428208002,1228.76942721957
-73.5848535495448,-11.4777766024013,1230.37249886094
-73.5799571980106,-11.4723040742827,1231.97603977464
-73.5750554550272,-11.4668252260571,1233.58005016674
-73.5652357606881,-11.4558485278391,1236.78948021112
-73.5553943977202,-11.4448464239827,1240.00079064521
-73.5455312972139,-11.4338188305721,1243.21398312205
-73.5356463899645,-11.4227656633242,1246.42905929664
-73.5158108784951,-11.4005822700847,1252.86486936871
-73.5092160196833,-11.3932057311459,1255
-73.4907861657413,-11.3725886023434,1260.95463912357
-73.4722814099601,-11.3518835260498,1266.91556486065
-73.4537013122476,-11.3310899655714,1272.88278717215
-73.4443828710716,-11.3206598341725,1275.86876266185
-73.4350454277908,-11.3102073784912,1278.85631604003
-73.4331513991446,-11.3080870493561,1279.46176837359
-73.4312565878062,-11.3059658005643,1280.0672855322
-73.4121411316412,-11.2845635427185,1286.16558487831
-73.3929458552474,-11.2630674730271,1292.27046329956
-73.3543139189459,-11.2197915504341,1304.5
-73.3293158411095,-11.1917788607138,1312.37329995064
-73.3041835990277,-11.1636082692469,1320.25731532995
-73.2789161477696,-11.1352784992883,1328.15206802809
-73.2535124313677,-11.1067882603483,1336.05757999491
-73.1954748218921,-11.0416703105603,1354
-73.1812826561696,-11.0257406742722,1358.36264868231
-73.1445314806671,-10.9844791676625,1369.61505306817
-73.1074986615669,-10.9428853197585,1380.88870621486
-73.0701810515238,-10.9009552771428,1392.1836683677
-73.03257545528,-10.8586851267231,1403.5
-72.9907789040595,-10.811684780637,1416.00091043435
-72.9486275492796,-10.764264847262,1428.52728207025
-72.9182806606068,-10.7301120723897,1437.49595584382
-72.8654882544166,-10.670673445577,1453
-72.8148676955513,-10.6136499387884,1467.75058586692
-72.763739330028,-10.5560245730462,1482.53582354711
-72.7290258098192,-10.5168829154295,1492.51001140198
-72.6940763830935,-10.4774614126732,1502.5
-72.6056547033519,-10.3776636958058,1527.54507831142
-72.5511162663393,-10.3160646499148,1542.83118695309
-72.5181931788306,-10.2788631873317,1552
-72.4691705266494,-10.2234476287286,1565.57126913744
-72.4196956648421,-10.1674938511715,1579.170417641
-72.3788461063797,-10.1212745126057,1590.32581136295
-72.33768581296,-10.0746850274976,1601.5
-72.2447631339391,-9.96943738032124,1626.48639000535
-72.1691605571409,-9.88373793145893,1646.57372505332
-72.1523922582799,-9.8647218345401,1651
-72.1034480232988,-9.80919932832387,1663.8601754062
-72.0540735721382,-9.75316281236184,1676.74440637374
-72.008292218771,-9.70118101708358,1688.61198033775
-71.9621379588165,-9.64875333086158,1700.5
-71.864285114426,-9.53752587152822,1725.4548124004
-71.7729177630995,-9.43358011269076,1748.45502649824
-71.7667393445908,-9.42654799667345,1750
-71.7160182352911,-9.36880366366398,1762.63439076853
-71.6648552200144,-9.31052946493983,1775.29117016255
-71.6156338854219,-9.25444158666761,1787.3853461322
-71.566000096631,-9.19785879348519,1799.5
-71.4629394055093,-9.08028970066601,1824.39975341869
-71.4128809131235,-9.02314585830328,1836.37139519048
-71.3624053400194,-8.9655007068316,1848.36269448377
-71.3610594455238,-8.96396329580151,1848.68134029567
-71.3597132532242,-8.96242552670425,1849
-71.3333250021236,-8.93227835215682,1855.23500903794
-71.3068222176865,-8.90199343314263,1861.47531612652
-71.2534700592409,-8.84100667078748,1873.9718514899
-71.2007894526469,-8.78076033122679,1886.22570701501
-71.1476553142344,-8.71996809163606,1898.5
-71.0938450592609,-8.65837458891182,1910.84442848281
-71.0395681430153,-8.59621886903667,1923.2092043829
-70.9848184263667,-8.53349335697943,1935.59437804998
-70.9295896565237,-8.47019033851539,1948
-70.8767967937708,-8.40965261328802,1959.77676083581
-70.8235623587126,-8.34858225147214,1971.5719790383
-70.8204571787344,-8.34501918864494,1972.25753325194
-70.8173504895168,-8.34145430479241,1972.94314986794
-70.7895115902524,-8.30950556657505,1979.07486614926
-70.7615511975541,-8.27741021280258,1985.21157586195
-70.7334685053639,-8.24516724973618,1991.35328510815
-70.7052627000919,-8.21277567445076,1997.5
-70.6483096037836,-8.147348607978,2009.84502897631
-70.5908531432055,-8.08131354890841,2022.2100063482
-70.4744029105401,-7.94738590563302,2047
-70.410896132894,-7.87429708431338,2060.36870830591
-70.3557503018975,-7.81080203780291,2071.89234040359
-70.2367206123357,-7.6736610307624,2096.5
-70.1057675470638,-7.52264240285235,2123.16098513565
-69.9919024790783,-7.3912129200681,2146
-69.9858804955306,-7.38425900812487,2147.19913328747
-69.8638489170939,-7.24327835708444,2171.31202186828
-69.7396132101062,-7.09962728054275,2195.5
-69.675137053242,-7.02502632347769,2207.91232549126
-69.6100584343856,-6.94969508259551,2220.34447117778
-69.5483733027329,-6.87826144507667,2232.04013039989
-69.4794912149349,-6.79845874745129,2245
-69.3465857985092,-6.64438033314242,2269.71064065429
-69.2111466128547,-6.48722866977273,2294.5
-69.1549859772152,-6.42202533733478,2304.66492071891
-69.0983826488296,-6.35628493363602,2314.84316635167
-69.0732261847484,-6.32706025503404,2319.34536379588
-68.9341565196079,-6.1654197881021,2344
-68.7731213598884,-5.97808085599696,2372.0612614952
-68.6480659718031,-5.83247750892546,2393.5
-68.63543574305,-5.81776621509629,2395.64836841572
-68.6187968053512,-5.79838409976518,2398.47391666304
-68.6021203564495,-5.77895646538542,2401.3004964165
-68.5686543946681,-5.73996399582491,2406.95675270202
-68.5350367844393,-5.70078750447791,2412.61714179685
-68.5012664433645,-5.66142567872477,2418.28166823218
-68.4271949932338,-5.57506438003598,2430.63099049315
-68.3523826309913,-5.48780403605286,2443
-68.2001699672165,-5.31015780364494,2467.84827539613
-68.1237572806776,-5.22092417966192,2480.16420665138
-68.0465655944696,-5.13074567938442,2492.5
-67.8899311309176,-4.94765265539922,2517.20988262419
-67.7300269555426,-4.76059511309968,2542
-67.6386685983537,-4.6536605706089,2555.96968856544
-67.5462172844569,-4.54540164867655,2569.96536136428
-67.5439862444863,-4.54278858684426,2570.30136722411
-67.5417545634223,-4.54017474833614,2570.63738807489
-67.5372892768425,-4.53494473988925,2571.3094747533
-67.5283509976527,-4.52447538742448,2572.65382804564
-67.5104435491981,-4.50349926123482,2575.34325459725
-67.4745045617122,-4.4613966889819,2580.72498936814
-67.4021259393129,-4.37658513740302,2591.5
-67.3181542987388,-4.27815639044422,2603.89554466347
-67.2332724507984,-4.17862570707896,2616.31173760945
-67.1158343125077,-4.04086362651245,2633.30425228385
-67.0621571537825,-3.97787570032466,2641
-66.975410145066,-3.87605404226868,2653.34395023328
-66.8877049421721,-3.77307374010744,2665.70856565713
-66.7990243926104,-3.66891443175594,2678.09389820886
-66.7093508896838,-3.56355524468065,2690.5
-66.6734540951952,-3.52137012567809,2695.43330787115
-66.5920656282332,-3.42570502802071,2706.54938086619
-66.5098453519882,-3.32903578842723,2717.68249439006
-66.3428538199194,-3.13261934383734,2740
-66.3051985651741,-3.08831492693107,2744.97932763395
-66.2202985234068,-2.98840490135117,2756.13924688407
-66.1346262410621,-2.88756102574135,2767.30765889383
-66.0481698132498,-2.78576945381771,2778.48457336147
-65.9609170587377,-2.68301604189173,2789.67
-65.8932033746757,-2.60325662926113,2798.28585062775
-65.7302295426452,-2.41123555884966,2818.79348811137
-65.5644290196698,-2.21580839167046,2839.33
-65.4740569973361,-2.10925800337388,2850.3872878975
-65.3144795168417,-1.92106519370529,2869.68099414036
-65.2336940342849,-1.82577147464498,2879.33733150893
-65.1522313994205,-1.72966508963606,2889
-65.1512361098939,-1.72849080322511,2889.1000846569
-65.1502406556217,-1.72731632046578,2889.20017366278
-65.1482492526659,-1.72496676569718,2889.40036472264
-65.1442644678803,-1.72026529772137,2889.80079904268
-65.1362869729757,-1.71085291648968,2890.60187654757
-65.1203002028973,-1.69199028043376,2892.20486752515
-65.0881989064017,-1.65411276990006,2895.41419742546
-65.0234801446787,-1.57774277342646,2901.84628168333
-64.9580631059537,-1.50054104746286,2908.29632769777
-64.8919355059612,-1.42249322945203,2914.76441081194
-64.7652181394083,-1.27291396962668,2927.01472392131
-64.6358393332004,-1.12016879383888,2939.33
-64.4987617389111,-0.958310853251306,2952.17095087527
-64.4290895202415,-0.876035379512826,2958.61750086836
-64.3586433612343,-0.792840975771921,2965.08152815299
-64.2234170051679,-0.63313114929301,2977.33921702579
-64.0852776471601,-0.46996712955423,2989.66
-63.9389384011995,-0.297106552040351,3002.49571543133
-63.7892650809448,-0.120300093373158,3015.39890143113
-63.6445366877759,0.0506680174208313,3027.66381416945
-63.4965944474987,0.225431357678702,3039.99
-63.3398880023149,0.410541495222124,3052.81908434385
-63.1794945787525,0.599994793681113,3065.71352997519
-63.0240438263928,0.783592963711115,3077.98700900047
-62.8650131260261,0.971396641861151,3090.32
-62.6964782189708,1.17039303052343,3103.14955388861
-62.5238199412256,1.37421822713771,3116.04247592231
-62.3561903372249,1.57206186777943,3128.32235675033
-62.1845299529331,1.77460996544287,3140.66
-62.0025878896693,1.98922382851802,3153.48051912725
-61.8159837635555,2.2092580558573,3166.3623986169
-61.6343302974421,2.4233697009834,3178.6481624524
-61.4480766342024,2.6428078946041,3190.99
-61.0474315402556,3.11446670937691,3216.69183982688
-60.8494504845551,3.3473330452767,3228.97873402073
-60.6461363325153,3.58631544935725,3241.32
-60.2188290627614,4.08801992877908,3266.37483646147
-59.7663773993217,4.61831415691728,3291.65
-59.6000498929456,4.81299305853527,3300.62894076405
-59.4787936751595,4.9548227805796,3307.07193322699
-59.2822086312629,5.18458514539017,3317.33618064189
-58.8594217150513,5.67794086026791,3338.6688674973
-58.7919809609252,5.75653452608431,3341.98
-58.4966357419808,6.10036761540331,3356.19208780315
-58.1897895874893,6.45695264280967,3370.47067351015
-57.948230518882,6.73718765936638,3381.37088028597
-57.6990083797548,7.0258492691938,3392.31
-57.6977526457628,7.02730250002004,3392.36434000005
-57.4636233876476,7.29803487600913,3402.36247766525
-56.667139837052,8.21559413533193,3434.44472730291
-56.451351188158,8.46321477121436,3442.64
-55.7840644931815,9.22612486646684,3466.70910756626
-55.1603083965773,9.9351945283896,3487.5369695979
-54.989471873548,10.1286738123533,3492.97
-54.7921587891305,10.3517387687498,3499.1039710572
-53.6510241139809,11.6329867751543,3531.7293278752
-53.2015488618443,12.1333032400535,3543.3
-52.2953470685408,13.1340339953272,3564.56143118921
-51.232950239591,14.2928979433798,3586.15679406558
-50.8193155983054,14.7396877701714,3593.64
-50.5922643859866,14.9838548744028,3597.53542656682
-48.1241634782891,17.5858431240035,3630.78033222899
-46.5430463654394,19.1994351483198,3643.97
-43.4962938848697,22.1822415401588,3653.61690339855
-40.3186771876561,25.1059755096908,3643.97
-38.5600491401726,26.6392589783382,3630.78033222899
-35.6513724422495,29.0410206051665,3597.53542656682
-35.3732673476135,29.2619013632377,3593.64
-34.8619066055012,29.6640678941086,3586.15679406558
-33.5200781395457,30.6949804960504,3564.56143118921
-32.3423870172368,31.5708831819752,3543.3
-31.7466629817157,32.0037440273089,3531.7293278752
-30.1989058587123,33.0966527251824,3499.1039710572
-29.9260644097832,33.2846054316237,3492.97
-29.688575821563,33.4470651003427,3487.5369695979
-28.8114660836307,34.0379336285057,3466.70910756626
-27.8555840133224,34.6656335877442,3442.64
-27.5425434508201,34.8675532600135,3434.44472730291
-26.3703126775844,35.6078819997456,3402.36247766525
-26.0206703648189,35.8239177964703,3392.36434000005
-26.0187888510484,35.8250744408574,3392.31
-25.6440499263553,36.0541879491646,3381.37088028597
-25.2783206257421,36.2753961596911,3370.47067351015
-24.8101642670771,36.5551234749057,3356.19208780315
-24.355757395054,36.822974480216,3341.98
-24.2514718182618,36.8839398875742,3338.6688674973
-23.5932542885303,37.2644056023467,3317.33618064189
-23.2845799554427,37.4402683663055,3307.07193322699
-23.093354424025,37.548402304626,3300.62894076405
-22.8300168828058,37.6962991545759,3291.65
-22.1076180468537,38.0960201583875,3266.37483646147
-21.4172179977009,38.469903521852,3241.32
-21.0859405890366,38.6465131177398,3228.97873402073
-20.7616272618517,38.8176702072142,3216.69183982688
-20.1001190677245,39.1614892654521,3190.99
-19.7902197598686,39.3201354837375,3178.6481624524
-19.4865234908882,39.4741175795323,3166.3623986169
-19.1730593713098,39.6315157906185,3153.48051912725
-18.8659728744412,39.7842069862413,3140.66
-18.5749252259843,39.9275566318598,3128.32235675033
-18.2894810837229,40.0668618118087,3116.04247592231
-17.9942043351556,40.2096344636237,3103.14955388861
-17.7047384716058,40.3482907705542,3090.32
-17.4304742085114,40.4784784305049,3077.98700900047
-17.1613325420318,40.6051177170216,3065.71352997519
-16.8825458417927,40.7351350462304,3052.81908434385
-16.609103098383,40.861519291099,3039.99
-16.34998988349,40.9802434346399,3027.66381416945
-16.0956021353623,41.0958257180324,3015.39890143113
-15.831585157324,41.2147649432234,3002.49571543133
-15.5725299605989,41.3304660043195,2989.66
-15.3271586793229,41.4391440071395,2977.33921702579
-15.0861812878809,41.54501706327,2965.08152815299
-14.960338991269,41.5999687735963,2958.61750086836
-14.8356740302255,41.6541791791391,2952.17095087527
-14.5898056843173,41.7604341137072,2939.33
-14.3570249184892,41.8602283509987,2927.01472392131
-14.1283557875864,41.9575013307793,2914.76441081194
-14.0087592650535,42.008077904108,2908.29632769777
-13.8902692283588,42.0579851401779,2901.84628168333
-13.7728694671024,42.1072359052165,2895.41419742546
-13.7145734433092,42.1316190517659,2892.20486752515
-13.6855255440815,42.1437507392704,2890.60187654757
-13.6710265173038,42.1498016947002,2889.80079904268
-13.6637832215262,42.1528234606608,2889.40036472264
-13.6601631264072,42.1543334169893,2889.20017366278
-13.6583534668363,42.1550881636513,2889.1000846569
-13.6565440658471,42.1558427560393,2889
-13.5083092945921,42.2175050302251,2879.33733150893
-13.3610366888424,42.2784594166426,2869.68099414036
-13.0693378830287,42.3982884149523,2850.3872878975
-12.9036804532272,42.4658086016564,2839.33
-12.5988923100592,42.5890363471286,2818.79348811137
-12.2982132951033,42.7093387471649,2798.28585062775
-12.1729692240989,42.7590806099289,2789.67
-12.01131333363,42.8229645453387,2778.48457336147
-11.8508314527311,42.8860297490111,2767.30765889383
-11.6915101325364,42.948290327819,2756.13924688407
-11.5333361655264,43.009760070009,2744.97932763395
-11.463090351985,43.0369499341254,2740
-11.1508909012897,43.1569828942407,2717.68249439006
-10.9967713933386,43.2157526311064,2706.54938086619
-10.843949488437,43.273712036113,2695.43330787115
-10.7764641355991,43.2992068453092,2690.5
-10.60765955752,43.3627113644492,2678.09389820886
-10.4404161771071,43.4252534039864,2665.70856565713
-10.2747121774802,43.4868527171745,2653.34395023328
-10.1105261926889,43.5475285311976,2641
-10.008786393999,43.5849481089786,2633.30425228385
-9.78580866707566,43.6664813421118,2616.31173760945
-9.62431714210571,43.7251237790889,2603.89554466347
-9.46428791808687,43.7828983235814,2591.5
-9.32613798049591,43.8325049925992,2580.72498936814
-9.25746738506072,43.8570706341609,2575.34325459725
-9.22323249385033,43.8692946297095,2572.65382804564
-9.20614006470171,43.8753919951439,2571.3094747533
-9.19760009363759,43.8784370289737,2570.63738807489
-9.19333166766023,43.8799586348135,2570.30136722411
-9.18906428088368,43.8814796337057,2569.96536136428
-9.0120653663195,43.9443582332479,2555.96968856544
-8.83684515048007,44.0062056698051,2542
-8.52941186351279,44.1137644242966,2517.20988262419
-8.22735139510672,44.2182634437668,2492.5
-8.07816167206273,44.2694468388612,2480.16420665138
-7.93026424079338,44.3199077194536,2467.84827539613
-7.63502684011222,44.4198112223195,2443
-7.48961319769496,44.4686127900216,2430.63099049315
-7.34544305294155,44.5167347734047,2418.28166823218
-7.27964893912905,44.5386093490212,2412.61714179685
-7.21411228304061,44.5603444783441,2406.95675270202
-7.14883160720946,44.5819413500187,2401.3004964165
-7.11628680161674,44.5926883077545,2398.47391666304
-7.08380544247306,44.6034011409593,2395.64836841572
-7.05914310096122,44.611526361733,2393.5
-6.81465271265294,44.6916664259159,2372.0612614952
-6.49901809932967,44.7940306105571,2344
-6.22571767075836,44.8816729065014,2319.34536379588
-6.17620945153331,44.8974511199222,2314.84316635167
-6.06473477484873,44.9328680762676,2304.66492071891
-5.9540246784395,44.9678917363616,2294.5
-5.68659516091087,45.0518779971489,2269.71064065429
-5.42357354938366,45.1336330414095,2245
-5.28702512489066,45.1757465935585,2232.04013039989
-5.16461136490527,45.2133098030247,2220.34447117778
-5.03532855441763,45.2527852231889,2207.91232549126
-4.90710692166803,45.2917386307259,2195.5
-4.65966545924303,45.3663550583314,2171.31202186828
-4.41613390028213,45.4390804293232,2147.19913328747
-4.40410394022959,45.4426546624948,2146
-4.17642381192893,45.509977891025,2123.16098513565
-3.91407455160471,45.5867939215339,2096.5
-3.67515306643566,45.6560467307167,2071.89234040359
-3.56431518763083,45.6879468608131,2060.36870830591
-3.43655833238434,45.72453853925,2047
-3.20197962574775,45.7912311711691,2022.2100063482
-3.08608955312901,45.8239439975447,2009.84502897631
-2.97111831335224,45.8562438862864,1997.5
-2.91414386450714,45.8721936380951,1991.35328510815
-2.85739491042376,45.888043038134,1985.21157586195
-2.80087017982453,45.903792920703,1979.07486614926
-2.7445684110786,45.9194441113951,1972.94314986794
-2.73828400177402,45.9211888364606,1972.25753325194
-2.73200236516141,45.9229323378785,1971.5719790383
-2.62426805814208,45.9527639856887,1959.77676083581
-2.51734655624303,45.9822388674688,1948
-2.4054059649158,46.0129570423554,1935.59437804998
-2.29435043533077,46.0432907892457,1923.2092043829
-2.18417004143198,46.0732464462012,1910.84442848281
-2.07485500599911,46.1028302206107,1898.5
-1.96683393335165,46.1319304043439,1886.22570701501
-1.8596573262958,46.1606722824626,1873.9718514899
-1.7510362626001,46.1896688328282,1861.47531612652
-1.69704944261686,46.2040310760637,1855.23500903794
-1.64327681958009,46.2183036271884,1849
-1.64053310796295,46.2190309996869,1848.68134029567
-1.63778995386713,46.2197581395063,1848.36269448377
-1.53487682869286,46.246976491857,1836.37139519048
-1.43274584391713,46.2738701096453,1824.39975341869
-1.22226589079784,46.3289252216794,1799.5
-1.12079822997988,46.3552887451223,1787.3853461322
-1.02010947523725,46.3813361403056,1775.29117016255
-0.915381345536716,46.4083084797752,1762.63439076853
-0.811490401387402,46.4349445131546,1750
-0.798830719992466,46.4381820539029,1748.45502649824
-0.611502645610869,46.485880660953,1725.4548124004
-0.410641028873343,46.5365933574569,1700.5
-0.315816637964545,46.5603793389098,1688.61198033775
-0.221705685518643,46.5838883559546,1676.74440637374
-0.120150109081365,46.6091477038718,1663.8601754062
-0.0194199882139969,46.6340898039761,1651
0.0151036918462211,46.6426127028751,1646.57372505332
0.170844434033967,46.6808982912724,1626.48639000535
0.36245367751998,46.7276376382096,1601.5
0.447393368664152,46.748228948616,1590.32581136295
0.531731508215259,46.7685967452698,1579.170417641
0.633930061966097,46.7931742841347,1565.57126913744
0.735250902235805,46.8174288859369,1552
0.803328184860717,46.8336630449792,1542.83118695309
0.916155900928203,46.8604583062174,1527.54507831142
1.09922455069152,46.9036426070768,1502.5
1.17163269149528,46.920623418988,1492.51001140198
1.24357914714147,46.937440118127,1482.53582354711
1.34959542534241,46.9621189643802,1467.75058586692
1.45461555561586,46.9864471065509,1453
1.56420119000859,47.0117069971371,1437.49595584382
1.6272221385687,47.0261754289212,1428.52728207025
1.71479014692517,47.0462090393023,1416.00091043435
1.80165857329386,47.0660018443276,1403.5
1.87984835905134,47.0837485502767,1392.1836683677
1.95746882158019,47.1013017539135,1380.88870621486
2.03452573112099,47.1186642411165,1369.61505306817
2.11102478189297,47.1358387479485,1358.36264868231
2.14057381739265,47.1424560892789,1354
2.26145501232033,47.1694305522161,1336.05757999491
2.31438769326685,47.1811937797616,1328.15206802809
2.36704941028687,47.19286743807,1320.25731532995
2.41944209255202,47.2044524293269,1312.37329995064
2.47156765139931,47.2159496444216,1304.5
2.55214680064921,47.2336665064273,1292.27046329956
2.59219563898414,47.2424465963516,1286.16558487831
2.63208516408051,47.2511750011648,1280.0672855322
2.6360395876177,47.252039375427,1279.46176837359
2.63999244817339,47.2529032438924,1278.85631604003
2.65948083360837,47.257159887653,1275.86876266185
2.67893126275908,47.2614042648527,1272.88278717215
2.71771866054416,47.269856406256,1266.91556486065
2.75635546224147,47.2782600409203,1260.95463912357
2.79484248027003,47.2866155375786,1255
2.80861610449377,47.2896020074091,1252.86486936871
2.85004841446826,47.2985736008406,1246.42905929664
2.8706987826702,47.3030384410809,1243.21398312205
2.89130546391893,47.3074893870942,1240.00079064521
2.91186858659415,47.3119264962537,1236.78948021112
2.93238827858642,47.3163498256375,1233.58005016674
2.94263187810947,47.3185563407134,1231.97603977464
2.95286466769981,47.3207594321168,1230.37249886094
2.96308666320731,47.3229591069005,1228.76942721957
2.96819361814973,47.3240576652642,1227.96806731163
2.97329788050139,47.3251553721095,1227.16682464455
3.04218887264523,47.3399442329106,1216.32268603573
3.11059083357064,47.3545791037084,1205.5
3.18864430173112,47.371219362096,1193.08182241803
3.26605817378775,47.3876605977964,1180.69249676883
3.34283970286391,47.4039059628678,1168.33192261882
3.41899603585722,47.4199585473987,1156
3.56799505289013,47.4511912516158,1131.66158906888
3.64443419643978,47.4671249445572,1119.06540313811
3.72023277161831,47.4828654446654,1106.5
3.7933616551435,47.4979953013396,1094.30565081738
3.86589111302401,47.512946638314,1082.1409665081
3.94049462013346,47.5282689570215,1069.5546440837
4.01446799157311,47.5434052805205,1057
4.08580661100441,47.5579491818741,1044.82116506304
4.15655524883762,47.5723211695727,1032.67290433428
4.22952086946742,47.5870897152549,1020.07004160769
4.30186299646853,47.6016781861112,1007.5
4.37152843967738,47.6156762272589,995.323620858176
4.44061186880869,47.6295082987349,983.178802118096
4.51189970245503,47.6437306150319,970.572443581608
4.5825718026568,47.6577788832946,958
4.61662223823099,47.6645292775971,951.91554374812
4.6505283787881,47.6712393237967,945.839249902263
4.71791111454763,47.6845396507277,933.711083816563
4.75284803110989,47.6914174736954,927.395103104456
4.78763144355482,47.6982527433826,921.087941193903
4.85674143816533,47.711797018948,908.5
4.88995575691696,47.7182891467827,902.423247724747
4.92302758918029,47.7247422969532,896.354941210249
4.9887471280266,47.7375329065314,884.243595131338
5.02291545809445,47.7441655876231,877.918955197763
5.0569313889921,47.7507569356666,871.60348931928
5.12450975893843,47.7638169998427,859
5.1570107007811,47.7700816122114,852.91138122816
5.18937042049808,47.7763083916336,846.831503704974
5.253669536191,47.7886496655441,834.697897215213
5.28697945396479,47.7950265978395,828.384305116467
5.32013942264554,47.8013636999504,822.080138932514
5.38601318818284,47.8139197353463,809.5
5.44913802039888,47.8259107660011,797.373209296456
5.48049267041972,47.8318518969103,791.323321138095
5.5117099140725,47.8377571613027,785.282411049003
5.57684354907765,47.8500467144237,772.621532191134
5.60918673106663,47.8561334475123,766.3058592348
5.62530282158636,47.85916244576,763.151704332378
5.64138206565052,47.8621819187967,760
5.7041534244125,47.87394471665,747.624980525305
5.75201193770275,47.8828864154591,738.10585056905
5.79912526245896,47.8916664539478,728.662576868828
5.84550900196466,47.9002887995035,719.29425629553
5.89117834730152,47.9087572965483,710
5.92099777724391,47.9142754691786,703.893262828064
5.95051556558074,47.9197290619964,697.818265601651
5.95101776024273,47.9198217701658,697.714649662011
6.00866243370137,47.9304465724399,685.762506287605
6.00964666366968,47.9306276928706,685.557420936635
6.03778690921968,47.9358020369101,679.679239165515
6.06565127913481,47.9409178614807,673.830777988988
6.08213664838343,47.9439408821293,670.357470241551
6.09852598497839,47.9469436039724,666.894602614602
6.1148200429045,47.9499262126961,663.442128107172
6.12293157770723,47.951410032399,661.719773662561
6.13101957219151,47.9528888924782,660
6.18596973665446,47.9629190576457,647.44308825296
6.18896806663319,47.9634654829001,646.754516626808
6.2398923789878,47.9727324128531,635.004994961893
6.24577425173509,47.9738011000521,633.641205778202
6.29281325530145,47.9823353025542,622.6840416075
6.30146830201144,47.9839031733536,620.658098913648
6.34475731019623,47.9917338373583,610.478581138349
6.34678436600123,47.9921000600641,610
6.35607939113133,47.9937788439569,607.803266391352
6.39574870832546,48.0009339045247,598.386997236882
6.39823598624048,48.0013820078597,597.794365946859
6.4487410300341,48.0104676074222,585.703166460287
6.49832290853242,48.0193624951602,573.724799718285
6.55458539589559,48.0294263243226,560
6.58227497004061,48.0343677097282,553.192741540924
6.60410974836064,48.0382589092637,547.800018114301
6.61634590609258,48.0404374626008,544.768301784382
6.6285248195952,48.0426043510742,541.743844590016
6.64064684920965,48.0447596596945,538.726620490491
6.65271235241501,48.0469034726877,535.716603569497
6.65765802450946,48.0477818090331,534.480806121155
6.66012730566523,48.0482202552179,533.863362308618
6.66136105885199,48.0484392981268,533.554754032585
6.66259422094919,48.0486582210321,533.246221472873
6.66811823002973,48.0496387119593,531.863248856533
6.67363038891588,48.050616798386,530.481796516729
6.67638203531801,48.0511049424378,529.791639667362
6.67913073199801,48.0515924883744,529.101861948018
6.68187648321513,48.0520794371947,528.412463046378
6.68324825561398,48.0523226879995,528.067905554689
6.68393386624197,48.0524442575549,527.895662281578
6.68461929324329,48.0525657898994,527.723442650462
6.6976184350974,48.0548697738115,524.453026404614
6.70041615724094,48.0553654268328,523.748093657487
6.73216812008931,48.0609852744306,515.721110339925
6.75468104894939,48.0649638432565,510
6.78899491536987,48.0710182770628,501.231837635871
6.82954626116027,48.0781582658735,490.793867695779
6.86944107342788,48.0851668046021,480.443297181012
6.90869358792368,48.0920471702979,470.179032946135
6.94731765279433,48.098802536999,460
6.96576553626825,48.1020238876232,455.110153799645
6.98407123742487,48.1052170933941,450.239855181777
7.0022362276594,48.108382488379,445.388987165494
7.02026195919663,48.111520401628,440.55743370145
7.03814986539288,48.1146311572656,435.745079662605
7.05590136103237,48.1177150745791,430.951810835079
7.07351784261797,48.1207724681064,426.177513909115
7.09100068865692,48.1238036477212,421.42207647015
7.10150547068544,48.1256235219443,418.556340878194
7.11196220886463,48.1274339942225,415.697432495386
7.122371198435,48.1292351306117,412.845326953464
7.12755787981564,48.1301322184482,411.421817664446
7.13273273372214,48.1310269968169,410
7.16985467655164,48.1374379887157,399.307878836069
7.20641932416565,48.1437394875263,388.697138499809
7.24243788187273,48.1499340257822,378.166853394176
7.27792127214238,48.1560240621625,367.716111905669
7.30395258531379,48.1604839701725,360
7.31288017974401,48.1620119903378,357.344016141245
7.33676509650969,48.1660962148084,350.213610508655
7.34732495374246,48.167900123243,347.049681671167
7.36912125691312,48.1716200604261,340.49665633665
7.40102952941515,48.1770573867632,330.84840112145
7.43249824988366,48.1824100350327,321.268118876023
7.46923886159504,48.188647122735,310
7.50089844422291,48.1940110489538,300.217481876511
7.53211268151485,48.1992899149503,290.505624974055
7.56288995917119,48.2044855472171,280.863666446062
7.59323846477233,48.2095997227784,271.290854387338
7.62876879403878,48.2155756682745,260
7.65930983660752,48.2207025895651,250.221496159884
7.68941618631422,48.2257476190821,240.514923480173
7.71909612121193,48.2307125273928,230.879491175603
7.74835772164873,48.2355990367852,221.314420010072
7.76560760292421,48.2384757468737,215.644922069009
7.78271323432926,48.2413255338607,210
7.7990681347554,48.2440475803879,204.581591531031
7.81538340968615,48.2467604325503,199.16578174378
7.84789562042002,48.2521587207113,188.341950740003
7.86538530593468,48.25505842484,182.501932901358
7.8828294190108,48.2579476041834,176.664936727765
7.9175815923021,48.2636945938301,165
7.92512773571463,48.2649409502006,162.460614540196
7.95463300366653,48.2698088565721,152.509498489537
7.984007778684,48.2746468163459,142.567164179106
8.00147440927375,48.2775195509459,136.638571687629
8.02593135035787,48.2815369943208,128.316210957766
8.05029799290557,48.2855338203163,120
8.07314774246618,48.2892765883533,112.178010498598
8.10633325413431,48.2947033090629,100.775120697231
8.12323381125391,48.2974628913562,94.9483509011809
8.14008059784469,48.3002109329173,89.126912393105
8.15687385020409,48.3029474992163,83.3107978594423
8.17361380329642,48.3056726552569,77.5
8.18882795892901,48.3081470620011,72.2074135776759
8.20399819082995,48.3106120885392,66.9192339716901
8.21912467414896,48.3130677831203,61.6354556803995
8.23420758313927,48.315514193682,56.3560732113143
8.24944866933218,48.3179840189914,51.0103056534594
8.26464536112016,48.3204444075377,45.6690413893526
8.27979783708516,48.3228954082496,40.3322747310044
8.28735754995141,48.3241174034132,37.6655762291114
8.29113328475981,48.3247275273401,36.332647874741
8.29302012296176,48.3250323712192,35.6662888829499
8.2949062754857,48.3253370698339,35
8.29932735473754,48.3260511382119,33.125
8.30374590096027,48.3267646082199,31.25
8.31257540296073,48.3281897558635,27.5
8.3213947987478,48.3296125182311,23.75
8.32221742732655,48.3297451878776,23.4
8.32580071219462,48.3303230066405,21.875
8.32800272374695,48.3306780279491,20.9375
8.32910349334782,48.3308554829166,20.46875
8.33020410554317,48.3310329007736,20
8.33580444474414,48.3319354894771,17.3283812080545
8.3414002147518,48.332837038356,14.6567624161089
8.34906752963403,48.3340718466873,10.9925718120812
8.35672627426976,48.3353047064184,7.32838120805445
8.36437646294112,48.3365356218086,3.66419060402677
8.36819835324476,48.3371503517037,1.83209530201384
8.37010849816686,48.3374575349332,0.916047651006011
8.37106337066774,48.3376110811473,0.458023825503005
8.37201810989876,48.3377645971054,0
