123.19,-0.39,26
123.188718491072,-0.388417162199183,27.5
123.185512037769,-0.384456752878374,31.25
123.183907373233,-0.382474770398006,33.125
123.18230174895,-0.380491601281789,35
123.181618072799,-0.379647165859393,35.6662888829499
123.180934141511,-0.378802415088994,36.332647874741
123.179565512997,-0.377111966850968,37.6655762291114
123.176825188494,-0.373727278996401,40.3322747310044
123.17133223974,-0.366942700963781,45.6690413893526
123.165822833826,-0.360137782258464,51.0103056534594
123.16029690173,-0.353312437760597,56.3560732113143
123.154827893759,-0.346557389877385,61.6354556803995
123.149342659874,-0.339782287699804,66.9192339716901
123.143841132672,-0.332987048113716,72.2074135776759
123.138323244386,-0.326171587558061,77.5
123.132251477509,-0.318671985607408,83.3107978594423
123.126159850772,-0.311147838989595,89.126912393105
123.120048273191,-0.303599035524896,94.9483509011809
123.113916653234,-0.296025462368196,100.775120697231
123.10187519319,-0.281152211533718,112.178010498598
123.093582887347,-0.270909774277889,120
123.084738987642,-0.259985997533226,128.316210957766
123.075861148292,-0.249020274098979,136.638571687629
123.069520066891,-0.241187886693713,142.567164179106
123.058854507429,-0.228013956533453,152.509498489537
123.04813986227,-0.2147793642678,162.460614540196
123.04539925465,-0.211394195928245,165
123.032776515365,-0.195802702610255,176.664936727765
123.026439538487,-0.187975311417247,182.501932901358
123.020085402298,-0.180126715806493,188.341950740003
123.008271857949,-0.165534664381832,199.16578174378
123.002342795713,-0.15821109515692,204.581591531031
122.996398802325,-0.150869076103143,210
122.990181562347,-0.143189535901637,215.644922069009
122.983911479475,-0.135444717193233,221.314420010072
122.973274358633,-0.122305709755373,230.879491175603
122.96248394079,-0.108977331906192,240.514923480173
122.951537233016,-0.095455887963775,250.221496159884
122.940431168138,-0.0817375906834863,260
122.927509125241,-0.0657761677828544,271.290854387338
122.91647025062,-0.0521408403093517,280.863666446062
122.905274084333,-0.0383112166091447,290.505624974055
122.893917588443,-0.0242835460344836,300.217481876511
122.882397650425,-0.0100539859773797,310
122.869027093658,0.00646148156920666,321.268118876023
122.857573538817,0.0206090449999641,330.84840112145
122.845958554824,0.0349560041685583,340.49665633665
122.838023606724,0.0447573383143132,347.049681671167
122.83417904352,0.0495061833704241,350.213610508655
122.825482588971,0.0602481323706459,357.344016141245
122.822231857404,0.0642634676336847,360
122.81275263351,0.0759722922509151,367.716111905669
122.79982988897,0.0919345714452804,378.166853394176
122.786710378436,0.108139878195806,388.697138499809
122.773390034323,0.124593232400905,399.307878836069
122.759864681967,0.141299785854847,410
122.757980531294,0.143627091645108,411.421817664446
122.756092039722,0.145959758689038,412.845326953464
122.752301980306,0.150641242656053,415.697432495386
122.748494394555,0.155344372473261,418.556340878194
122.74466917294,0.160069283311935,421.42207647015
122.738302636919,0.167933217324735,426.177513909115
122.731887037485,0.175857745880274,430.951810835079
122.725421863007,0.183843500338756,435.745079662605
122.718906595083,0.191891120401463,440.55743370145
122.71234070843,0.200001254244895,445.388987165494
122.705723670773,0.208174558657496,450.239855181777
122.699054942731,0.216411699178957,455.110153799645
122.692333977701,0.224713350242194,460
122.678260957049,0.242096126368201,470.179032946135
122.663956963208,0.259764136322952,480.443297181012
122.64941684727,0.277723732367166,490.793867695779
122.634635314064,0.295981446822344,501.231837635871
122.62212574343,0.3114328378692,510
122.613917518338,0.321571322469477,515.721110339925
122.602339601463,0.335871875378764,523.748093657487
122.601319386803,0.337131998718684,524.453026404614
122.596578996664,0.342987110067677,527.723442650462
122.59632903617,0.343295849482604,527.895662281578
122.596079008091,0.343604672349767,528.067905554689
122.595578749077,0.344222568561579,528.412463046378
122.59457741894,0.345459363744614,529.101861948018
122.59357500466,0.346697497580426,529.791639667362
122.592571504652,0.347936972026397,530.481796516729
122.590561241139,0.350419950525661,531.863248856533
122.588546615591,0.35290831504468,533.246221472873
122.588096871523,0.353463816137765,533.554754032585
122.587646909867,0.354019585897033,533.863362308618
122.586746333225,0.355131932109978,534.480806121155
122.584942562648,0.357359856211626,535.716603569497
122.580541932897,0.362795280382769,538.726620490491
122.576120492149,0.368256400459809,541.743844590016
122.571678107141,0.373743380786838,544.768301784382
122.567214643523,0.379256387041318,547.800018114301
122.559249333992,0.389094642983695,553.192741540924
122.549147287907,0.401572019377885,560
122.528617777077,0.426928550201356,573.724799718285
122.510522435407,0.4492783919371,585.703166460287
122.492086789139,0.472048362495266,597.794365946859
122.491178779975,0.473169844691531,598.386997236882
122.476695917831,0.491057563119122,607.803266391352
122.473302092844,0.495249243011428,610
122.472561953218,0.49616338125742,610.478581138349
122.456754497362,0.515686913648344,620.658098913648
122.453593708638,0.519590733662783,622.6840416075
122.436413477059,0.540809543176132,633.641205778202
122.434265007819,0.543463041995735,635.004994961893
122.415661939705,0.56643890630153,646.754516626808
122.414566515385,0.567791811202897,647.44308825296
122.394488586743,0.592588926072364,660
122.391538366893,0.59623255132162,661.719773662561
122.388579486688,0.599886865981012,663.442128107172
122.382635608475,0.607227732024914,666.894602614602
122.376656673094,0.61461186800605,670.357470241551
122.370642399961,0.622039619651347,673.830777988988
122.360476089076,0.634595160448785,679.679239165515
122.35020823782,0.647276022923073,685.557420936635
122.349849094502,0.647719565721981,685.762506287605
122.328812772624,0.673699287893074,697.714649662011
122.328629489806,0.67392563939783,697.818265601651
122.317856067326,0.687230603648232,703.893262828064
122.30697154974,0.700672668214437,710
122.290299631959,0.721261805459422,719.29425629553
122.273364495213,0.742175754101848,728.662576868828
122.256160473472,0.763421491764575,738.10585056905
122.238681744612,0.785006187566698,747.624980525305
122.215752624076,0.813321188701266,760
122.2098783715,0.82057517554977,763.151704332378
122.203990157044,0.827846368562554,766.3058592348
122.192171657778,0.842440598930548,772.621532191134
122.168365070005,0.87183803589558,785.282411049003
122.156952127597,0.885931031599913,791.323321138095
122.14548703765,0.90008827709625,797.373209296456
122.122399085428,0.928597142220992,809.5
122.098297350517,0.958357168449615,822.080138932514
122.08616161074,0.97334172050676,828.384305116467
122.073968795284,0.98839656843863,834.697897215213
122.05042639539,1.01746458552631,846.831503704974
122.038575123984,1.03209719707763,852.91138122816
122.026670021097,1.04679609364521,859
122.001909236908,1.07736695025175,871.60348931928
121.989442270248,1.09275896078404,877.918955197763
121.976917085631,1.10822263763559,884.243595131338
121.952819403704,1.13797319152619,896.354941210249
121.940689471379,1.15294827535551,902.423247724747
121.928505025727,1.16799044833801,908.5
121.903145215997,1.19929743285536,921.087941193903
121.890377757327,1.21505865292082,927.395103104456
121.877551427316,1.23089230277141,933.711083816563
121.852806146058,1.26143876718663,945.839249902263
121.840351049962,1.27681342650047,951.91554374812
121.827840526866,1.29225625944161,958
121.801866990439,1.3243168676252,970.572443581608
121.775656450736,1.35666890569265,983.178802118096
121.750246101974,1.38803216014185,995.323620858176
121.724611356573,1.41967126123592,1007.5
121.697980635689,1.45253840414062,1020.07004160769
121.671108928502,1.48570168072345,1032.67290433428
121.645042645238,1.51786969341244,1044.82116506304
121.618747932069,1.55031832011498,1057
121.591470271329,1.58397854324729,1069.5546440837
121.563947998445,1.61793914195749,1082.1409665081
121.537179023814,1.65096877374731,1094.30565081738
121.510176935544,1.68428456224857,1106.5
121.48217642359,1.71883063009644,1119.06540313811
121.453926141738,1.75368317276441,1131.66158906888
121.398821111236,1.8216615874921,1156
121.370636223313,1.85642828171192,1168.33192261882
121.342206402808,1.89149526555929,1180.69249676883
121.313528605663,1.92686621046001,1193.08182241803
121.284599737428,1.96254484692666,1205.5
121.259236260998,1.99382454125409,1216.32268603573
121.233680308026,2.02534001129807,1227.16682464455
121.2317863735,2.02767553712554,1227.96806731163
121.229891378182,2.03001236211854,1228.76942721957
121.226098201788,2.0346899136663,1230.37249886094
121.222300772025,2.03937267414772,1231.97603977464
121.218499082077,2.04406065176428,1233.58005016674
121.210882894425,2.05345229111801,1236.78948021112
121.203249583868,2.06286489785466,1240.00079064521
121.195599095346,2.07229853819983,1243.21398312205
121.187931373565,2.08175327865413,1246.42905929664
121.172544009021,2.10072632584687,1252.86486936871
121.167427775206,2.10703464865599,1255
121.153129302308,2.12466432330208,1260.95463912357
121.138771601423,2.14236648662142,1266.91556486065
121.124354320701,2.16014156123562,1272.88278717215
121.117123226734,2.16905657379283,1275.86876266185
121.109877104597,2.17798997413087,1278.85631604003
121.108407249912,2.17980207111187,1279.46176837359
121.106936776197,2.18161492545927,1280.0672855322
121.092101522608,2.19990404886381,1286.16558487831
121.07720313478,2.21827040543819,1292.27046329956
121.047215418614,2.25523666289185,1304.5
121.027808317735,2.27915872728467,1312.37329995064
121.008295037149,2.30321060864084,1320.25731532995
120.988674741167,2.32739330822923,1328.15206802809
120.968946585305,2.35170783750958,1336.05757999491
120.923867757877,2.40726228170107,1354
120.912842837964,2.42084831070052,1358.36264868231
120.88429041355,2.45603182828725,1369.61505306817
120.855514881897,2.49148777669935,1380.88870621486
120.826513725204,2.52721916348327,1392.1836683677
120.797284387538,2.56322904011636,1403.5
120.764792442493,2.60325521300476,1416.00091043435
120.732019206834,2.64362447950541,1428.52728207025
120.708420719413,2.67269035828811,1437.49595584382
120.667361348764,2.72325815526408,1453
120.627983184251,2.77175011806485,1467.75058586692
120.588202133278,2.82073285025004,1482.53582354711
120.561188388195,2.8539919742422,1492.51001140198
120.533987440073,2.8874789963476,1502.5
120.465153163098,2.9722089197862,1527.54507831142
120.422684774611,3.02447578326388,1542.83118695309
120.397043801083,3.05602950918909,1552
120.358858436428,3.10301575659625,1565.57126913744
120.320313804913,3.15043844230551,1579.170417641
120.288483659323,3.18959575658492,1590.32581136295
120.256406603932,3.22905280725386,1601.5
120.18397252856,3.3181367831033,1626.48639000535
120.125021912833,3.39062222209279,1646.57372505332
120.111944814166,3.40669982293232,1651
120.073770259947,3.45362931996214,1663.8601754062
120.035253558318,3.50097318059443,1676.74440637374
119.999533949214,3.54487323221145,1688.61198033775
119.963517737744,3.58913220300146,1700.5
119.887140222944,3.68297070930076,1725.4548124004
119.815802367625,3.7705936710706,1748.45502649824
119.810977605751,3.77651899448858,1750
119.771365526919,3.82516277925029,1762.63439076853
119.731401736761,3.87423102390515,1775.29117016255
119.692948429896,3.9214375256689,1787.3853461322
119.654166837368,3.96903985775087,1799.5
119.573620646403,4.06788257883133,1824.39975341869
119.534488627999,4.11589206472792,1836.37139519048
119.49502455098,4.16430113928579,1848.36269448377
119.493972188065,4.16559192457777,1848.68134029567
119.492919588056,4.16688299504364,1849
119.472285518336,4.19219064901988,1855.23500903794
119.451560258213,4.21760795303706,1861.47531612652
119.40983378774,4.26877425896413,1873.9718514899
119.368626163903,4.31929543225047,1886.22570701501
119.327057457083,4.37025022660227,1898.5
119.284953394193,4.42185186299081,1910.84442848281
119.242477727655,4.4738992351875,1923.2092043829
119.199625582983,4.52639794554039,1935.59437804998
119.156391998018,4.57935369102934,1948
119.115059265615,4.62997137393476,1959.77676083581
119.073374973478,4.68100982647611,1971.5719790383
119.070943337601,4.68398682851037,1972.25753325194
119.068510500213,4.68696526775909,1972.94314986794
119.046709082371,4.71365448367918,1979.07486614926
119.024810946866,4.74045935341903,1985.21157586195
119.002815455539,4.76738060617032,1991.35328510815
118.980721964462,4.79441897730011,1997.5
118.936106068314,4.84901192715032,2009.84502897631
118.891089465202,4.90408328126135,2022.2100063482
118.799832616438,5.01568569328572,2047
118.750054665514,5.07654021418779,2060.36870830591
118.70682433836,5.12937773556342,2071.89234040359
118.613495653847,5.24340723134721,2096.5
118.51079065423,5.36882860865807,2123.16098513565
118.421465292944,5.47785520357652,2146
118.416740584568,5.48362050716316,2147.19913328747
118.320985798886,5.60043264396052,2171.31202186828
118.22347958699,5.71931741290585,2195.5
118.172867292,5.78100074626206,2207.91232549126
118.121776585028,5.84324896218804,2220.34447117778
118.073345052222,5.90224024344161,2232.04013039989
118.019257437136,5.96810103230348,2245
117.914881999246,6.09513586995479,2269.71064065429
117.808497321503,6.22453361316667,2294.5
117.764378997437,6.27817074842664,2304.66492071891
117.719909957797,6.33221935399912,2314.84316635167
117.700145473562,6.35623668513439,2319.34536379588
117.590874126508,6.48896632065767,2344
117.464325611947,6.64256546398962,2372.0612614952
117.366040067748,6.76177210238185,2393.5
117.356113021866,6.77380788042463,2395.64836841572
117.343035102701,6.78966262498801,2398.47391666304
117.329927557983,6.80555188569067,2401.3004964165
117.303623185352,6.8374343976945,2406.95675270202
117.277199081985,6.86945631054466,2412.61714179685
117.250654419345,6.90161852455687,2418.28166823218
117.192430037992,6.97214424383001,2430.63099049315
117.13362122972,7.04334908254526,2443
117.013964579597,7.18813713769413,2467.84827539613
116.953893828398,7.26077819132721,2480.16420665138
116.893210073764,7.3341286886335,2492.5
116.770072603446,7.48286950927905,2517.20988262419
116.644367064377,7.63457256359111,2542
116.572549961418,7.72117794614717,2555.96968856544
116.499876449649,7.8087677686824,2569.96536136428
116.498122728703,7.81088083776728,2570.30136722411
116.496368505842,7.81299448299184,2570.63738807489
116.492858553502,7.81722350278877,2571.3094747533
116.485832616197,7.8256884662925,2572.65382804564
116.471756561774,7.84264614119664,2575.34325459725
116.443507337349,7.87667290238536,2580.72498936814
116.386617226231,7.94517545666053,2591.5
116.320618464259,8.02460758754389,2603.89554466347
116.253908737299,8.10485317594617,2616.31173760945
116.161620932969,8.21579610948244,2633.30425228385
116.119442744525,8.26647265345973,2641
116.051284340755,8.34832718852798,2653.34395023328
115.982380249168,8.43103054680059,2665.70856565713
115.912717853505,8.5145958999533,2678.09389820886
115.842284235917,8.59903670196551,2690.5
115.814091916911,8.63282154475003,2695.43330787115
115.750177733547,8.70938434981116,2706.54938086619
115.685619205993,8.78667637695035,2717.68249439006
115.554528738216,8.94348980422524,2740
115.52497419829,8.97881872414078,2744.97932763395
115.458343037326,9.05843439212912,2756.13924688407
115.391112520297,9.13871827000205,2767.30765889383
115.323274035952,9.21967895346047,2778.48457336147
115.254818795934,9.30132519277481,2789.67
115.201699158451,9.3646455199635,2798.28585062775
115.073873623742,9.51689037822846,2818.79348811137
114.943867912461,9.67154523086049,2839.33
114.873023471783,9.75574159831829,2850.3872878975
114.747959333452,9.90423659763605,2869.68099414036
114.684662585716,9.9793233995241,2879.33733150893
114.620847150955,10.0549783863278,2889
114.620089082605,10.0558768120115,2889.1000846569
114.619330897791,10.0567753689989,2889.20017366278
114.617814178668,10.0585728769977,2889.40036472264
114.614779341683,10.0621694698837,2889.80079904268
114.60870406672,10.0693689695541,2890.60187654757
114.596531064368,10.0837932753628,2892.20486752515
114.572094860466,10.1127435216776,2895.41419742546
114.522858509258,10.171053853304,2901.84628168333
114.473130770892,10.2299170646795,2908.29632769777
114.422904186671,10.2893409617299,2914.76441081194
114.326775386187,10.4029884534739,2927.01472392131
114.22879158422,10.5187144228484,2939.33
114.125161838638,10.6409815593416,2952.17095087527
114.072564235455,10.7029882285025,2958.61750086836
114.019434118005,10.7655879872619,2965.08152815299
113.917595668329,10.8854795164128,2977.33921702579
113.813769927046,11.0075768386591,2989.66
113.704013789025,11.1364999019345,3002.49571543133
113.592010370312,11.2679040027517,3015.39890143113
113.483957993156,11.3945192701273,3027.66381416945
113.373768187866,11.5234825042725,3039.99
113.257346087447,11.6595663215199,3052.81908434385
113.138507017598,11.7982895971477,3065.71352997519
113.023650230261,11.9321842531509,3077.98700900047
112.90648390346,12.0685871841906,3090.32
112.782694388068,12.212496807372,3103.14955388861
112.656290603108,12.3592273172116,3116.04247592231
112.533981503347,12.5009926824942,3128.32235675033
112.409165694849,12.6454464990057,3140.66
112.277365378516,12.7977435267033,3153.48051912725
112.142726400014,12.953063443252,3166.3623986169
112.012199215586,13.103389434908,3178.6481624524
111.878936134723,13.2566094486878,3190.99
111.59429846822,13.582993125233,3216.69183982688
111.454701563902,13.7426201292681,3228.97873402073
111.312102616143,13.9053746958223,3241.32
111.014992113792,14.2434770951315,3266.37483646147
110.70442040257,14.5954263975463,3291.65
110.591340223924,14.7231934030769,3300.62894076405
110.509282095078,14.8157813443974,3307.07193322699
110.376941632847,14.9648759280856,3317.33618064189
110.095333250572,15.2811902916145,3338.6688674973
110.050804565845,15.3310880461901,3341.98
109.857102604358,15.5477649821502,3356.19208780315
109.658167488593,15.7696464675916,3370.47067351015
109.503274040011,15.9419464738782,3381.37088028597
109.345101589723,16.1174750634133,3392.31
109.344308907737,16.1183536544326,3392.36434000005
109.197273550233,16.2811386707058,3402.36247766525
108.708827767577,16.8192265471266,3434.44472730291
108.579774563257,16.9607005013501,3442.64
108.190031805859,17.3861646174262,3466.70910756626
107.839116431335,17.7669153014632,3487.5369695979
107.745375970791,17.8682484014077,3492.97
107.638409035975,17.9836835934273,3499.1039710572
107.048275899806,18.6167506789905,3531.7293278752
106.829868672879,18.8494057067281,3543.3
106.41509633696,19.2887611446166,3564.56143118921
105.97470263811,19.7516690758403,3586.15679406558
105.817289420611,19.9162245830463,3593.64
105.734323649974,20.0027617230147,3597.53542656682
104.995947050563,20.7670032463431,3630.78033222899
104.68676114165,21.0838292524011,3643.97
104.191925965656,21.5869272527617,3664.23116754033
103.570966447972,22.2112844377957,3688.25154454241
103.408194450735,22.3736533155477,3694.3
103.310454813592,22.4708913529846,3697.88393367011
102.333173473882,23.4323796431892,3731.82301655774
101.937410735452,23.8161337554343,3744.63
101.239798224227,24.4846333819725,3765.97595971175
100.237049170865,25.4276547117396,3794.08314579437
100.204013899343,25.4583617669452,3794.96
99.9986879442314,25.6486999917204,3800.34253176438
98.5575613884195,26.9594992000427,3835.00544199814
98.0831613750401,27.3813494808232,3845.29
96.835356132543,28.4680910492068,3869.90796215946
96.6591928004508,28.6188504999389,3873.11357344114
96.4792657288443,28.7721509328485,3876.32157748084
96.1073520888404,29.0868499854322,3882.74477455844
95.3088932818414,29.7525810264644,3895.62
95.1442436834928,29.8881853419682,3898.12496232423
94.7698292242989,30.194422981118,3903.63740321895
93.9285422950949,30.8717705688288,3915.12230326423
92.981149224502,31.6168296199874,3926.63688105051
91.0364374106672,33.0880553775059,3945.95
89.8156782290977,33.9722194914695,3955.36729693952
89.628484351015,34.105150128936,3956.64036192071
89.4344135526597,34.2422257853635,3957.91377751133
89.2327501171683,34.3838699338811,3959.18754385624
89.0226448919619,34.5305847402519,3960.46166110037
88.5728049603142,34.8417699297004,3963.01094886649
88.0735582448213,35.1824759181724,3965.5616419708
87.506497722632,35.5635625466987,3968.11374157569
86.8377946954866,36.0049682623909,3970.66724884483
84.6548014943472,37.3868764240224,3975.77849103703
83.2682255407172,38.2187965444545,3976.64698735216
81.8499019826342,39.0340322051855,3975.77849103703
79.4806551624263,40.3178794501886,3970.66724884483
78.7192616420971,40.7103704674725,3968.11374157569
78.0598004315075,41.0426195833528,3965.5616419708
77.4684419058541,41.3345651885119,3963.01094886649
76.9267782071626,41.597067114692,3960.46166110037
76.6708688041421,41.7194691799714,3959.18754385624
76.4234729077252,41.8368198736416,3957.91377751133
76.1837412687902,41.9496213641969,3956.64036192071
75.9509580746118,42.0582971278039,3955.36729693952
74.3947915020518,42.7634358275791,3945.95
71.7728285230017,43.8700251728046,3926.63688105051
70.4283738006257,44.3993068671284,3915.12230326423
69.1959164364858,44.8626064297506,3903.63740321895
68.6354525841855,45.066518473148,3898.12496232423
68.3866203839707,45.1557120103822,3895.62
67.1591313556843,45.5838287963674,3882.74477455844
66.5754563679588,45.7805703563067,3876.32157748084
66.2903274013369,45.8751024357062,3873.11357344114
66.0094112742345,45.9672331516751,3869.90796215946
63.9693419892272,46.6069096325604,3845.29
63.1702815707973,46.8436658986929,3835.00544199814
60.6620789183274,47.5381181525094,3800.34253176438
60.2947193510548,47.63376988618,3794.96
60.2353797249198,47.6490779075831,3794.08314579437
58.4031669228543,48.1024840318167,3765.97595971175
57.0929737415658,48.4042640118541,3744.63
56.3367228740592,48.5701235226764,3731.82301655774
54.429205524109,48.9619821361641,3697.88393367011
54.2353093363569,48.9997216567906,3694.3
53.9111487357261,49.0619640530522,3688.25154454241
52.6602013058305,49.2922574832279,3664.23116754033
51.6472523786447,49.4673570172289,3643.97
51.0071812777545,49.572821969965,3630.78033222899
49.4567074508714,49.8119099301572,3597.53542656682
49.2805897484117,49.8376158742165,3593.64
48.9453943563628,49.8857293046469,3586.15679406558
48.0004428505346,50.0156733346998,3564.56143118921
47.1009578992084,50.1316234396682,3543.3
46.6236794927912,50.1901083912073,3531.7293278752
45.3218480769227,50.3390197213481,3499.1039710572
45.0840068602974,50.3645587688604,3492.97
44.8751111992456,50.3865673515232,3487.5369695979
44.0893250819844,50.4658314740747,3466.70910756626
43.20974323327,50.5479894335579,3442.64
42.9169435322343,50.5738080208736,3434.44472730291
41.8019867759114,50.6651666699708,3402.36247766525
41.4643159987087,50.6906705718375,3392.36434000005
41.4624930842338,50.6908055329375,3392.31
41.0982172818952,50.7171894571912,3381.37088028597
40.7404836938315,50.7419672432429,3370.47067351015
40.2795986302005,50.7722397631098,3356.19208780315
39.8293223154046,50.8000258992441,3341.98
39.725604372085,50.8061760947123,3338.6688674973
39.0679187051766,50.8429998211286,3317.33618064189
38.7578200179467,50.8590609446589,3307.07193322699
38.5652219589871,50.8686172801317,3300.62894076405
38.2994171955847,50.8812792872842,3291.65
37.5670990967558,50.9130101097035,3266.37483646147
36.8635028631061,50.9391463807701,3241.32
36.5248081844255,50.950210953392,3228.97873402073
36.1926375098689,50.9601062804523,3216.69183982688
35.5135546607875,50.9773932341345,3190.99
35.1948262663143,50.984145455236,3178.6481624524
34.8821717792595,50.9899247048491,3166.3623986169
34.5591966272037,50.9950171758861,3153.48051912725
34.2425822141979,50.999144132453,3140.66
33.9423506735244,51.0022665702655,3128.32235675033
33.6477882160274,51.0045819759892,3116.04247592231
33.3430024494025,51.006197950947,3103.14955388861
33.0441766943916,51.0070124594259,3090.32
32.7610378141651,51.0070809717297,3077.98700900047
32.4832063976827,51.0064830423831,3065.71352997519
32.1954680947335,51.0051692287178,3052.81908434385
31.9133227381345,51.0031946117331,3039.99
31.6460549571694,51.0006972066126,3027.66381416945
31.3837671710612,50.9976532033683,3015.39890143113
31.1116845302423,50.9938744682872,3002.49571543133
30.8448690536429,50.9895544769534,2989.66
30.5923039169772,50.9849044595301,2977.33921702579
30.3444237887166,50.9798101793885,2965.08152815299
30.2150461739421,50.9769424696926,2958.61750086836
30.0869287689984,50.9739615035812,2952.17095087527
29.8344048707145,50.9676743804645,2939.33
29.5955202518383,50.9612239973047,2927.01472392131
29.3610527321226,50.9544171889071,2914.76441081194
29.2385058530202,50.9506719186509,2908.29632769777
29.117150681323,50.946836081001,2901.84628168333
28.9969706554673,50.9429128050459,2895.41419742546
28.9373162056138,50.9409193293009,2892.20486752515
28.9075969951146,50.9399147953581,2890.60187654757
28.8927642848753,50.9394105995062,2889.80079904268
28.8853546399923,50.9391580218597,2889.40036472264
28.8816514934242,50.9390316134176,2889.20017366278
28.8798003388979,50.9389683793308,2889.1000846569
28.8779494634636,50.9389051253481,2889
28.72212121375,50.9334741184569,2879.33733150893
28.5675246110462,50.927879812158,2869.68099414036
28.2619717748221,50.91621832374,2850.3872878975
28.0888353005485,50.9092538718901,2839.33
27.7710283258376,50.8957979080531,2818.79348811137
27.4584551080227,50.8817138523824,2798.28585062775
27.3285368017117,50.8756117757085,2789.67
27.1610927280028,50.8675320384765,2778.48457336147
26.9951389371951,50.8592849946784,2767.30765889383
26.8306567098606,50.8508759104548,2756.13924688407
26.6676276257625,50.8423099091489,2744.97932763395
26.5953117358372,50.8384364865521,2740
26.2745304192192,50.820707732811,2717.68249439006
26.116545187716,50.8116479445434,2706.54938086619
25.9601335193611,50.8024646803973,2695.43330787115
25.8911403645192,50.7983463125002,2690.5
25.7187729352765,50.787876225425,2678.09389820886
25.5482948980094,50.7772663394285,2665.70856565713
25.3796770471359,50.7665229467783,2653.34395023328
25.2128907571318,50.7556521251336,2641
25.1096834749876,50.7488035551719,2633.30425228385
24.8838760738812,50.7334947276608,2616.31173760945
24.7206677822191,50.7221519887309,2603.89554466347
24.559213999162,50.7107015022989,2591.5
24.4200565416399,50.7006488136015,2580.72498936814
24.3509619905849,50.6955942821357,2575.34325459725
24.3165348334149,50.69306015034,2572.65382804564
24.2993511695776,50.6917913902003,2571.3094747533
24.2907668020476,50.6911565893348,2570.63738807489
24.2864764825959,50.6908390840475,2570.30136722411
24.2821874053421,50.6905215089882,2569.96536136428
24.1044631168404,50.6772201062984,2555.96968856544
23.9288607694798,50.6638045324764,2542
23.6215683049056,50.6396742830057,2517.20988262419
23.3206573281632,50.6152371707178,2492.5
23.1724064727749,50.602903135576,2480.16420665138
23.0256826748228,50.5905044372289,2467.84827539613
22.7335130837569,50.5652461768565,2443
22.5899664854867,50.5525585900632,2430.63099049315
22.4478800738219,50.5398194738672,2418.28166823218
22.3831139783577,50.5339530367028,2412.61714179685
22.318649381699,50.5280767769271,2406.95675270202
22.2544842961448,50.5221910119774,2401.3004964165
22.2225134518636,50.519244662748,2398.47391666304
22.1906167476215,50.5162960540137,2395.64836841572
22.1664062048652,50.5140519086098,2393.5
21.9267632453167,50.4915562019212,2372.0612614952
21.6183782995905,50.4618512570287,2344
21.3522599990444,50.435531832098,2319.34536379588
21.3041428021356,50.4307050361664,2314.84316635167
21.1959013246222,50.4197708234805,2304.66492071891
21.0885409255651,50.4088213835236,2294.5
20.8297735376449,50.3820030568808,2269.71064065429
20.5760594359479,50.3551209866914,2245
20.444651545329,50.3409686584703,2232.04013039989
20.3270255780062,50.328167785744,2220.34447117778
20.2029834077656,50.3145325661382,2207.91232549126
20.0801463454635,50.3008919792276,2195.5
19.8436224550029,50.2742399608434,2171.31202186828
19.6115133428164,50.247589253242,2147.19913328747
19.6000650493718,50.2462620242253,2146
19.3837028385869,50.2209530767345,2123.16098513565
19.1351233452494,50.1913457991602,2096.5
18.9094204415967,50.1639714489325,2071.89234040359
18.8049343208145,50.1511400335417,2060.36870830591
18.68467136531,50.136246511208,2047
18.4643334906889,50.1086129745876,2022.2100063482
18.3557086756037,50.0948245571027,2009.84502897631
18.2480951887732,50.0810566929766,1997.5
18.1948222738535,50.0742013057237,1991.35328510815
18.1417966527772,50.067351577975,1985.21157586195
18.0890166983806,50.0605076481712,1979.07486614926
18.0364807973506,50.0536696520491,1972.94314986794
18.0306189548254,50.0529050916944,1972.25753325194
18.0247601440923,50.0521406074452,1971.5719790383
17.924346905438,50.0389885869948,1959.77676083581
17.824820726073,50.0258601045336,1948
17.7207607685973,50.0120348229757,1935.59437804998
17.6176631562558,49.9982377286602,1923.2092043829
17.5155152987504,49.9844697804382,1910.84442848281
17.4143048185558,49.9707318981999,1898.5
17.3144244257516,49.9570804923694,1886.22570701501
17.2154544590866,49.9434612450922,1873.9718514899
17.1152822761012,49.9295829167762,1861.47531612652
17.0655439927652,49.922656903166,1855.23500903794
17.0160355609207,49.9157397895848,1849
17.0135102965927,49.9153863519146,1848.68134029567
17.0109856297968,49.9150329378824,1848.36269448377
16.9163303071311,49.9017393651207,1836.37139519048
16.8225117170565,49.8884800026171,1824.39975341869
16.629531015682,49.8609449384723,1799.5
16.5366763597825,49.8475707375048,1787.3853461322
16.4446481399492,49.8342350452249,1775.29117016255
16.34904800891,49.8202967604864,1762.63439076853
16.2543329263067,49.806402004048,1750
16.24279959499,49.8047042399338,1748.45502649824
16.0723467975511,49.7794652904831,1725.4548124004
15.8900129847564,49.7521609037165,1700.5
15.8040909454866,49.7391841997227,1688.61198033775
15.7189138678654,49.7262503967848,1676.74440637374
15.6271088688398,49.7122324773674,1663.8601754062
15.5361627622039,49.6982661383323,1651
15.505018201661,49.6934651354273,1646.57372505332
15.3646845696236,49.6717169588923,1626.48639000535
15.192397579113,49.6447580607668,1601.5
15.1161526085256,49.6327363094588,1590.32581136295
15.0405260169878,49.6207567087482,1579.170417641
14.9489884706448,49.6061829181381,1565.57126913744
14.8583501156651,49.5916725374958,1552
14.7975135012556,49.5818885896228,1542.83118695309
14.696797620579,49.5656123652371,1527.54507831142
14.5336766563203,49.5390425201095,1502.5
14.4692591137084,49.5284787554282,1492.51001140198
14.405308787652,49.5179517033498,1482.53582354711
14.311177668944,49.5023840934103,1467.75058586692
14.2180513187567,49.4868977002881,1453
14.121003945531,49.4706692362284,1437.49595584382
14.0652523997141,49.461304745458,1428.52728207025
13.9878565409517,49.4482543191692,1416.00091043435
13.911160820113,49.4352641187576,1403.5
13.8421970004192,49.4235342891859,1392.1836683677
13.7738004088048,49.4118548708812,1380.88870621486
13.7059644826803,49.4002258346226,1369.61505306817
13.6386827577148,49.3886471433008,1358.36264868231
13.6127108884277,49.3841656676927,1354
13.5065608037303,49.365780333435,1336.05757999491
13.4601279575987,49.3577032091967,1328.15206802809
13.4139625275057,49.3496515285672,1320.25731532995
13.3680623471951,49.3416252637339,1312.37329995064
13.3224252731396,49.3336243852946,1304.5
13.2519334526494,49.3212256486557,1292.27046329956
13.2169238624036,49.3150495867339,1286.16558487831
13.1820705044291,49.3088890401622,1280.0672855322
13.1786162603418,49.3082778263249,1279.46176837359
13.1751635477438,49.307666765439,1278.85631604003
13.1581434196654,49.3046528191837,1275.86876266185
13.1411604666935,49.3016425967854,1272.88278717215
13.1073056315509,49.2956333150104,1266.91556486065
13.0735981314544,49.2896389016038,1260.95463912357
13.0400370648934,49.2836593379922,1255
13.0280301447199,49.2815173559094,1252.86486936871
12.9919243546555,49.2750676227013,1246.42905929664
12.9739355767089,49.2718493805026,1243.21398312205
12.9559893546498,49.2686355501715,1240.00079064521
12.9380855469391,49.2654261282416,1236.78948021112
12.9202240126478,49.2622211112127,1233.58005016674
12.9113090539936,49.2606202534032,1231.97603977464
12.9024046111212,49.2590204954913,1230.37249886094
12.8935106665847,49.2574218370302,1228.76942721957
12.88906762573,49.2566229199498,1227.96806731163
12.8846272029342,49.2558242775635,1227.16682464455
12.8247228283112,49.2450308741317,1216.32268603573
12.7652932857989,49.2342877411995,1205.5
12.6975385070756,49.2219967361787,1193.08182241803
12.6304022766981,49.2097727994328,1180.69249676883
12.563876685757,49.1976156812437,1168.33192261882
12.4979539560487,49.1855251258899,1156
12.3691526125446,49.1617769017466,1131.66158906888
12.3031653342966,49.1495458944582,1119.06540313811
12.2377912861524,49.1373854975088,1106.5
12.1747765279359,49.1256233575708,1094.30565081738
12.1123332478844,49.1139285365216,1082.1409665081
12.0481613845584,49.1018691216395,1069.5546440837
11.9845886030711,49.0898814173996,1057
11.9233338414286,49.0782922962785,1044.82116506304
11.862637650371,49.0667715320682,1032.67290433428
11.8000936525243,49.0548611339695,1020.07004160769
11.7381383443668,49.0430238763245,1007.5
11.67852636168,49.0315976947872,995.323620858176
11.6194616790713,49.0202409421177,983.178802118096
11.5585636752169,49.008494678112,970.572443581608
11.4982431372877,48.9968227245901,958
11.4691984423284,48.9911894396851,951.91554374812
11.4402886092856,48.9855738048826,945.839249902263
11.3828700610505,48.9743952690637,933.711083816563
11.3531176748231,48.9685897391023,927.395103104456
11.3235083866687,48.9628031916108,921.087941193903
11.2647152946639,48.9512867971171,908.5
11.236476592691,48.9457428828305,902.423247724747
11.2083701701929,48.9402168685366,896.354941210249
11.1525507371509,48.9292183040907,884.243595131338
11.1235469021205,48.9234908880785,877.918955197763
11.0946841921929,48.9177828147998,871.60348931928
11.0373783521693,48.9064244263576,859
11.0098343127027,48.9009530755848,852.91138122816
10.9824205592719,48.8954999008267,846.831503704974
10.9279805072426,48.8846478248038,834.697897215213
10.8997944441782,48.879017294509,828.384305116467
10.8717463771199,48.8734062514557,822.080138932514
10.8160605016358,48.8622423395886,809.5
10.7627393615907,48.8515226984112,797.373209296456
10.7362691562792,48.8461903079283,791.323321138095
10.7099247480223,48.8408761136865,785.282411049003
10.6549895570837,48.8297716428163,772.621532191134
10.627726371698,48.8242492045684,766.3058592348
10.614145471591,48.8214954003842,763.151704332378
10.6005982121463,48.8187465265102,760
10.5477326131379,48.8080014968002,747.624980525305
10.5074482372757,48.7997942963565,738.10585056905
10.467809484758,48.7917023011153,728.662576868828
10.4288023783351,48.7837234306807,719.29425629553
10.3904133235446,48.7758556491024,710
10.3653567527727,48.7707121324768,703.893262828064
10.3405608456548,48.7656157381634,697.818265601651
10.3401390477265,48.7655289895154,697.714649662011
10.2917365356245,48.7555621192548,685.762506287605
10.2909103445412,48.7553917826722,685.557420936635
10.2672919804195,48.7505193762313,679.679239165515
10.2439115825447,48.7456903761707,673.830777988988
10.2300820703265,48.7428313578431,670.357470241551
10.2163353372353,48.7399874901597,666.894602614602
10.2026707123795,48.7371586691058,663.442128107172
10.1958689813338,48.7357498684954,661.719773662561
10.1890875288899,48.7343447909247,660
10.1429457159811,48.7247718219051,647.44308825296
10.140428775783,48.7242490015155,646.754516626808
10.0976925988809,48.715361787367,635.004994961893
10.0927579475047,48.714334380299,633.641205778202
10.0533051130088,48.7061111110992,622.6840416075
10.0460480256824,48.7045967356378,620.658098913648
10.0097609490471,48.6970163102851,610.478581138349
10.0080621714159,48.6966610978609,610
10.0002729233244,48.695031991163,607.803266391352
9.96703852245471,48.6880739926853,598.386997236882
9.96495517791078,48.6876374384144,597.794365946859
9.92266393394935,48.6787657636319,585.703166460287
9.88116758671022,48.6700427493338,573.724799718285
9.83410630565383,48.660128222545,560
9.81095534735847,48.6552424796592,553.192741540924
9.79270428578315,48.651386865041,547.800018114301
9.78247827110076,48.6492250575775,544.768301784382
9.77230140655092,48.6470725578209,541.743844590016
9.76217337262422,48.6449293136138,538.726620490491
9.75209385244241,48.6427952731509,535.716603569497
9.74796260908074,48.6419202981957,534.480806121155
9.74590003754362,48.6414833900665,533.863362308618
9.7448695131306,48.6412650806458,533.554754032585
9.7438394958408,48.6410468675812,533.246221472873
9.73922564813714,48.640069270589,531.863248856533
9.73462196609557,48.6390936060907,530.481796516729
9.73232392765449,48.6386064969565,529.791639667362
9.73002841926957,48.6381198690802,529.101861948018
9.7277354371693,48.6376337218419,528.412463046378
9.72658989229105,48.6373908282668,528.067905554689
9.7260173561903,48.6372694264566,527.895662281578
9.72544497757089,48.6371480546187,527.723442650462
9.71459058485652,48.6348457531036,524.453026404614
9.71225465802266,48.6343501239245,523.748093657487
9.68574854253733,48.6287221529018,515.721110339925
9.66696043027294,48.6247284799051,510
9.63833245999604,48.618636116751,501.231837635871
9.60451394512461,48.6114281067686,490.793867695779
9.57125708961155,48.6043281413814,480.443297181012
9.53854934042596,48.5973341141593,470.179032946135
9.50637849815998,48.5904439682738,460
9.49101748105018,48.587150219229,455.110153799645
9.47577781646703,48.5838800474355,450.239855181777
9.4606582109334,48.580633232564,445.388987165494
9.44565738839697,48.5774095567831,440.55743370145
9.43077408994567,48.5742088047264,435.745079662605
9.41600707352868,48.5710307634608,430.951810835079
9.40135511368273,48.5678752224547,426.177513909115
9.38681700126354,48.5647419735472,421.42207647015
9.37808289219424,48.5628585345981,418.556340878194
9.36938969319868,48.5609831222928,415.697432495386
9.3607371455781,48.5591156918743,412.845326953464
9.35642603519645,48.5581849558482,411.421817664446
9.35212499158507,48.5572561986479,410
9.3212546157705,48.5505844197638,399.307878836069
9.2908600744537,48.5440056952098,388.697138499809
9.26093149303665,48.5375183341839,378.166853394176
9.23145925527969,48.5311206830678,367.716111905669
9.20984520054074,48.5264230276174,360
9.20243396530057,48.5248111180032,357.344016141245
9.18260952104082,48.5204965496962,350.213610508655
9.17384652651485,48.5185880628467,347.049681671167
9.15576231556541,48.5146469569649,340.49665633665
9.12929615601485,48.5088729540727,330.84840112145
9.10320373626084,48.5031732596732,321.268118876023
9.07275160705731,48.496512138838,310
9.04652077961293,48.4907665441636,300.217481876511
9.02066793506283,48.4850966354407,290.505624974055
8.99518574681468,48.479501109368,280.863666446062
8.97006706719839,48.4739786899616,271.290854387338
8.94067025317474,48.4675072394839,260
8.91541068390539,48.4619392671147,250.221496159884
8.89051900025329,48.456445784195,240.514923480173
8.86598799965883,48.451025486308,230.879491175603
8.8418106571211,48.4456770969027,221.314420010072
8.82756164809565,48.4425221033655,215.644922069009
8.81343448431146,48.4393919648923,210
8.79992984439539,48.4363977809282,204.581591531031
8.78646072342842,48.4334095464326,199.16578174378
8.75962850935137,48.4274508673859,188.341950740003
8.74519892092715,48.4242433045937,182.501932901358
8.73081012672282,48.4210426101717,176.664936727765
8.70215426812392,48.4146617535384,165
8.69593356045279,48.4132754246161,162.460614540196
8.67161644294833,48.4078522389668,152.509498489537
8.64741592347463,48.4024488202579,142.567164179106
8.6330302526605,48.3992338817694,136.638571687629
8.61289265985205,48.3947297969908,128.316210957766
8.5928356330927,48.3902394456525,120
8.574032811924,48.3860259986546,112.178010498598
8.54673437943083,48.3799021089942,100.775120697231
8.53283632405137,48.3767812944095,94.9483509011809
8.51898541238521,48.3736690196536,89.126912393105
8.50518142116744,48.3705652548926,83.3107978594423
8.49142412850088,48.3674699704076,77.5
8.4789232717641,48.3646556254426,72.2074135776759
8.46646087411811,48.3618482810009,66.9192339716901
8.45403677038361,48.3590479148171,61.6354556803995
8.4416507962989,48.3562545047043,56.3560732113143
8.42913730094305,48.3534306732538,51.0103056534594
8.41666262889031,48.3506139402334,45.6690413893526
8.40422661202042,48.3478042827968,40.3322747310044
8.39802304678619,48.3464021002574,37.6655762291114
8.39492486588239,48.345701669296,36.332647874741
8.39337667472586,48.3453516187381,35.6662888829499
8.39182908266969,48.3450016780702,35
8.38819462294049,48.344179755512,33.125
8.38456245447051,48.3433582102475,31.25
8.37730498267628,48.3417162506778,27.5
8.37440455388951,48.3410598887478,26
8.37005665005009,48.3400757975181,23.75
8.36643590555022,48.3392561352667,21.875
8.36462638781464,48.3388464451226,20.9375
8.36372184245819,48.3386416352833,20.46875
8.36281743939804,48.3384368489278,20
8.35821156155913,48.3373937924183,17.3283812080545
8.35360977858015,48.336351436978,14.6567624161089
8.34730497005319,48.3349229599303,10.9925718120812
8.34100784003073,48.3334957987638,7.32838120805445
8.33471837453254,48.3320699518127,3.66419060402677
8.33157651162051,48.3313575206481,1.83209530201384
8.33000629686212,48.3310014280526,0.916047651006011
8.32922136856219,48.3308234124902,0.458023825503005
8.32843655961227,48.3306454174137,0
