-63.47,-24.98,579.1
-63.4570551314048,-24.9657882951455,585.703166460287
-63.433185822129,-24.9395714975356,597.794365946859
-63.4320103690297,-24.9382800548324,598.386997236882
-63.4132640215514,-24.917678978872,607.803266391352
-63.4088717372608,-24.9128507956528,610
-63.4079138806637,-24.9117978121956,610.478581138349
-63.3874592258447,-24.8893060099436,620.658098913648
-63.3833698147116,-24.884808003023,622.6840416075
-63.3611456824689,-24.8603556582736,633.641205778202
-63.3583668716607,-24.8572973293894,635.004994961893
-63.3343097504693,-24.830811852282,646.754516626808
-63.3328933880824,-24.829252047097,647.44308825296
-63.3069373218765,-24.8006579468452,660
-63.3031184479536,-24.796449451716,661.719773662561
-63.2992885242231,-24.792228395201,663.442128107172
-63.2915953557468,-24.7837483955846,666.894602614602
-63.2838574660956,-24.7752175349697,670.357470241551
-63.2760745030875,-24.7666353978756,673.830777988988
-63.2629199671359,-24.7521265099958,679.679239165515
-63.2496359609192,-24.7374702175167,685.557420936635
-63.249171354982,-24.7369575323563,685.762506287605
-63.2219618080232,-24.7069223663383,697.714649662011
-63.2217247752096,-24.7066606332088,697.818265601651
-63.2077929831664,-24.6912744738054,703.893262828064
-63.1937196654741,-24.6757268505822,710
-63.1721675913415,-24.6519069461691,719.29425629553
-63.150280387661,-24.6277041954474,728.662576868828
-63.1280509611857,-24.6031101752656,738.10585056905
-63.1054720265395,-24.5781162244591,747.624980525305
-63.0758605967338,-24.545317365526,760
-63.0682760069709,-24.5369126651543,763.151704332378
-63.0606742198965,-24.528487397698,766.3058592348
-63.0454188376538,-24.5115748813103,772.621532191134
-63.0146993104472,-24.4774999383518,785.282411049003
-62.999977088047,-24.4611608979281,791.323321138095
-62.9851907274543,-24.4447449719921,797.373209296456
-62.9554240386974,-24.4116804441066,809.5
-62.9243638673509,-24.3771544458275,822.080138932514
-62.9087296501529,-24.3597661608606,828.384305116467
-62.8930254369427,-24.3422936004802,834.697897215213
-62.8627130925887,-24.3085497751444,846.831503704974
-62.8474588079132,-24.2915595715842,852.91138122816
-62.8321385915134,-24.2744898216256,859
-62.8002856789558,-24.2389797788573,871.60348931928
-62.7842533608748,-24.2210967295778,877.918955197763
-62.7681498873199,-24.203127563895,884.243595131338
-62.7371782509907,-24.1685486584663,896.354941210249
-62.7215934080035,-24.151139192795,902.423247724747
-62.7059420253136,-24.1336490283182,908.5
-62.6733776480264,-24.0972384201349,921.087941193903
-62.6569887876812,-24.0789033994469,927.395103104456
-62.6405282342243,-24.0604811340465,933.711083816563
-62.6087825696557,-24.0249322172171,945.839249902263
-62.5928094134687,-24.0070355001399,951.91554374812
-62.5767688492666,-23.989056579109,958
-62.5434782400298,-23.9517217498652,970.572443581608
-62.5098999549511,-23.9140351158843,983.178802118096
-62.4773621984879,-23.8774883745906,995.323620858176
-62.444552442572,-23.8406082813814,1007.5
-62.4104842500575,-23.8022840610951,1020.07004160769
-62.3761246006552,-23.7636014732018,1032.67290433428
-62.3428109348749,-23.7260672375087,1044.82116506304
-62.3092213840787,-23.6881930407335,1057
-62.2743932224827,-23.6488913714239,1069.5546440837
-62.2392703060939,-23.6092252789648,1082.1409665081
-62.205125614301,-23.5706333405515,1094.30565081738
-62.1707004215069,-23.5316938373446,1106.5
-62.1350201811947,-23.4913023734655,1119.06540313811
-62.0990400693655,-23.4505381323342,1131.66158906888
-62.0289102743951,-23.3709873950457,1156
-61.9930676430598,-23.3302808156952,1168.33192261882
-61.9569320676891,-23.2892080111918,1180.69249676883
-61.9205001234113,-23.2477642851172,1193.08182241803
-61.883768331509,-23.2059448613027,1205.5
-61.8515793910188,-23.1692689613084,1216.32268603573
-61.8191610709464,-23.1323047716374,1227.16682464455
-61.8167591652061,-23.1295649826887,1227.96806731163
-61.8143559961667,-23.1268236043099,1228.76942721957
-61.8095458644111,-23.1213360740376,1230.37249886094
-61.8047306680416,-23.1158421702783,1231.97603977464
-61.799910399428,-23.1103418824931,1233.58005016674
-61.7902546150578,-23.0993221127885,1236.78948021112
-61.7805784497619,-23.0882766799384,1240.00079064521
-61.7708818419395,-23.0772054987989,1243.21398312205
-61.7611647297393,-23.0661084838528,1246.42905929664
-61.741668745065,-23.0438366103329,1252.86486936871
-61.7351876054997,-23.0364305079771,1255
-61.7170777551011,-23.015730375259,1260.95463912357
-61.6988975721114,-22.9949413847616,1266.91556486065
-61.680646664166,-22.9740629918066,1272.88278717215
-61.6714945643182,-22.9635900973053,1275.86876266185
-61.6623246347528,-22.9530946459257,1278.85631604003
-61.6604646867256,-22.9509655777002,1279.46176837359
-61.6586040044281,-22.9488355802211,1280.0672855322
-61.639834773819,-22.9273447282197,1286.16558487831
-61.6209906862562,-22.9057590825197,1292.27046329956
-61.5830762300169,-22.8623010270193,1304.5
-61.5585500288412,-22.8341691632015,1312.37329995064
-61.5338982195166,-22.8058777135954,1320.25731532995
-61.5091198744715,-22.7774253821186,1328.15206802809
-61.4842140568551,-22.7488108587098,1336.05757999491
-61.4273371089586,-22.6834049854555,1354
-61.41343366585,-22.6674041012638,1358.36264868231
-61.3774390959833,-22.6259565586533,1369.61505306817
-61.3411817392779,-22.5841730127331,1380.88870621486
-61.3046588158927,-22.5420495505834,1392.1836683677
-61.2678675059561,-22.49958219859,1403.5
-61.2269918464982,-22.4523599802112,1416.00091043435
-61.1857861034277,-22.4047134236098,1428.52728207025
-61.1561305184018,-22.3703957150365,1437.49595584382
-61.1045616941755,-22.3106666350959,1453
-61.0551393838129,-22.2533604262118,1467.75058586692
-61.0052461307277,-22.1954453638455,1482.53582354711
-60.9713854196581,-22.1561046460134,1492.51001140198
-60.9373062260164,-22.1164808006506,1502.5
-60.8511383112722,-22.0161625346304,1527.54507831142
-60.7980272204709,-21.9542362817521,1542.83118695309
-60.7659795247086,-21.9168350434592,1552
-60.7182795103368,-21.8611188823557,1565.57126913744
-60.6701627429152,-21.8048579359957,1579.170417641
-60.6304521220198,-21.758382121153,1590.32581136295
-60.5904555407959,-21.7115316056086,1601.5
-60.5002194877597,-21.6056850886656,1626.48639000535
-60.4268635640857,-21.5194886698526,1646.57372505332
-60.4106009538153,-21.5003611728973,1651
-60.3631480940014,-21.4445110732241,1663.8601754062
-60.3153012843681,-21.3881404244896,1676.74440637374
-60.2709571849693,-21.3358455447915,1688.61198033775
-60.2262721299704,-21.2830990577467,1700.5
-60.1316013981386,-21.1711852329803,1725.4548124004
-60.0432877149053,-21.066585855892,1748.45502649824
-60.037318665562,-21.0595091001315,1750
-59.9883301141613,-21.0013961962101,1762.63439076853
-59.938939610202,-20.9427464274056,1775.29117016255
-59.8914470831224,-20.8862936621878,1787.3853461322
-59.8435799899021,-20.8293393995769,1799.5
-59.7442627412669,-20.7109877330388,1824.39975341869
-59.6960590552592,-20.6534583402521,1836.37139519048
-59.6474779396333,-20.5954208527973,1848.36269448377
-59.6461828920634,-20.5938729315054,1848.68134029567
-59.6448875752221,-20.5923246472847,1849
-59.6195000816497,-20.5619708417357,1855.23500903794
-59.5940090822808,-20.531477416234,1861.47531612652
-59.5427140410339,-20.4700679522017,1873.9718514899
-59.4920912956543,-20.4094003691699,1886.22570701501
-59.4410595477558,-20.3481793971172,1898.5
-59.3894058749914,-20.2861477713042,1910.84442848281
-59.3373322119532,-20.2235461360683,1923.2092043829
-59.2848333997809,-20.1603667893318,1935.59437804998
-59.2319041899846,-20.0966018876904,1948
-59.1813366557107,-20.0356188491794,1959.77676083581
-59.1303730774902,-19.9740957125531,1971.5719790383
-59.1274011915288,-19.9705061239807,1972.25753325194
-59.1244279531455,-19.9669146888073,1972.94314986794
-59.0977890090411,-19.9347274600539,1979.07486614926
-59.0710412488305,-19.9023915537551,1985.21157586195
-59.0441839991935,-19.8699059596642,1991.35328510815
-59.0172165809078,-19.8372696582136,1997.5
-58.9627871598636,-19.7713452993283,2009.84502897631
-58.9079080232472,-19.7048043172569,2022.2100063482
-58.7967779675544,-19.5698383773645,2047
-58.7362270819917,-19.4961761088987,2060.36870830591
-58.6836791950438,-19.432179030952,2071.89234040359
-58.5703559367036,-19.293941624957,2096.5
-58.4458370864192,-19.1416968665523,2123.16098513565
-58.3376996305721,-19.0091845973895,2146
-58.3319840081976,-19.0021729943824,2147.19913328747
-58.2162352066996,-18.8600141659873,2171.31202186828
-58.098541772755,-18.7151460458531,2195.5
-58.0375190205162,-18.6399065881082,2207.91232549126
-57.9759663246576,-18.563926180974,2220.34447117778
-57.9176605917798,-18.4918729157762,2232.04013039989
-57.8525951294891,-18.4113733925203,2245
-57.7568112373418,-18.2926913810482,2263.9043947147
-57.7271818323131,-18.2559360876635,2269.71064065429
-57.5995512195396,-18.0973805260013,2294.5
-57.5466798696507,-18.0315895193356,2304.66492071891
-57.4934222608935,-17.965253576639,2314.84316635167
-57.4697625806182,-17.9357631877593,2319.34536379588
-57.3390765945548,-17.7726425210009,2344
-57.1879803737109,-17.5835662227756,2372.0612614952
-57.0708144289711,-17.4365969021414,2393.5
-57.0589893316165,-17.4217468508931,2395.64836841572
-57.0434133966917,-17.4021817172037,2398.47391666304
-57.027805005975,-17.3825704009389,2401.3004964165
-56.9964904332423,-17.3432085681332,2406.95675270202
-56.9650447552386,-17.3036600327683,2412.61714179685
-56.9334671072819,-17.2639234643465,2418.28166823218
-56.8642433241217,-17.1767367082218,2430.63099049315
-56.7943804493779,-17.0886378380646,2443
-56.6524035283986,-16.9092710477117,2467.84827539613
-56.5812130503787,-16.8191665600093,2480.16420665138
-56.5093536580985,-16.7281036105014,2492.5
-56.3637149432672,-16.5432017745023,2517.20988262419
-56.2152789190454,-16.3542788830894,2542
-56.1305828963141,-16.2462704616659,2555.96968856544
-56.0449552690761,-16.1369190330243,2569.96536136428
-56.0428899138467,-16.1342795363989,2570.30136722411
-56.0408240130004,-16.1316392522187,2570.63738807489
-56.0366905735391,-16.1263563197751,2571.3094747533
-56.0284171370972,-16.1157809886002,2572.65382804564
-56.0118439824553,-16.0945923812652,2575.34325459725
-55.9785921307605,-16.0520627449597,2580.72498936814
-55.9116629033327,-15.9663886033238,2591.5
-55.8340766441555,-15.8669550098128,2603.89554466347
-55.7557183613575,-15.7664042678713,2616.31173760945
-55.6474202664097,-15.6272239854114,2633.30425228385
-55.5979649548766,-15.5635852697096,2641
-55.518099515865,-15.4607086033121,2653.34395023328
-55.4374256528967,-15.3566576793618,2665.70856565713
-55.355930069282,-15.2514119580966,2678.09389820886
-55.273599140041,-15.144950391423,2690.5
-55.2406633756006,-15.1023229573948,2695.43330787115
-55.1660345376413,-15.0056529390082,2706.54938086619
-55.090707980462,-14.9079657107841,2717.68249439006
-54.9379189814921,-14.7094736139257,2740
-54.9035034356092,-14.6646995864618,2744.97932763395
-54.8259572797723,-14.5637277582507,2756.13924688407
-54.7477751991463,-14.4618083341437,2767.30765889383
-54.6689482469573,-14.3589273422292,2778.48457336147
-54.5894672828086,-14.2550705148375,2789.67
-54.5278348940579,-14.1744521350111,2798.28585062775
-54.3796763986135,-13.9803546641041,2818.79348811137
-54.2292075730958,-13.7828027837439,2839.33
-54.1473025316495,-13.6750894182222,2850.3872878975
-54.0028658659841,-13.4848352394199,2869.68099414036
-53.929837877266,-13.3884944064795,2879.33733150893
-53.8562607577669,-13.2913298727774,2889
-53.8553675909801,-13.2901497640622,2889.1000846569
-53.8544742876037,-13.2889694602749,2889.20017366278
-53.8526872709489,-13.2866082672854,2889.40036472264
-53.8491115970967,-13.2818835382521,2889.80079904268
-53.841953679731,-13.2724246967995,2890.60187654757
-53.8276115062667,-13.2534693907454,2892.20486752515
-53.7988213210462,-13.215407565222,2895.41419742546
-53.7408136874736,-13.1386732293691,2901.84628168333
-53.6822287307453,-13.0611132652456,2908.29632769777
-53.6230571369878,-12.9827137861686,2914.76441081194
-53.5098093202503,-12.8324908630143,2927.01472392131
-53.3943736112022,-12.6791308818853,2939.33
-53.2722796559978,-12.5166697694073,2952.17095087527
-53.2103065336121,-12.4341072466442,2958.61750086836
-53.1477023255305,-12.3506363517585,2965.08152815299
-53.0276912324392,-12.190435561951,2977.33921702579
-52.9053159645945,-12.0268258715242,2989.66
-52.7759212336904,-11.8535567720063,3002.49571543133
-52.6438400090173,-11.6764024791178,3015.39890143113
-52.5163755371312,-11.5051681472304,3027.66381416945
-52.3863393166622,-11.3302068616532,3039.99
-52.248886325934,-11.1449715911334,3052.81908434385
-52.1085063827602,-10.9554834245766,3065.71352997519
-51.9727508900894,-10.7719452336192,3077.98700900047
-51.8341753370308,-10.5843024202142,3090.32
-51.6876582012922,-10.3855901531538,3103.14955388861
-51.5379217311174,-10.1821816779824,3116.04247592231
-51.3929031298373,-9.98486953228697,3128.32235675033
-51.2447649729905,-9.78300083895353,3140.66
-51.088163020844,-9.56926177034281,3153.48051912725
-50.9279890983621,-9.35029639877082,3166.3623986169
-50.7724978142293,-9.13739965658117,3178.6481624524
-50.6135173533821,-8.91939372324379,3190.99
-50.2730974489659,-8.45148959100685,3216.69183982688
-50.1056747823103,-8.2208383930657,3228.97873402073
-49.934300818791,-7.98439375717113,3241.32
-49.5759966901454,-7.4889392537122,3266.37483646147
-49.1994452418524,-6.96672502266324,3291.65
-49.0617717146287,-6.77542367631326,3300.62894076405
-48.9616637145308,-6.63620069118896,3307.07193322699
-48.7998347288315,-6.41093240991925,3317.33618064189
-48.4538052672868,-5.92842642212711,3338.6688674973
-48.3988672099557,-5.85172071410062,3341.98
-48.1591298656665,-5.5166896498183,3356.19208780315
-47.9115596389288,-5.17021404215049,3370.47067351015
-47.717770469592,-4.89867179369812,3381.37088028597
-47.5188814576951,-4.61969605585534,3392.31
-47.5178820721368,-4.61829353890398,3392.36434000005
-47.3320337310529,-4.3573593001003,3402.36247766525
-46.7072914424573,-3.47862401307355,3434.44472730291
-46.5401211410338,-3.24311985643755,3442.64
-46.0291646944055,-2.52249153784637,3466.70910756626
-45.5602410600339,-1.86025745302283,3487.5369695979
-45.4333725687211,-1.68097216392093,3492.97
-45.2877125340952,-1.47508094083957,3499.1039710572
-44.4649172156807,-0.311354137907664,3531.7293278752
-44.1508681873688,0.132973416233842,3543.3
-43.5372444711343,1.00103077083174,3564.56143118921
-42.8558381663883,1.96428210589002,3586.15679406558
-42.6032400062918,2.32104431508618,3593.64
-42.4679173573068,2.51207966329907,3597.53542656682
-41.1803000173961,4.32557275591513,3630.78033222899
-40.5813842767999,5.16567831186671,3643.97
-39.5058429037065,6.66708156164132,3664.23116754033
-37.7619878644332,9.07602702687541,3688.25154454241
-37.1410122960797,9.92465686130402,3694.3
-36.6926674550609,10.533965567868,3697.88393367011
-34.3023381964608,13.7277940425577,3706.45327306864
-31.8462092935834,16.8980029599462,3697.88393367011
-31.3704083430423,17.4974490133159,3694.3
-30.703227875103,18.3294720710813,3688.25154454241
-28.7773703906774,20.6728893246357,3664.23116754033
-27.5498574288021,22.1194369375353,3643.97
-26.8527604540703,22.9240349016622,3630.78033222899
-25.3203737363786,24.6487715470422,3597.53542656682
-25.1566116606805,24.8294725395448,3593.64
-24.8495272443929,25.1664226787335,3586.15679406558
-24.0119710358281,26.0728019896559,3564.56143118921
-23.2461524504994,26.8852936707154,3543.3
-22.8499182959138,27.2995603787091,3531.7293278752
-21.7978591346387,28.379222310131,3499.1039710572
-21.609492866438,28.5694204247711,3492.97
-21.4449047603894,28.7348361239195,3487.5369695979
-20.8323211918268,29.3441694077627,3466.70910756626
-20.1571781070873,30.0041885687431,3442.64
-19.9345484086851,30.219183705405,3434.44472730291
-19.0948946030631,31.0182697499959,3402.36247766525
-18.8427746276078,31.2545865177819,3392.36434000005
-18.8414159611761,31.2558555024864,3392.31
-18.5704054849053,31.508010292857,3381.37088028597
-18.3051546431305,31.7529456756219,3370.47067351015
-17.9645784019039,32.0647461199524,3356.19208780315
-17.6329428933654,32.3654628028825,3341.98
-17.5566908126415,32.4342024987473,3338.6688674973
-17.0742270347645,32.8656501162988,3317.33618064189
-16.8472936768129,33.0665132948173,3307.07193322699
-16.706497208784,33.190470301362,3300.62894076405
-16.5123486834374,33.3605654974328,3291.65
-15.9782630540808,33.8235201143618,3266.37483646147
-15.4658781830695,34.2608619748565,3241.32
-15.2193652947825,34.4689124981221,3228.97873402073
-14.9776334074981,34.671447507816,3216.69183982688
-14.483367589508,35.081028198972,3190.99
-14.2512740828279,35.271262979422,3178.6481624524
-14.0234950426291,35.4566677990621,3166.3623986169
-13.7880504847985,35.6469704916892,3153.48051912725
-13.5570657602805,35.8323484193696,3140.66
-13.3378454816323,36.0070803755243,3128.32235675033
-13.1225642134303,36.1775357558842,3116.04247592231
-12.8995761616678,36.3529100757652,3103.14955388861
-12.6806911668399,36.5238912515798,3090.32
-12.473041467255,36.6850324026071,3077.98700900047
-12.2690250803957,36.8423494476238,3065.71352997519
-12.0574427073947,37.0044530364154,3052.81908434385
-11.8496651815945,37.1626076696737,3039.99
-11.652546882786,37.3117055990853,3027.66381416945
-11.4588064364878,37.4573572171856,3015.39890143113
-11.257505489756,37.6077603908925,3002.49571543133
-11.0597633278146,37.7545831732225,2989.66
-10.8722611253376,37.8929627025653,2977.33921702579
-10.6879217687798,38.0282139114556,2965.08152815299
-10.5915800692704,38.0985883057866,2958.61750086836
-10.4960878023675,38.1681312425745,2952.17095087527
-10.3076033073552,38.304781644451,2939.33
-10.1289660316482,38.4335420381721,2927.01472392131
-9.95330745949307,38.5594456514116,2914.76441081194
-9.86136628055897,38.6250649751207,2908.29632769777
-9.77022841094495,38.6899217808911,2901.84628168333
-9.6798826492548,38.7540293542989,2895.41419742546
-9.63500335210635,38.7858062577117,2892.20486752515
-9.612636510352,38.8016261855454,2890.60187654757
-9.60147121827945,38.8095191046221,2889.80079904268
-9.59589309537734,38.8134613136553,2889.40036472264
-9.59310516357927,38.8154313568799,2889.20017366278
-9.59171147995234,38.8164161133358,2889.1000846569
-9.59031798445328,38.8174006930839,2889
-9.47543916019677,38.8984183478857,2879.33733150893
-9.36125032916969,38.9786553005341,2869.68099414036
-9.13491427334142,39.1368309857886,2850.3872878975
-9.0062779010978,39.2262190334881,2839.33
-8.7694142747285,39.3898505632723,2818.79348811137
-8.53550045744402,39.5502255043617,2798.28585062775
-8.43799436931306,39.616721066187,2789.67
-8.31207725224769,39.7022829478539,2778.48457336147
-8.18700343339678,39.7869279627352,2767.30765889383
-8.06276342959129,39.870670394496,2756.13924688407
-7.93934793194778,39.9535242229925,2744.97932763395
-7.88451594787609,39.9902289678927,2740
-7.64064810576606,40.1526862040597,2717.68249439006
-7.52015525516759,40.232480927457,2706.54938086619
-7.40060724043614,40.3113413574741,2695.43330787115
-7.3477932653392,40.3460826863914,2690.5
-7.21562710345739,40.432760652357,2678.09389820886
-7.08459847169971,40.5183243980513,2665.70856565713
-6.95469200434134,40.6027945629619,2653.34395023328
-6.82589265473257,40.6861912716286,2641
-6.74603891343575,40.7377197092586,2633.30425228385
-6.57091535318555,40.850253265034,2616.31173760945
-6.44398516078207,40.9314147415296,2603.89554466347
-6.31812326424568,41.0115596295112,2591.5
-6.2094039645896,41.0805221036196,2580.72498936814
-6.15533991025502,41.1147240728771,2575.34325459725
-6.12838129875914,41.1317558725762,2572.65382804564
-6.11492028701151,41.1402545544231,2571.3094747533
-6.10819434717799,41.1444996005767,2570.63738807489
-6.10483251784063,41.1466210511745,2570.30136722411
-6.10147144853633,41.1487417872473,2569.96536136428
-5.96201235203826,41.2365295618729,2555.96968856544
-5.82385489823064,41.3231006029943,2542
-5.58120803537184,41.4741926452672,2517.20988262419
-5.34249792089241,41.6216538997614,2492.5
-5.22448504946026,41.6941254045788,2480.16420665138
-5.10742047910082,41.7657345639414,2467.84827539613
-4.87351055455132,41.9079867170326,2443
-4.75819297798741,41.9777104204486,2430.63099049315
-4.64378953540172,42.046617095701,2418.28166823218
-4.59155593934396,42.077990730435,2412.61714179685
-4.5395117610262,42.1091962368897,2406.95675270202
-4.4876559614197,42.1402348989625,2401.3004964165
-4.46179837979973,42.1556920618667,2398.47391666304
-4.43598750703317,42.1711079892381,2395.64836841572
-4.41638743846199,42.1828055410152,2393.5
-4.22196602130474,42.2984241987544,2372.0612614952
-3.97065593250103,42.4467623765002,2344
-3.75276336194179,42.5743671160442,2319.34536379588
-3.71326327678783,42.597399750748,2314.84316635167
-3.62429058754108,42.6491680902679,2304.66492071891
-3.53588311696798,42.7004542692031,2294.5
-3.32214111832434,42.8238192183231,2269.71064065429
-3.27245487653252,42.8523693625096,2263.9043947147
-3.11166277503286,42.9444343239918,2245
-3.00228999877996,43.0067728218173,2232.04013039989
-2.90417894897211,43.062496663091,2220.34447117778
-2.80050076637033,43.121181668143,2207.91232549126
-2.69761057516489,43.1792171977015,2195.5
-2.49887497267223,43.2907428074053,2171.31202186828
-2.30304797838281,43.3999022419007,2147.19913328747
-2.29336852918389,43.4052790075088,2146
-2.11006723549062,43.5067659542484,2123.16098513565
-1.89860036025703,43.6230622428896,2096.5
-1.70577848660341,43.7283754712018,2071.89234040359
-1.61624866221336,43.7770383710394,2060.36870830591
-1.51299075517229,43.8329781983416,2047
-1.32322229975088,43.9352704448653,2022.2100063482
-1.22938682975246,43.985605820138,2009.84502897631
-1.13624061773047,44.0354113608809,1997.5
-1.09006137549773,44.0600445066072,1991.35328510815
-1.04405150596192,44.0845484548844,1985.21157586195
-0.998210108489701,44.1089241585483,1979.07486614926
-0.952536289115343,44.1331725612587,1972.94314986794
-0.947437351405313,44.1358772429134,1972.25753325194
-0.942340498397471,44.1385803445467,1971.5719790383
-0.854900320474812,44.1848802216894,1959.77676083581
-0.768071666762523,44.230718545283,1948
-0.677115485062544,44.2785889904988,1935.59437804998
-0.586826041197256,44.325960243286,1923.2092043829
-0.497196289925142,44.3728395989428,1910.84442848281
-0.408219288765544,44.4192342141095,1898.5
-0.320245193430836,44.4649658152637,1886.22570701501
-0.232909202777527,44.5102282557708,1873.9718514899
-0.144345500420599,44.5559874308523,1861.47531612652
-0.100308552360588,44.5786882788176,1855.23500903794
-0.0564337270251229,44.6012711240972,1849
-0.054194706251387,44.6024226513111,1848.68134029567
-0.051956107652245,44.6035738720366,1848.36269448377
0.0320516604850312,44.6467111242326,1836.37139519048
0.115466773551461,44.6894198240614,1824.39975341869
0.287520170987762,44.7771216628456,1799.5
0.370533198895195,44.8192491654245,1787.3853461322
0.452954205856209,44.8609560070603,1775.29117016255
0.53872970317839,44.9042333690455,1762.63439076853
0.623868030059185,44.9470615162816,1750
0.63424591349856,44.9522733389184,1748.45502649824
0.78789413283701,45.0292158056112,1725.4548124004
0.952819208820031,45.1113472180145,1700.5
1.03074223281131,45.1499878343,1688.61198033775
1.10811966997872,45.1882537688249,1676.74440637374
1.19166365936016,45.2294530252639,1663.8601754062
1.27457554621435,45.2702214687191,1651
1.30300309480616,45.2841722573171,1646.57372505332
1.43131213914427,45.3469668971012,1626.48639000535
1.58932698223678,45.4239117275668,1601.5
1.65942940582208,45.4579112130443,1590.32581136295
1.7290689394947,45.4916032455378,1579.170417641
1.81350112607569,45.5323413848315,1565.57126913744
1.89725700236419,45.5726336154258,1552
1.95355981238382,45.599652252089,1542.83118695309
2.04692179352037,45.6443367207294,1527.54507831142
2.19853598102326,45.7165883487276,1502.5
2.25854758348306,45.7450800133356,1492.51001140198
2.31820161278381,45.7733420133255,1482.53582354711
2.40615012941676,45.8149002251257,1467.75058586692
2.49332608725787,45.8559657722988,1453
2.58434914514946,45.8987082903725,1437.49595584382
2.63672165732072,45.9232388222157,1428.52728207025
2.70952594198627,45.9572636007159,1416.00091043435
2.78178585989909,45.990947048968,1403.5
2.84685844773126,46.0212062054931,1392.1836683677
2.9114871484086,46.0511896922395,1380.88870621486
2.97567618952513,46.0809010017778,1369.61505306817
3.03942974559668,46.1103435697161,1358.36264868231
3.06406343031887,46.1217019543564,1354
3.16488202761217,46.16808472139,1336.05757999491
3.20905254534051,46.1883533803748,1328.15206802809
3.25301091909579,46.2084929862498,1320.25731532995
3.29675856876085,46.228504682137,1312.37329995064
3.34029690172504,46.2483895981194,1304.5
3.40762835832828,46.2790804847396,1292.27046329956
3.44110515702985,46.2943123261158,1286.16558487831
3.47445687118194,46.3094691235882,1280.0672855322
3.47776361286449,46.310970897874,1279.46176837359
3.48106912692761,46.3124719370033,1278.85631604003
3.49736712628049,46.319870288139,1275.86876266185
3.5136353076571,46.3272508003294,1272.88278717215
3.54608251793739,46.3419585462526,1266.91556486065
3.57841136448653,46.3565956518198,1260.95463912357
3.61062244787141,46.3711625890102,1255
3.62215189548691,46.3763725088171,1252.86486936871
3.6568393647095,46.3920340847975,1246.42905929664
3.67413130131722,46.3998342142565,1243.21398312205
3.69138883244904,46.4076140032979,1240.00079064521
3.70861205324472,46.4153735257459,1236.78948021112
3.72580105849944,46.4231128550795,1233.58005016674
3.73438275999504,46.4269749702715,1231.97603977464
3.74295594299797,46.430832064584,1230.37249886094
3.75152061926137,46.4346841471055,1228.76942721957
3.75579977105356,46.4366083117884,1227.96806731163
3.76007680055865,46.4385312269222,1227.16682464455
3.81781593392348,46.4644613652405,1216.32268603573
3.87516937348455,46.4901651230563,1205.5
3.94064487810505,46.5194442233301,1193.08182241803
4.00561499773062,46.5484292823364,1180.69249676883
4.0700851305083,46.5771243956064,1168.33192261882
4.13406059946689,46.6055335854374,1156
4.25931544545726,46.6609654916822,1131.66158906888
4.3236185319188,46.6893259115656,1119.06540313811
4.38741306424126,46.7173970805205,1106.5
4.44898938263719,46.7444309185073,1094.30565081738
4.51008886776569,46.7711960281306,1082.1409665081
4.57296460345609,46.7986775800063,1069.5546440837
4.63533841781212,46.825878058963,1057
4.69551819949736,46.8520635971952,1044.82116506304
4.75522708987513,46.8779878902387,1032.67290433428
4.8168350441468,46.9046779731974,1020.07004160769
4.87794471031181,46.9310933392684,1007.5
4.93681986078835,46.9564874654612,995.323620858176
4.99522894448185,46.9816269797194,983.178802118096
5.05552881446435,47.0075243887558,970.572443581608
5.11533497753267,47.0331537466212,958
5.14415976823662,47.0454864374314,951.91554374812
5.17286866146907,47.0577566906943,945.839249902263
5.22994129187289,47.0821116243724,933.711083816563
5.25954230412668,47.0947235142593,927.395103104456
5.28901986514228,47.1072692976684,921.087941193903
5.34760743417317,47.1321644514851,908.5
5.37577395566601,47.1441141135167,902.423247724747
5.40382564814863,47.1560028635758,896.354941210249
5.45958708947175,47.1795993353028,884.243595131338
5.48858746258911,47.1918523999167,877.918955197763
5.51746486316385,47.204040619506,871.60348931928
5.57485357819496,47.2282244101685,859
5.60246290527787,47.2398410110142,852.91138122816
5.62995806192623,47.2513979267323,846.831503704974
5.68460842496471,47.2743343879825,834.697897215213
5.71292884495975,47.286202284429,828.384305116467
5.74112788769271,47.2980070989467,822.080138932514
5.79716466181836,47.3214293241716,809.5
5.85088565422785,47.3438384977299,797.373209296456
5.87757759223391,47.3549563733437,791.323321138095
5.9041580083034,47.3660169886629,785.282411049003
5.9596346071877,47.3890671384866,772.621532191134
5.98719124822112,47.4004993029886,766.3058592348
6.00092446912193,47.4061923586482,763.151704332378
6.01462774229115,47.4118701389283,760
6.06813817053755,47.4340141705639,747.624980525305
6.10895168788208,47.4508746408679,738.10585056905
6.14914306215111,47.4674533950753,728.662576868828
6.18872499615996,47.4837568248312,719.29425629553
6.22770986646438,47.4997911377519,710
6.25317145912244,47.5102509700321,703.893262828064
6.27838073820217,47.5205974939147,697.818265601651
6.27880967612288,47.5207734577616,697.714649662011
6.32805558801537,47.5409572103452,685.762506287605
6.32889658991141,47.5413015824305,685.557420936635
6.35294424350737,47.5511440619334,679.679239165515
6.37676082998149,47.5608833728952,673.830777988988
6.39085360994872,47.56664230411,670.357470241551
6.40486591455429,47.5723653832139,666.894602614602
6.41879836075016,47.5780529140211,663.442128107172
6.42573482961464,47.5808834434723,661.719773662561
6.43265156252873,47.5837051982942,660
6.47967042070529,47.6028679675467,647.44308825296
6.48223649707195,47.6039128281582,646.754516626808
6.52582745470005,47.6216471760632,635.004994961893
6.53086329905128,47.6236940975296,633.641205778202
6.57114376105599,47.6400532162073,622.6840416075
6.57855668582472,47.6430611786688,620.658098913648
6.61563978905221,47.6580961241625,610.478581138349
6.61737651951893,47.6587997578257,610
6.62534057641047,47.6620258046676,607.803266391352
6.65933536522648,47.6757855949561,598.386997236882
6.66146716061002,47.6766478879535,597.794365946859
6.70476198042633,47.6941455667792,585.703166460287
6.72824617783063,47.7036250281532,579.1
6.74728022216145,47.7113021298019,573.724799718285
6.79554510155583,47.730744822976,560
6.81930560018878,47.7403035804166,553.192741540924
6.83804531664656,47.7478365632486,547.800018114301
6.84854825651445,47.7520562433221,544.768301784382
6.85900295070346,47.756254909168,541.743844590016
6.86940969631824,47.7604327029995,538.726620490491
6.87976878816193,47.7645897658065,535.716603569497
6.88401525112,47.766293393362,534.480806121155
6.88613548515133,47.7671439042098,533.863362308618
6.88719485390348,47.7675688344262,533.554754032585
6.8882537242294,47.7679935480365,533.246221472873
6.89299709677687,47.7698959133514,531.863248856533
6.89773047608641,47.7717939372832,530.481796516729
6.90009342717613,47.7727413254705,529.791639667362
6.90245389054041,47.7736876333605,529.101861948018
6.90481186969429,47.7746328626291,528.412463046378
6.9059899287975,47.7751050733066,528.067905554689
6.90657872592134,47.7753410777471,527.895662281578
6.90716736816556,47.7755770149565,527.723442650462
6.91833151787162,47.7800508092777,524.453026404614
6.92073443893271,47.781013486271,523.748093657487
6.94800900897098,47.7919344246931,515.721110339925
6.96735102210999,47.7996724140594,510
6.99683768372206,47.8114582001844,501.231837635871
7.03169347481676,47.8253733918804,490.793867695779
7.06599460078569,47.8390495746107,480.443297181012
7.09975284259116,47.8524922974322,470.179032946135
7.13297966785989,47.8657069465744,460
7.14885286197197,47.8720141187313,455.110153799645
7.16460574848772,47.8782698070958,450.239855181777
7.18023954758969,47.8844745812556,445.388987165494
7.19575546392458,47.8906290028106,440.55743370145
7.21115468684158,47.8967336255095,435.745079662605
7.22643839062677,47.9027889953823,430.951810835079
7.24160773473322,47.9087956508714,426.177513909115
7.256663864007,47.9147541229597,421.42207647015
7.26571141367518,47.9183330896815,418.556340878194
7.27471824799402,47.9218947530031,415.697432495386
7.28368461233023,47.9254392263818,412.845326953464
7.2881526950131,47.9272050522726,411.421817664446
7.29261075136988,47.9289666227962,410
7.32460006843453,47.9415984048683,399.307878836069
7.35611721833894,47.9540290225003,388.697138499809
7.38717150400363,47.9662628065426,378.166853394176
7.41777199887676,47.9783039700093,367.716111905669
7.44022593522298,47.9871307584733,360
7.44792758516441,47.990156624302,357.344016141245
7.46853496322817,47.9982486867827,350.213610508655
7.47764686899262,48.0018247470037,347.049681671167
7.49645661949154,48.0092029788347,340.49665633665
7.52399794795225,48.0199968772833,330.84840112145
7.551165892448,48.0306335671498,321.268118876023
7.58289278765793,48.0430415007428,310
7.61023856166754,48.0537242407772,300.217481876511
7.63720560132096,48.0642483356757,290.505624974055
7.66380090609491,48.0746169674321,280.863666446062
7.69003131358546,48.0848332374289,271.290854387338
7.72074749351992,48.0967838935595,260
7.74715652177285,48.10704779739,250.221496159884
7.77319520702289,48.1171578333764,240.514923480173
7.79887047692057,48.1271171147101,230.879491175603
7.82418909701326,48.1369286750678,221.314420010072
7.83911700756985,48.1427092294529,215.644922069009
7.85392187274233,48.1484389425152,210
7.86807864644449,48.1539148599671,204.581591531031
7.88220267248458,48.1593752140111,199.16578174378
7.91035290462919,48.1702494798087,188.341950740003
7.92549864810219,48.1760954392522,182.501932901358
7.94060670453507,48.1819235427251,176.664936727765
7.97071027982432,48.1935264873855,165
7.97724795146816,48.1960445961951,162.460614540196
8.0028133107205,48.2058856477205,152.509498489537
8.02827066090997,48.2156757362657,142.567164179106
8.04341033353407,48.2214935346472,136.638571687629
8.06461204926447,48.2296352630951,128.316210957766
8.08573897193787,48.2377418179349,120
8.10555385443637,48.2453390832897,112.178010498598
8.13433720193954,48.2563648854173,100.775120697231
8.148998343391,48.2619764213789,94.9483509011809
8.16361451750764,48.2675676653559,89.126912393105
8.1781859140776,48.2731387194219,83.3107978594423
8.19271272186178,48.2786896849909,77.5
8.20591689099685,48.2837326122811,72.2074135776759
8.21908430247755,48.2887590047794,66.9192339716901
8.23221509710444,48.2937689379039,61.6354556803995
8.24530941498635,48.2987624866303,56.3560732113143
8.25854242392127,48.3038064234718,51.0103056534594
8.27173825788095,48.3088336867858,45.6690413893526
8.28489706054457,48.3138443532376,40.3322747310044
8.29146262007292,48.3163434865608,37.6655762291114
8.29474194715424,48.3175915073898,36.332647874741
8.29638074849292,48.3182151318626,35.6662888829499
8.29801897539788,48.318838499237,35
8.30186040224898,48.3203000628601,33.125
8.30569974257642,48.3217606211369,31.25
8.31337217044192,48.3246787256919,27.5
8.3210362725392,48.3275928209688,23.75
8.3248652056495,48.3290483676431,21.875
8.32677889345831,48.3297757661785,20.9375
8.32773554276831,48.3301393718006,20.46875
8.32869206238381,48.3305029150133,20
8.33356012144118,48.3323529089291,17.3283812080545
8.3384243921885,48.3342011239599,14.6567624161089
8.34508970577764,48.3367331077227,10.9925718120812
8.35174791291779,48.3392617564453,7.32838120805445
8.35839902494827,48.3417870765739,3.66419060402677
8.3617219238343,48.3430484904253,1.83209530201384
8.36338270961308,48.3436788861489,0.916047651006011
8.36421293666361,48.343994006254,0.458023825503005
8.36504305318425,48.3443090745381,0
