119.56,13.07,33
119.55986368017,13.0701675825844,33.125
119.557818203471,13.0726821204582,35
119.55694477572,13.0737558189255,35.6662888829499
119.556071011599,13.0748299186034,36.332647874741
119.554322473524,13.0769793224242,37.6655762291114
119.550821352935,13.0812829537757,40.3322747310044
119.54380289307,13.0899095582435,45.6690413893526
119.536762729472,13.0985620421362,51.0103056534594
119.529700767477,13.1072405139729,56.3560732113143
119.522710881256,13.1158296195586,61.6354556803995
119.515699585564,13.1244442408638,66.9192339716901
119.508666787888,13.1330844838571,72.2074135776759
119.501612395191,13.1417504550792,77.5
119.493849104035,13.1512863432617,83.3107978594423
119.486059590589,13.1608534615184,89.126912393105
119.478243729839,13.1704519528884,94.9483509011809
119.470401395989,13.1800819612621,100.775120697231
119.454997928973,13.1989937763325,112.178010498598
119.444388495998,13.2120174135702,120
119.43307166505,13.2259074053068,128.316210957766
119.421709698596,13.239850702355,136.638571687629
119.413593258688,13.2498098350923,142.567164179106
119.399939615683,13.2665608760663,152.509498489537
119.386220645321,13.2833890067641,162.460614540196
119.382711185917,13.2876933299991,165
119.366545144398,13.3075182538149,176.664936727765
119.358428019434,13.317470930333,182.501932901358
119.3502880357,13.3274505540411,188.341950740003
119.335151920356,13.3460045588819,199.16578174378
119.32755415485,13.3553165647504,204.581591531031
119.319936484713,13.3646520175371,210
119.311967494334,13.3744169959708,215.644922069009
119.303929589964,13.3842653654107,221.314420010072
119.290290662558,13.4009739132117,230.879491175603
119.276451677342,13.4179244236192,240.514923480173
119.262408638151,13.4351216503801,250.221496159884
119.248157446857,13.4525704660779,260
119.231571286559,13.4728739510448,271.290854387338
119.217398245477,13.4902198907848,280.863666446062
119.203019452952,13.5078142563056,290.505624974055
119.188430837927,13.5256618776156,300.217481876511
119.173628226361,13.5437677042902,310
119.156442543128,13.5647838373815,321.268118876023
119.141716482501,13.5827882387074,330.84840112145
119.126778741241,13.6010477700915,340.49665633665
119.116571408484,13.6135228344115,347.049681671167
119.111625152076,13.6195673626094,350.213610508655
119.10043496603,13.6332407278428,357.344016141245
119.096251477389,13.6383520264548,360
119.084050438542,13.6532573359359,367.716111905669
119.067412633824,13.6735787916324,378.166853394176
119.050516186705,13.6942114296779,388.697138499809
119.033355604599,13.7151617305106,399.307878836069
119.015925245443,13.7364363467248,410
119.013493941012,13.7394034702283,411.421817664446
119.011056914885,13.7423774771048,412.845326953464
119.006165624951,13.7483462266946,415.697432495386
119.001251227738,13.7543427701827,418.556340878194
118.996313574787,13.760367282856,421.42207647015
118.988094458204,13.770394657906,426.177513909115
118.979810613371,13.7804998557696,430.951810835079
118.971461346073,13.7906836955203,435.745079662605
118.963045952579,13.8009470071983,440.55743370145
118.954563719491,13.8112906319901,445.388987165494
118.946013923571,13.8217154224115,450.239855181777
118.937395831583,13.8322222424938,455.110153799645
118.928708700115,13.8428119679746,460
118.910513734824,13.8649877476963,470.179032946135
118.892013207735,13.8875302204521,480.443297181012
118.873200100196,13.9104476417031,490.793867695779
118.85406718664,13.9337485043472,501.231837635871
118.837869179364,13.9534702740292,510
118.827237833457,13.9664119789539,515.721110339925
118.81223808476,13.9846681507006,523.748093657487
118.810916125262,13.9862769226348,524.453026404614
118.804773216189,13.993752208632,527.723442650462
118.804449279356,13.9941463885267,527.895662281578
118.804125252771,13.9945406758542,528.067905554689
118.803476930209,13.9953295729646,528.412463046378
118.802179206569,13.9969086581135,529.101861948018
118.800880043089,13.9984894666364,529.791639667362
118.799579437591,14.0000720010825,530.481796516729
118.796973891897,14.0032422578728,531.863248856533
118.794362551924,14.0064194490686,533.246221472873
118.79377957839,14.0071287313122,533.554754032585
118.793196315791,14.0078383594734,533.863362308618
118.792028922621,14.0092586544546,534.480806121155
118.789690658949,14.012103405433,535.716603569497
118.783985561359,14.0190438845588,538.726620490491
118.778252806621,14.0260174523727,541.743844590016
118.772492211844,14.0330243230208,544.768301784382
118.766703592592,14.0400647124142,547.800018114301
118.756371743409,14.0526293730237,553.192741540924
118.743265141061,14.0685658214014,560
118.716618755111,14.1009563968353,573.724799718285
118.693119576931,14.1295112574681,585.703166460287
118.669166644122,14.1586077754617,597.794365946859
118.667986583445,14.1600409851545,598.386997236882
118.649160537521,14.1829024055418,607.803266391352
118.644747886923,14.1882600313837,610
118.643785503487,14.189428466196,610.478581138349
118.623226875617,14.2143850076937,620.658098913648
118.619115002341,14.2193756241989,622.6840416075
118.596759027042,14.2465041803648,633.641205778202
118.593962569143,14.2498970245103,635.004994961893
118.569741861566,14.2792775238294,646.754516626808
118.56831526337,14.2810077182086,647.44308825296
118.542159696183,14.3127232625106,660
118.538305141457,14.3173961945226,661.719773662561
118.53443892698,14.322083003993,663.442128107172
118.526671327267,14.3314984778137,666.894602614602
118.518856506323,14.3409701381261,670.357470241551
118.510994070977,14.3504984417065,673.830777988988
118.497700437497,14.3666062550032,679.679239165515
118.484269868734,14.3828768837414,685.557420936635
118.48380002583,14.3834460241512,685.762506287605
118.456270683398,14.4167867862762,697.714649662011
118.456030751475,14.4170773097986,697.818265601651
118.441925122383,14.434155468106,703.893262828064
118.427669328183,14.4514119226499,710
118.40582439713,14.4778480685008,719.29425629553
118.383623148485,14.5047069026372,728.662576868828
118.361057576387,14.5319976800883,738.10585056905
118.338119442313,14.559729916503,747.624980525305
118.308009736128,14.5961186201871,760
118.300292629227,14.605442474892,763.151704332378
118.292556156597,14.6147886791552,766.3058592348
118.277024839459,14.6335484345435,772.621532191134
118.24572677178,14.6713394442734,785.282411049003
118.230716426141,14.6894576489334,791.323321138095
118.21563359493,14.7076593505242,797.373209296456
118.185248491289,14.7443153917516,809.5
118.153512250245,14.7825840126778,822.080138932514
118.137525824,14.8018542330565,828.384305116467
118.121459786404,14.8212158578396,834.697897215213
118.090426232931,14.858602288909,846.831503704974
118.074797625035,14.877423754515,852.91138122816
118.059093785528,14.8963314477197,859
118.026418604208,14.9356588599564,871.60348931928
118.009959804586,14.9554612451614,877.918955197763
117.993419441602,14.9753568930082,884.243595131338
117.96158351699,15.0136371144146,896.354941210249
117.945551794196,15.0329071485129,902.423247724747
117.929443545793,15.0522645289244,908.5
117.895902650593,15.0925558930693,921.087941193903
117.879009053222,15.1128418593063,927.395103104456
117.862032592027,15.1332221591156,933.711083816563
117.829266550442,15.17254323078,945.839249902263
117.812767310615,15.1923359087082,951.91554374812
117.796189894379,15.2122174189415,958
117.761757743303,15.2534964713324,970.572443581608
117.726990590205,15.2951553636333,983.178802118096
117.693264835197,15.3355454754709,995.323620858176
117.659221220534,15.3762952924007,1007.5
117.623833596743,15.4186315026841,1020.07004160769
117.588103689129,15.4613540260368,1032.67290433428
117.553423480472,15.5027990971749,1044.82116506304
117.518418107642,15.5446104204941,1057
117.482081590748,15.587987910162,1069.5546440837
117.445395899451,15.631757605109,1082.1409665081
117.409691767138,15.6743323928491,1094.30565081738
117.373654117293,15.7172810149246,1106.5
117.336259948923,15.7618209022713,1119.06540313811
117.298507420021,15.8067613419384,1131.66158906888
117.224795326783,15.8944315504805,1156
117.187056484006,15.9392774385597,1168.33192261882
117.148964347428,15.9845161767872,1180.69249676883
117.110514095065,16.0301526782991,1193.08182241803
117.071700815942,16.0761919379236,1205.5
117.03764929992,16.1165596155959,1216.32268603573
117.003318698381,16.1572360527987,1227.16682464455
117.000773652772,16.1602506527621,1227.96806731163
116.998227067245,16.1632669545028,1228.76942721957
116.993129271031,16.1693046687669,1230.37249886094
116.988025298836,16.1753492065976,1231.97603977464
116.982915139758,16.1814005789952,1233.58005016674
116.972676217414,16.1935238713666,1236.78948021112
116.962412416052,16.205674634595,1240.00079064521
116.952123647508,16.2178529575328,1243.21398312205
116.941809823198,16.2300589294139,1246.42905929664
116.921106652477,16.254554176891,1252.86486936871
116.914221253133,16.2626989361543,1255
116.894974000205,16.2854618046991,1260.95463912357
116.875640427087,16.3083196902487,1266.91556486065
116.85621996743,16.3312731603415,1272.88278717215
116.846476976137,16.342785918952,1275.86876266185
116.836712048542,16.3543227885748,1278.85631604003
116.834731055301,16.3566630313407,1279.46176837359
116.832749158135,16.3590042672908,1280.0672855322
116.812750379111,16.3826248544812,1286.16558487831
116.792659344842,16.4063467391111,1292.27046329956
116.752198023239,16.4540968807203,1304.5
116.725997215138,16.4850009110193,1312.37329995064
116.699640748765,16.5160753025361,1320.25731532995
116.673127266258,16.5473214028974,1328.15206802809
116.646455393672,16.5787405739541,1336.05757999491
116.585462477461,16.6505382306342,1354
116.570535329125,16.6680987897108,1358.36264868231
116.53185837693,16.7135790655566,1369.61505306817
116.492852120743,16.7594173426034,1380.88870621486
116.453512424226,16.8056176794692,1392.1836683677
116.413835080225,16.8521841963699,1403.5
116.369695716589,16.9039515895154,1416.00091043435
116.32513874841,16.9561703495893,1428.52728207025
116.293033203309,16.9937726394231,1437.49595584382
116.237127935974,17.0592013687767,1453
116.18345870255,17.1219556649024,1467.75058586692
116.12918745193,17.1853564789939,1482.53582354711
116.092303543618,17.2284120161753,1492.51001140198
116.055139070018,17.2717679876571,1502.5
115.960979028076,17.3814928694099,1527.54507831142
115.902804890726,17.4491956634989,1542.83118695309
115.867651382971,17.4900746217998,1552
115.815257769884,17.5509560033264,1565.57126913744
115.762320255635,17.6124138843894,1579.170417641
115.718565723294,17.6631685624381,1590.32581136295
115.674436189305,17.7143194713189,1601.5
115.574654145131,17.8298337641432,1626.48639000535
115.493310588691,17.9238543508352,1646.57372505332
115.475249435841,17.9447121597619,1651
115.42249090712,18.005602284354,1663.8601754062
115.369207179691,18.0670414043447,1676.74440637374
115.319745750924,18.1240216943181,1688.61198033775
115.269827458305,18.1814779207472,1700.5
115.163814592109,18.3033309997172,1725.4548124004
115.064606590586,18.4171544920212,1748.45502649824
115.057890227474,18.4248530354619,1750
115.002715739635,18.488061031377,1762.63439076853
114.946993274843,18.5518332919195,1775.29117016255
114.893321593877,18.6131980549706,1787.3853461322
114.839136516466,18.6750895118104,1799.5
114.72642063691,18.8036416335966,1824.39975341869
114.671572353237,18.8661006302521,1836.37139519048
114.616200586252,18.929092297307,1848.36269448377
114.614723222744,18.9307720916209,1848.68134029567
114.613245484726,18.9324522662727,1849
114.584269036326,18.9653890283033,1855.23500903794
114.555148378924,18.9984720674359,1861.47531612652
114.496470084573,19.0650807925063,1873.9718514899
114.438456587991,19.1308640737039,1886.22570701501
114.37986916537,19.1972265663086,1898.5
114.320459804721,19.2644464801482,1910.84442848281
114.26045710807,19.3322623694559,1923.2092043829
114.199852026104,19.4006820497965,1935.59437804998
114.138635317123,19.4697134770909,1948
114.080042031599,19.5357123178927,1959.77676083581
114.020882642898,19.6022749791029,1971.5719790383
114.017429498061,19.6061579599881,1972.25753325194
114.013974414193,19.6100428678099,1972.94314986794
113.983001923251,19.6448571124494,1979.07486614926
113.95187315546,19.6798264687117,1985.21157586195
113.920586905455,19.7149519596689,1991.35328510815
113.889141954925,19.7502346176371,1997.5
113.825582458275,19.8214868593432,2009.84502897631
113.761371641636,19.8933816285611,2022.2100063482
113.63095492793,20.0391332194694,2047
113.559674447356,20.1186407925014,2060.36870830591
113.497688093078,20.1876926299993,2071.89234040359
113.363606262383,20.3367741098691,2096.5
113.215637351518,20.5008445789207,2123.16098513565
113.086586106825,20.6435505387465,2146
113.079750807196,20.6510989581955,2147.19913328747
112.9410169633,20.8040863663648,2171.31202186828
112.799342764577,20.9598816400603,2195.5
112.72564255415,21.0407536172913,2207.91232549126
112.651132726426,21.1223925597001,2220.34447117778
112.580395596642,21.1997846548187,2232.04013039989
112.501275455579,21.2862176024104,2245
112.348226767325,21.4530190657226,2269.71064065429
112.191729415343,21.6230417600932,2294.5
112.126678780088,21.6935541332508,2304.66492071891
112.061021157983,21.764628814609,2314.84316635167
112.031810217539,21.7962188756023,2319.34536379588
111.869987314069,21.9708761386749,2344
111.68188274953,22.1731619709857,2372.0612614952
111.535267003833,22.3302794949627,2393.5
111.520432896951,22.3461491580924,2395.64836841572
111.500883192516,22.3670560298029,2398.47391666304
111.481280966054,22.3880104116353,2401.3004964165
111.441918063068,22.4300623583174,2406.95675270202
111.402342399759,22.47230631889,2412.61714179685
111.362552168825,22.5147436244054,2418.28166823218
111.275154406412,22.6078298401029,2430.63099049315
111.186711233811,22.7018533605663,2443
111.006231121694,22.8931700822818,2467.84827539613
110.9153561018,22.9892211165925,2480.16420665138
110.823369168805,23.0862557460471,2492.5
110.636136426125,23.2831659333597,2517.20988262419
110.444192748866,23.4841978063056,2542
110.33416234898,23.5990568979497,2555.96968856544
110.222542151639,23.7152912833054,2569.96536136428
110.21984511563,23.7180962640627,2570.30136722411
110.217147143483,23.7209020509303,2570.63738807489
110.211748388719,23.7265160444121,2571.3094747533
110.200939622884,23.7377537203017,2572.65382804564
110.179276950273,23.760267907484,2575.34325459725
110.135770110054,23.8054522640542,2580.72498936814
110.048022911544,23.8964500792047,2591.5
109.946006809833,24.0020221277519,2603.89554466347
109.842649850257,24.1087366766174,2616.31173760945
109.699258654264,24.2563768997801,2633.30425228385
109.633566954747,24.3238562086132,2641
109.527200414752,24.4329051104316,2653.34395023328
109.419402826517,24.5431533347553,2665.70856565713
109.310143225111,24.654621393767,2678.09389820886
109.199389681133,24.7673303058226,2690.5
109.154977833294,24.8124460687131,2695.43330787115
109.054120305109,24.914731549931,2706.54938086619
108.952001417753,25.01805470808,2717.68249439006
108.743877214322,25.2278799867353,2740
108.696813567473,25.275188051117,2744.97932763395
108.590522375049,25.3818407226681,2756.13924688407
108.483012867116,25.4894470130086,2767.30765889383
108.374261957407,25.5980205427095,2778.48457336147
108.264245925855,25.7075752170032,2789.67
108.178683238426,25.7925829548879,2798.28585062775
107.972089621899,25.9971286297329,2818.79348811137
107.760947439379,26.2051422259366,2839.33
107.645447963868,26.318486961866,2850.3872878975
107.440782996012,26.5185631263621,2869.68099414036
107.336820398115,26.6198172291775,2879.33733150893
107.231745424924,26.7218961495018,2889
107.230439481087,26.7231632204516,2889.1000846569
107.229133275856,26.7244305048336,2889.20017366278
107.226520080875,26.7269657141253,2889.40036472264
107.221290550453,26.7320386964439,2889.80079904268
107.210818908737,26.7421949290364,2890.60187654757
107.189825148931,26.7625485704776,2892.20486752515
107.147634491968,26.8034213990677,2895.41419742546
107.062430630755,26.8858360489628,2901.84628168333
106.976110467822,26.9691560161618,2908.29632769777
106.888649947526,27.0533975976965,2914.76441081194
106.720478284584,27.2148730649939,2927.01472392131
106.547985434488,27.379804858716,2939.33
106.364346660107,27.5546227760601,2952.17095087527
106.270657143186,27.6435055912522,2958.61750086836
106.175683309094,27.733395490846,2965.08152815299
105.992680638409,27.9060020367471,2977.33921702579
105.80478088963,28.082405466227,2989.66
105.604658526141,28.2693679287612,3002.49571543133
105.398820432108,28.4606850219406,3015.39890143113
105.198650306418,28.64577609629,3027.66381416945
104.992862586354,28.8350773542551,3039.99
104.773567783548,29.0357059534674,3052.81908434385
104.547684642819,29.2411788445478,3065.71352997519
104.327353580691,29.4404454128126,3077.98700900047
104.100482001295,29.6444354476969,3090.32
103.858399040324,29.8607706138428,3103.14955388861
103.608590053547,30.0825700358237,3116.04247592231
103.364266878423,30.2980858897071,3128.32235675033
103.112193909951,30.5189757078437,3140.66
102.842899744224,30.7533186245056,3153.48051912725
102.564374419075,30.9939182460992,3166.3623986169
102.290903163309,31.228398308538,3178.6481624524
102.008039788625,31.4691074281886,3190.99
101.390757236952,31.9879806892563,3216.69183982688
101.081067546144,32.2449958118979,3228.97873402073
100.759668096253,32.5094054065753,3241.32
100.07247459673,33.0668458818179,3266.37483646147
99.3262326701355,33.660075639615,3291.65
99.0467172424317,33.879055754861,3300.62894076405
98.8410914919601,34.0390336006196,3307.07193322699
98.5042722979362,34.2990461438741,3317.33618064189
97.7644981164473,34.861311849928,3338.6688674973
97.6444293389,34.9514344194524,3341.98
97.111453797829,35.3476794767772,3356.19208780315
96.5445635897317,35.7623724879847,3370.47067351015
96.088008582834,36.0913252913082,3381.37088028597
95.6066206876821,36.4333536316368,3392.31
95.6041670179395,36.435084379234,3392.36434000005
95.1414927908251,36.759170808632,3402.36247766525
93.4788932654229,37.8869605893915,3434.44472730291
93.0003103850694,38.2010985921057,3442.64
91.421065637773,39.2052115652454,3466.70910756626
89.7602868129809,40.2087243033846,3487.5369695979
89.2617461684605,40.4997471410891,3492.97
88.6551949866101,40.8475866358449,3499.1039710572
83.7829088133439,43.4042355890678,3531.7293278752
79.3905958679229,45.3734118707886,3540.14902857668
74.6965768719983,47.1624884880918,3531.7293278752
68.686333768206,49.0293919339726,3499.1039710572
67.8711540262321,49.2489388801029,3492.97
67.1892590971045,49.4267303172341,3487.5369695979
64.8381655095074,49.9998344096569,3466.70910756626
62.4850835378026,50.5135633004594,3442.64
61.7487022107131,50.6624297660056,3434.44472730291
59.1042282922563,51.1517645781588,3402.36247766525
58.3441559455044,51.2795935318581,3392.36434000005
58.3400968087195,51.2802611042449,3392.31
57.5379383341371,51.4090625591006,3381.37088028597
56.7664838292531,51.5271158481538,3370.47067351015
55.7940845863979,51.6678873961138,3356.19208780315
54.865177654558,51.7940958676073,3341.98
54.6539490237583,51.8216778615155,3338.6688674973
53.3365982722171,51.9844474208308,3317.33618064189
52.7277536098487,52.0543331080357,3307.07193322699
52.3532822464943,52.0956533865083,3300.62894076405
51.8408831127193,52.1501513804895,3291.65
50.4540069631642,52.285912763467,3266.37483646147
49.1528086080708,52.3978459491746,3241.32
48.5364234394749,52.4457004364286,3228.97873402073
47.9378384020839,52.4890132828344,3216.69183982688
46.7312662859793,52.5669100637855,3190.99
46.1724663033292,52.5987462949269,3178.6481624524
45.6287499010543,52.6271581406269,3166.3623986169
45.0715210613083,52.6536586338184,3153.48051912725
44.5294802209217,52.6769012361767,3140.66
44.0192204090396,52.6965014394403,3128.32235675033
43.5220257340005,52.7134774413944,3116.04247592231
43.0110373535576,52.7287454175844,3103.14955388861
42.5133542495335,52.7414957764432,3090.32
42.044746361195,52.7515913591907,3077.98700900047
41.5876461434668,52.7596561372248,3065.71352997519
41.1170136753157,52.7661215185953,3052.81908434385
40.6581912440718,52.7706304632333,3039.99
40.2259420762781,52.7732585278776,3027.66381416945
39.8039533467854,52.7743086984592,3015.39890143113
39.3684619620301,52.773822702471,3002.49571543133
38.9435818166299,52.7718117887943,2989.66
38.5433480305985,52.7685289547214,2977.33921702579
38.1523556375355,52.7640206909623,2965.08152815299
37.9489853813482,52.76116715666,2958.61750086836
37.7480648989415,52.7580060752903,2952.17095087527
37.3533919731481,52.7508068049086,2939.33
36.9816629690041,52.7428256083484,2927.01472392131
36.6183239789348,52.7338982472249,2914.76441081194
36.4290100110835,52.7288051909501,2908.29632769777
36.2419308919492,52.7234748877176,2901.84628168333
36.0570462457831,52.7179165294526,2895.41419742546
35.965414467036,52.7150546073121,2892.20486752515
35.9197991019248,52.7136034346746,2890.60187654757
35.8970412896527,52.712872853709,2889.80079904268
35.8856748186866,52.7125063217819,2889.40036472264
35.8799946879582,52.7123227463555,2889.20017366278
35.8771553982786,52.7122308813887,2889.1000846569
35.8743166255308,52.7121389649621,2889
35.6457446325644,52.704514239119,2879.33733150893
35.4192708625311,52.6965232206464,2869.68099414036
34.9725099575685,52.6794847692406,2850.3872878975
34.7198630780899,52.6690996159435,2839.33
34.2570541795629,52.6486684320623,2818.79348811137
33.8030612918664,52.6268544327379,2798.28585062775
33.6147113091856,52.6172883811258,2789.67
33.3722593547441,52.6045284385774,2778.48457336147
33.1322997952621,52.5914046520709,2767.30765889383
32.8947965107225,52.5779296437024,2756.13924688407
32.6597140525864,52.5641156414317,2744.97932763395
32.5555397533341,52.5578424095815,2740
32.0942561163293,52.5289431100138,2717.68249439006
31.8675693432702,52.5140696260919,2706.54938086619
31.6434621975583,52.4989294708231,2695.43330787115
31.5447101980117,52.4921202730902,2690.5
31.2982663284836,52.4747593413707,2678.09389820886
31.0549034720079,52.4570990949784,2665.70856565713
30.8145668431182,52.4391539941984,2653.34395023328
30.577202923373,52.4209379407971,2641
30.4305022208113,52.4094343550158,2633.30425228385
30.1100140959186,52.3836500724811,2616.31173760945
29.8787811317058,52.364489150791,2603.89554466347
29.6503705047903,52.3451023424206,2591.5
29.4537707317238,52.3280489686426,2580.72498936814
29.356246861653,52.3194635683154,2575.34325459725
29.3076772335323,52.3151565914309,2572.65382804564
29.2834402859888,52.3129995832242,2571.3094747533
29.2713337526897,52.3119202053081,2570.63738807489
29.2652834678962,52.3113802986599,2570.30136722411
29.2592351697673,52.3108402471751,2569.96536136428
29.0088213508413,52.2881979205772,2555.96968856544
28.7617927713882,52.2653195365961,2542
28.3304516404394,52.2240765774005,2517.20988262419
27.9092268032266,52.1822065899448,2492.5
27.7021210663767,52.1610404967489,2480.16420665138
27.4974214311692,52.1397437841475,2467.84827539613
27.0906121936815,52.0963056143136,2443
26.8911343201995,52.0744626308494,2430.63099049315
26.69393956481,52.0525173452794,2418.28166823218
26.6041376382276,52.0424072459763,2412.61714179685
26.5148058051117,52.0322777759969,2406.95675270202
26.4259405577076,52.0221296025283,2401.3004964165
26.3816818141067,52.017048706994,2398.47391666304
26.3375384168628,52.0119633805261,2395.64836841572
26.3040407451119,52.0080926598746,2393.5
25.9728650537709,51.9692766650911,2372.0612614952
25.5477422496416,51.9179862193454,2344
25.1818344694778,51.8725170887404,2319.34536379588
25.1157678143734,51.8641765168575,2314.84316635167
24.9672530178294,51.8452808219178,2304.66492071891
24.820090172635,51.8263568556324,2294.5
24.4659727691781,51.7800009856618,2269.71064065429
24.1195713442298,51.7335314301956,2245
23.9404682648856,51.7090673953504,2232.04013039989
23.7803290316154,51.6869404357644,2220.34447117778
23.6116383090425,51.6633727594851,2207.91232549126
23.4447721190656,51.6397978575354,2195.5
23.1239893942748,51.5937431672238,2171.31202186828
22.8098579886058,51.5477037058484,2147.19913328747
22.794381108501,51.5454112915865,2146
22.50218233024,51.5017052041141,2123.16098513565
22.1671762668989,51.450597570911,2096.5
21.8636499148396,51.4033673360002,2071.89234040359
21.7233454262347,51.3812369386774,2060.36870830591
21.5620192095446,51.3555569797135,2047
21.2669012400344,51.3079309966107,2022.2100063482
21.1216259376756,51.284177397779,2009.84502897631
20.9778433415233,51.2604664668098,1997.5
20.9067168931698,51.2486629277663,1991.35328510815
20.8359545622961,51.2368710053246,1985.21157586195
20.765553687318,51.225090953851,1979.07486614926
20.6955116318783,51.2133230221836,1972.94314986794
20.6876985490618,51.2120073621411,1972.25753325194
20.6798899201252,51.2106918571523,1971.5719790383
20.5461231957012,51.1880639950775,1959.77676083581
20.4136576986441,51.1654838785927,1948
20.27528503123,51.1417132787458,1935.59437804998
20.1383200438738,51.1179994210258,1923.2092043829
20.0027423311696,51.09434402808,1910.84442848281
19.868531870639,51.0707487442811,1898.5
19.7362052983135,51.0473104800034,1886.22570701501
19.6052025995941,51.023935988627,1873.9718514899
19.4727277443633,51.0001257334903,1861.47531612652
19.4069947841969,50.9882465542165,1855.23500903794
19.3415948953472,50.9763849055246,1849
19.3382598427812,50.9757788822905,1848.68134029567
19.3349256553943,50.9751729055346,1848.36269448377
19.2099744625044,50.9523835874646,1836.37139519048
19.0862331491013,50.9296613716674,1824.39975341869
18.8320319909335,50.8825025342397,1799.5
18.7098782304109,50.8596101925498,1787.3853461322
18.5889128013039,50.8367926101152,1775.29117016255
18.4633588069091,50.8129534784306,1762.63439076853
18.3390740658435,50.7891985092185,1750
18.3239473378831,50.786296618999,1748.45502649824
18.1005711067731,50.7431744216425,1725.4548124004
17.8620056992376,50.6965599777909,1700.5
17.749721633474,50.6744194213292,1688.61198033775
17.6384972430958,50.6523607542116,1676.74440637374
17.51871403964,50.6284629500837,1663.8601754062
17.4001495090298,50.604663276953,1651
17.3595694154168,50.5964843710348,1646.57372505332
17.1768623381663,50.5594497406386,1626.48639000535
16.9528708163598,50.5135764826153,1601.5
16.8538556438286,50.4931326739041,1590.32581136295
16.7557110742344,50.4727681886083,1579.170417641
16.6370079223571,50.4480040610677,1565.57126913744
16.5195677020288,50.4233589250142,1552
16.4407957035287,50.4067477434441,1542.83118695309
16.3104830705137,50.3791253562956,1527.54507831142
16.099679057127,50.3340642201119,1502.5
16.0165170018834,50.3161591450369,1492.51001140198
15.9340062092995,50.2983222842458,1482.53582354711
15.812642258763,50.2719557436247,1467.75058586692
15.6926756881653,50.2457397275761,1453
15.567765853394,50.2182814080078,1437.49595584382
15.4960577204278,50.2024433140915,1428.52728207025
15.3965706237688,50.1803791373134,1416.00091043435
15.2980524054183,50.1584259288143,1403.5
15.2095246594277,50.1386105796031,1392.1836683677
15.1217798834189,50.1188878137587,1380.88870621486
15.0348082488913,50.099257480681,1369.61505306817
14.9486000877703,50.0797194166437,1358.36264868231
14.9153363890309,50.0721592545919,1354
14.7794654734651,50.041154984008,1336.05757999491
14.7200732215607,50.0275398651584,1328.15206802809
14.6610478967253,50.0139711623971,1320.25731532995
14.6023862811145,50.0004487928955,1312.37329995064
14.5440851936224,49.9869726712693,1304.5
14.4540799184366,49.9660959764766,1292.27046329956
14.4094005000481,49.9556999912497,1286.16558487831
14.364934616815,49.9453321874667,1280.0672855322
14.3605284639178,49.9443036662737,1279.46176837359
14.3561244030522,49.9432754227376,1278.85631604003
14.3344166322736,49.9382040958156,1275.86876266185
14.3127596278746,49.9331395268704,1272.88278717215
14.2695972472147,49.923030640616,1266.91556486065
14.2266359176664,49.9129487169164,1260.95463912357
14.1838743103006,49.9028937087102,1255
14.1685789470837,49.8992923043529,1252.86486936871
14.1225946390338,49.8884496058193,1246.42905929664
14.0996897991162,49.8830402394413,1243.21398312205
14.0768428909411,49.8776388508844,1240.00079064521
14.0540537065607,49.8722454317871,1236.78948021112
14.0313220390007,49.8668599737367,1233.58005016674
14.0199777093871,49.8641702274078,1231.97603977464
14.0086476818017,49.8614824681632,1230.37249886094
13.9973319306441,49.8587966949375,1228.76942721957
13.9916794007136,49.8574545527411,1227.96806731163
13.9860304303169,49.8561129066486,1227.16682464455
13.9098442609137,49.8379843715979,1216.32268603573
13.8343030668338,49.8199465411579,1205.5
13.7482295758913,49.799317499832,1193.08182241803
13.6629943821384,49.7788091622553,1180.69249676883
13.5785859455282,49.7584209623538,1168.33192261882
13.4949929324657,49.7381523255745,1156
13.3318122361977,49.6983638214449,1131.66158906888
13.248286198163,49.6778835416889,1119.06540313811
13.1655860167897,49.6575295147478,1106.5
13.0859171976234,49.6378497022912,1094.30565081738
13.0070162249941,49.6182899534423,1082.1409665081
12.9259780397524,49.5981281590536,1069.5546440837
12.8457432713131,49.5780940316189,1057
12.7684782304777,49.5587334032326,1044.82116506304
12.6919605501164,49.5394941677968,1032.67290433428
12.6131579097975,49.5196117869421,1020.07004160769
12.5351414766705,49.499859068897,1007.5
12.4601176711627,49.4807994713022,995.323620858176
12.3858231510194,49.4618626633357,983.178802118096
12.3092647327195,49.4422836681172,970.572443581608
12.2334744097947,49.4228358756911,958
12.1969958824671,49.4134523228777,951.91554374812
12.1606964127989,49.4040998724164,945.839249902263
12.0886297327244,49.3854878471706,933.711083816563
12.051302127208,49.3758244116089,927.395103104456
12.0141641818305,49.3661943722318,921.087941193903
11.9404518867334,49.34703399301,908.5
11.9050615546206,49.3378128516279,902.423247724747
11.8698461496366,49.3286231285286,896.354941210249
11.7999352947227,49.3103374745359,884.243595131338
11.7636237278228,49.3008179328366,877.918955197763
11.7274984661088,49.2913322886361,871.60348931928
11.6558015253273,49.2724621656417,859
11.6213538651738,49.2633748650537,852.91138122816
11.5870778384279,49.2543193499411,846.831503704974
11.5190359184957,49.2363031831588,834.697897215213
11.4838209706298,49.2269580906419,828.384305116467
11.4487875087859,49.2176470248998,822.080138932514
11.3792598323644,49.1991264195394,809.5
11.3127181657633,49.1813491086313,797.373209296456
11.2796970795115,49.1725082321816,791.323321138095
11.2468409421599,49.1636990353449,785.282411049003
11.178352756245,49.1452963147907,772.621532191134
11.1443763967753,49.1361467799312,766.3058592348
11.1274545811139,49.1315849034521,763.151704332378
11.1105767938496,49.1270315962377,760
11.0447410048931,49.1092388238999,747.624980525305
10.9946032148354,49.0956548995642,738.10585056905
10.9452942846945,49.0822670953214,728.662576868828
10.8967955568209,49.0690717243368,719.29425629553
10.8490889088377,49.0560651833048,710
10.8179633555333,49.0475649685022,703.893262828064
10.7871713963763,49.0391447568863,697.818265601651
10.7866476850562,49.0390014499486,697.714649662011
10.72656901097,49.0225404666134,685.762506287605
10.7255438384409,49.0222592139008,685.557420936635
10.6962417361014,49.0142150941201,679.679239165515
10.6672435237312,49.0062445324217,673.830777988988
10.6500951216715,49.0015264348799,670.357470241551
10.6330523447186,48.9968339942022,666.894602614602
10.6161143053005,48.9921670276641,663.442128107172
10.6076842855466,48.9898430400152,661.719773662561
10.5992801216567,48.9875253530973,660
10.5422640361633,48.9717797276516,647.44308825296
10.5391547923192,48.970919981294,646.754516626808
10.4863752996231,48.9563084876333,635.004994961893
10.4802826272385,48.9546196882077,633.641205778202
10.43158368085,48.9411054074496,622.6840416075
10.4226282168084,48.9386171776756,620.658098913648
10.3778599776022,48.9261644319847,610.478581138349
10.3757646076784,48.9255810065986,610
10.3661574200934,48.9229053639007,607.803266391352
10.3251759732653,48.9114796710997,598.386997236882
10.322607509685,48.9107629216788,597.794365946859
10.2704816352965,48.8962000236071,585.703166460287
10.2193597970527,48.8818865554101,573.724799718285
10.1614112367675,48.8656244360216,560
10.1329157825819,48.8576132161092,553.192741540924
10.1104566362589,48.8512922884162,547.800018114301
10.0978748656116,48.8477486562821,544.768301784382
10.0853550081063,48.8442206048489,541.743844590016
10.072896649188,48.8407080442076,538.726620490491
10.060499377838,48.8372108850817,535.716603569497
10.0554185758434,48.835777111262,534.480806121155
10.0528820145254,48.8350611936157,533.863362308618
10.051614692256,48.8347034767755,533.554754032585
10.0503480083331,48.8343459211313,533.246221472873
10.0446742190892,48.8327441084163,531.863248856533
10.0390132245874,48.8311455283077,530.481796516729
10.0361875129986,48.8303474477775,529.791639667362
10.0333649853747,48.8295501721868,529.101861948018
10.0305456368289,48.8287537004684,528.412463046378
10.0291371531755,48.8283557657253,528.067905554689
10.0284332087385,48.828156873575,527.895662281578
10.0277294624608,48.8279580315502,527.723442650462
10.0143847161665,48.8241863921605,524.453026404614
10.0115130641401,48.8233744985613,523.748093657487
9.97893327724606,48.8141564741142,515.721110339925
9.95584588894597,48.8076165869825,510
9.92067635258529,48.7976420865262,501.231837635871
9.879144760881,48.7858443373916,490.793867695779
9.83831826255268,48.7742269227141,480.443297181012
9.79818066024738,48.7627862305834,470.179032946135
9.75871622799225,48.7515187373565,460
9.7398776432675,48.7461335961719,455.110153799645
9.7211910712298,48.7407877342763,450.239855181777
9.70265484795239,48.7354807749575,445.388987165494
9.68426733264546,48.7302123459285,440.55743370145
9.66602690726383,48.7249820792672,435.745079662605
9.64793197612344,48.7197896113567,430.951810835079
9.62998096552478,48.7146345828265,426.177513909115
9.61217232338414,48.7095166384952,421.42207647015
9.60147474936068,48.706440491305,418.556340878194
9.5908283115954,48.7033776918648,415.697432495386
9.58023267835192,48.700328163879,412.845326953464
9.57495380980231,48.6988083527828,411.421817664446
9.56968751922274,48.6972918311825,410
9.53193814199474,48.6864115257438,399.307878836069
9.49478228748775,48.6756856465448,388.697138499809
9.45820733145672,48.6651113195423,378.166853394176
9.42220098970419,48.654685736005,367.716111905669
9.39580190295278,48.6470320461488,360
9.38675126965988,48.6444061399683,357.344016141245
9.36254493186593,48.6373782034156,350.213610508655
9.3518465682785,48.634269858042,347.049681671167
9.3297713506193,48.6278516931214,340.49665633665
9.29747169600884,48.6184503206745,330.84840112145
9.2656366681132,48.6091719169711,321.268118876023
9.22849308620779,48.5983309141547,310
9.1965075837936,48.588982081103,300.217481876511
9.16499131219111,48.5797583445488,290.505624974055
9.13393497124893,48.5706575039212,280.863666446062
9.10332949399557,48.5616774061158,271.290854387338
9.06752125997293,48.5511563928739,260
9.03676109333162,48.5421062157481,250.221496159884
9.00645659456501,48.5331789224539,240.514923480173
8.97659865194375,48.5243723174768,230.879491175603
8.94717838405033,48.5156842534788,221.314420010072
8.92984278990119,48.5105599934647,215.644922069009
8.91265788789269,48.5054766841297,210
8.89623252042178,48.5006147012253,204.581591531031
8.87985194522055,48.4957627202575,199.16578174378
8.84722447711675,48.4860886602155,188.341950740003
8.82968097548967,48.4808816642391,182.501932901358
8.8121888865453,48.4756862083897,176.664936727765
8.7773580903241,48.4653297876583,165
8.76979785615866,48.4630799172946,162.460614540196
8.74024769776612,48.4542793413871,152.509498489537
8.71084436373769,48.4455119520482,142.567164179106
8.69336837697284,48.440296035476,136.638571687629
8.66890788434037,48.4329892658323,128.316210957766
8.64454877531037,48.4257055390365,120
8.62171614207378,48.4188716852931,112.178010498598
8.58857283340272,48.4089405148472,100.775120697231
8.57170165834442,48.4038800332805,94.9483509011809
8.55488945525873,48.3988337843897,89.126912393105
8.53813593500331,48.3938017163647,83.3107978594423
8.52144081027498,48.3887837776107,77.5
8.50627191754248,48.3842216150981,72.2074135776759
8.4911511017541,48.3796711131395,66.9192339716901
8.47607814918722,48.3751322331107,61.6354556803995
8.46105284735197,48.3706049365342,56.3560732113143
8.44587426156797,48.3660286493197,51.0103056534594
8.43074417872792,48.3614641794982,45.6690413893526
8.41566238148998,48.3569114874786,40.3322747310044
8.40813952213516,48.3546395457344,37.6655762291114
8.40438259052891,48.3535046737865,36.332647874741
8.40250524777942,48.3529375122764,35.6662888829499
8.40062865317662,48.3523705336408,35
8.39623396385744,48.3510425900653,33.125
8.3959410868178,48.3509540829804,33
8.39184214939613,48.3497152788046,31.25
8.38306713380871,48.3470625515968,27.5
8.37430358397468,48.3444123487579,23.75
8.36992610171866,48.3430881929594,21.875
8.3677384325337,48.3424263512875,20.9375
8.36664486577439,48.3420954894863,20.46875
8.36555147751245,48.3417646670329,20
8.3599903929461,48.3400818433449,17.3283812080545
8.35443441616131,48.3384001866547,14.6567624161089
8.34682255190624,48.3360956491534,10.9925718120812
8.33922026454407,48.3337933018526,7.32838120805445
8.33162753606258,48.3314931418581,3.66419060402677
8.32783475078563,48.3303438811974,1.83209530201384
8.32593925190689,48.3297694555432,0.916047651006011
8.32499172578494,48.3294822938655,0.458023825503005
8.32404434849467,48.3291951662798,0
