-72.09,-32.33,10.6
-72.0896221753693,-32.3296637875291,10.9925718120812
-72.0860934975741,-32.326523569872,14.6567624161089
-72.0835182501443,-32.3242316231822,17.3283812080545
-72.0809409479679,-32.3219376792488,20
-72.0804349497885,-32.3214872926014,20.46875
-72.079928881134,-32.3210368367239,20.9375
-72.0789165323403,-32.320135717215,21.875
-72.0768909883991,-32.3183326467349,23.75
-72.0728365117744,-32.3147231763461,27.5
-72.0687775104804,-32.3111092598901,31.25
-72.0667463106985,-32.3093006318213,33.125
-72.0647139768864,-32.3074908891543,35
-72.063848814507,-32.3067204517714,35.6662888829499
-72.0629833440118,-32.3059497209942,36.332647874741
-72.0612514780695,-32.3044073786366,37.6655762291114
-72.0577840421255,-32.3013191663474,40.3322747310044
-72.0508343199139,-32.2951285964983,45.6690413893526
-72.0438647315683,-32.288919098929,51.0103056534594
-72.0368751982741,-32.2826905927574,56.3560732113143
-72.0299586138223,-32.276525871365,61.6354556803995
-72.0230224556306,-32.2703424838127,66.9192339716901
-72.0160666468087,-32.2641403510973,72.2074135776759
-72.0090911100755,-32.2579193937815,77.5
-72.0014164865582,-32.2510735453451,83.3107978594423
-71.9937179277435,-32.2442048429606,89.126912393105
-71.9859953299779,-32.2373131799463,94.9483509011809
-71.9782485890269,-32.2303984489741,100.775120697231
-71.9630387518535,-32.2168177313097,112.178010498598
-71.9525672100279,-32.2074643746324,120
-71.9414014977484,-32.1974879026864,128.316210957766
-71.9301954072358,-32.1874721664396,136.638571687629
-71.9221928661159,-32.1803177320431,142.567164179106
-71.9087356166624,-32.1682830058713,152.509498489537
-71.8952200306187,-32.1561914741753,162.460614540196
-71.8917635732032,-32.1530984564466,165
-71.8758468044607,-32.138851382726,176.664936727765
-71.8678580162072,-32.1316982022408,182.501932901358
-71.8598488613941,-32.1245251555309,188.341950740003
-71.8449616912164,-32.1111877807175,199.16578174378
-71.8374916670983,-32.1044932816577,204.581591531031
-71.8300039382763,-32.0977814907467,210
-71.8221732055755,-32.0907607141689,215.644922069009
-71.8142771680892,-32.0836798070123,221.314420010072
-71.8008845097225,-32.0716660816543,230.879491175603
-71.787302538693,-32.0594778716955,240.514923480173
-71.7735276473571,-32.0471117407377,250.221496159884
-71.7595561411332,-32.0345641663638,260
-71.7433050825294,-32.0199631092621,271.290854387338
-71.7294265647024,-32.007488377961,280.863666446062
-71.7153542692694,-31.9948344583986,290.505624974055
-71.7010845475798,-31.9819978585111,300.217481876511
-71.6866136640746,-31.9689749996952,310
-71.6698234197265,-31.953858176393,321.268118876023
-71.6554450121084,-31.9409070982583,330.84840112145
-71.6408682269882,-31.927771954196,340.49665633665
-71.6309123554553,-31.918797601958,347.049681671167
-71.626089356651,-31.9144491790712,350.213610508655
-71.6151814068832,-31.9046123669717,357.344016141245
-71.6111046385943,-31.9009351495863,360
-71.5992185928329,-31.8902115966693,367.716111905669
-71.5830193152755,-31.875590855809,378.166853394176
-71.5665788287024,-31.8607455640306,388.697138499809
-71.5498922842133,-31.8456710350931,399.307878836069
-71.5329547094448,-31.830362458205,410
-71.530595877099,-31.8282299092685,411.421817664446
-71.5282317243266,-31.8260924077589,412.845326953464
-71.523487393578,-31.8218024853457,415.697432495386
-71.518721586889,-31.8174925653287,418.556340878194
-71.5139341735679,-31.8131625216264,421.42207647015
-71.5059672454851,-31.8059554234636,426.177513909115
-71.4979402334692,-31.798692332487,430.951810835079
-71.4898525276467,-31.7913726595941,435.745079662605
-71.481703510327,-31.7839958078154,440.55743370145
-71.4734925558807,-31.7765611721859,445.388987165494
-71.4652190306159,-31.769068139615,450.239855181777
-71.4568822926521,-31.7615160887534,455.110153799645
-71.4484816917917,-31.7539043898575,460
-71.4308963649652,-31.7379646659743,470.179032946135
-71.4130289114887,-31.7217611221377,480.443297181012
-71.3948732188931,-31.7052878229444,490.793867695779
-71.376423006881,-31.6885386628338,501.231837635871
-71.3608141004353,-31.6743620521856,510
-71.350574946402,-31.6650590736371,515.721110339925
-71.3361360112732,-31.6519357472243,523.748093657487
-71.3348638967845,-31.650779286294,524.453026404614
-71.328953499531,-31.6454056864591,527.723442650462
-71.3286418645577,-31.6451223301719,527.895662281578
-71.3283301473197,-31.6448388965996,528.067905554689
-71.327706465934,-31.6442717974869,528.412463046378
-71.3264581147102,-31.6431366705931,529.101861948018
-71.3252084439782,-31.6420003039401,529.791639667362
-71.3239574518632,-31.640862695696,530.481796516729
-71.3236569442268,-31.6405894186538,530.647530702097
-71.3214514960391,-31.6385837471541,531.863248856533
-71.3189402321007,-31.6362998101781,533.246221472873
-71.3183796364138,-31.6357899392255,533.554754032585
-71.3178187759736,-31.6352798194296,533.863362308618
-71.3166962601676,-31.6342588326569,534.480806121155
-71.3144480441645,-31.6322138658014,535.716603569497
-71.3089635441934,-31.6272246475218,538.726620490491
-71.3034537304378,-31.6222116264828,541.743844590016
-71.297918445631,-31.6171746488176,544.768301784382
-71.2923575312722,-31.6121135593965,547.800018114301
-71.2824353379512,-31.6030812249007,553.192741540924
-71.2698543774337,-31.591624948466,560
-71.2442972213143,-31.5683400183915,573.724799718285
-71.2217815117329,-31.5478122717103,585.703166460287
-71.1988531108539,-31.5268949304487,597.794365946859
-71.1977241006137,-31.5258645983616,598.386997236882
-71.1797197975542,-31.5094295019956,607.803266391352
-71.1755017471295,-31.5055778849646,610
-71.1745819057365,-31.5047378921341,610.478581138349
-71.1549406577555,-31.4867964664451,620.658098913648
-71.1510142366703,-31.4832086661064,622.6840416075
-71.1296780367174,-31.463705627618,633.641205778202
-71.1270105057242,-31.4612664648162,635.004994961893
-71.1039191594253,-31.4401443534091,646.754516626808
-71.1025597907796,-31.4389004860189,647.44308825296
-71.0776508220526,-31.4160995662735,660
-71.0739925205789,-31.4127495275408,661.719773662561
-71.0703237605296,-31.4093895668729,663.442128107172
-71.0629547050017,-31.4026397215716,666.894602614602
-71.0555433294292,-31.3958497077348,670.357470241551
-71.0480893061446,-31.3890192008479,673.830777988988
-71.0354919300927,-31.3774723346375,679.679239165515
-71.0227720950196,-31.3658090912695,685.557420936635
-71.0223272487065,-31.3654011216522,685.762506287605
-70.9962782039464,-31.3415026274569,697.714649662011
-70.9960513091703,-31.3412943881198,697.818265601651
-70.9827162526308,-31.3290534284258,703.893262828064
-70.9692474611607,-31.3166850740074,710
-70.9486245436455,-31.2977380826156,719.29425629553
-70.9276851401057,-31.2784891541985,728.662576868828
-70.9064226752239,-31.2589317264593,738.10585056905
-70.8848303999856,-31.2390590547177,747.624980525305
-70.8565198273212,-31.2129849854918,760
-70.8492695838541,-31.2063041914577,763.151704332378
-70.8420031892184,-31.19960715974,766.3058592348
-70.8274217488936,-31.1861641645508,772.621532191134
-70.7980628658242,-31.1590808987803,785.282411049003
-70.7839944082086,-31.1460950407146,791.323321138095
-70.7698657599364,-31.1330485032148,797.373209296456
-70.7414264742892,-31.1067718149492,809.5
-70.7117561523634,-31.0793355329007,822.080138932514
-70.6968233581724,-31.0655185442597,828.384305116467
-70.6818249514087,-31.0516350714518,834.697897215213
-70.6528784910783,-31.0248240346235,846.831503704974
-70.6383133354537,-31.0113252179006,852.91138122816
-70.6236864200532,-30.997763668113,859
-70.593278797946,-30.9695531895544,871.60348931928
-70.5779758807873,-30.9553470005766,877.918955197763
-70.5626063652582,-30.9410729166706,884.243595131338
-70.5330500715753,-30.9136060903536,896.354941210249
-70.518179286718,-30.8997780794361,902.423247724747
-70.5032462686681,-30.8858864664146,908.5
-70.4721805510964,-30.8569688130695,921.087941193903
-70.4565479866994,-30.8424077686831,927.395103104456
-70.4408484279723,-30.827777982811,933.711083816563
-70.4105743568892,-30.7995488570807,945.839249902263
-70.3953436197852,-30.7853379874333,951.91554374812
-70.3800499399096,-30.7710623707873,958
-70.3483136633233,-30.7414194544306,970.572443581608
-70.3163089564252,-30.7114995021421,983.178802118096
-70.2853016116703,-30.6824867388106,995.323620858176
-70.2540406630653,-30.6532115669665,1007.5
-70.2215866397835,-30.622792419056,1020.07004160769
-70.1888611204972,-30.5920912611776,1032.67290433428
-70.1571377639884,-30.5623038730924,1044.82116506304
-70.1251576262487,-30.5322490620159,1057
-70.0920045204336,-30.5010640042206,1069.5546440837
-70.0585773328713,-30.4695923770074,1082.1409665081
-70.0260874247766,-30.4389755171724,1094.30565081738
-69.993336910063,-30.4080854537248,1106.5
-69.9593990857893,-30.3760462639141,1119.06540313811
-69.925182932732,-30.3437141571428,1131.66158906888
-69.8585113497409,-30.280626699248,1156
-69.8244464416374,-30.2483486434228,1168.33192261882
-69.7901101558334,-30.2157830438113,1180.69249676883
-69.7554994448343,-30.1829262757357,1193.08182241803
-69.7206112158761,-30.1497746545241,1205.5
-69.6900439038805,-30.120702956202,1216.32268603573
-69.6592645062449,-30.091405088116,1227.16682464455
-69.6569842597327,-30.0892336218495,1227.96806731163
-69.6547028456883,-30.0870609089026,1228.76942721957
-69.6501365116541,-30.0827117389432,1230.37249886094
-69.6455654973739,-30.0783575701164,1231.97603977464
-69.6409897960877,-30.0739983943041,1233.58005016674
-69.6318243055627,-30.0652649893258,1236.78948021112
-69.6226399855699,-30.0565114585542,1240.00079064521
-69.613436781562,-30.0477377364183,1243.21398312205
-69.6042146387827,-30.0389437570674,1246.42905929664
-69.5857133182196,-30.0212947632302,1252.86486936871
-69.5795633070302,-30.0154261082367,1255
-69.5623799413614,-29.9990236649634,1260.95463912357
-69.5451316681608,-29.9825515647249,1266.91556486065
-69.527818140791,-29.9660093884186,1272.88278717215
-69.5191367972565,-29.9577118893483,1275.86876266185
-69.5104390090754,-29.9493967125935,1278.85631604003
-69.508674883254,-29.9477099504654,1279.46176837359
-69.5069100803007,-29.9460224601369,1280.0672855322
-69.4891090928469,-29.9289967829067,1286.16558487831
-69.4712390922902,-29.9118968311591,1292.27046329956
-69.435290544235,-29.8774722722144,1304.5
-69.4120403581025,-29.8551898900362,1312.37329995064
-69.3886745074482,-29.832782525543,1320.25731532995
-69.3651921763298,-29.8102491833876,1328.15206802809
-69.3415925411486,-29.7875888577956,1336.05757999491
-69.2877117164407,-29.7357984023712,1354
-69.2745434744031,-29.7231295754861,1358.36264868231
-69.2404573818225,-29.6903153088311,1369.61505306817
-69.2061299283175,-29.6572381899328,1380.88870621486
-69.1715586810601,-29.6238952206862,1392.1836683677
-69.136741174474,-29.5902833578948,1403.5
-69.0980676170237,-29.5529120434168,1416.00091043435
-69.059091559204,-29.5152090869665,1428.52728207025
-69.0310467861967,-29.4880559312787,1437.49595584382
-68.9822912970773,-29.44080183498,1453
-68.9355798719527,-29.3954708806633,1467.75058586692
-68.8884379429963,-29.3496646122394,1482.53582354711
-68.8564528601827,-29.3185528389657,1492.51001140198
-68.8242682926489,-29.2872201635039,1502.5
-68.7429218241494,-29.2079067003647,1527.54507831142
-68.6928047526998,-29.1589564175779,1542.83118695309
-68.6625719351811,-29.1293958422058,1552
-68.6175847396564,-29.0853649119353,1565.57126913744
-68.5722185262782,-29.0409096576213,1579.170417641
-68.5347886032234,-29.0041909815042,1590.32581136295
-68.497098949935,-28.9671806427213,1601.5
-68.4121038526545,-28.8835816807834,1626.48639000535
-68.3430458263017,-28.8155194261723,1646.57372505332
-68.3277406051616,-28.8004180745105,1651
-68.2830908266693,-28.75632816295,1663.8601754062
-68.2380847555688,-28.7118338473845,1676.74440637374
-68.196386402376,-28.6705625226213,1688.61198033775
-68.1543801243108,-28.6289406007625,1700.5
-68.0654269908776,-28.5406495436926,1725.4548124004
-67.9824991811452,-28.4581531500199,1748.45502649824
-67.97689599029,-28.4525726413839,1750
-67.9309188645105,-28.4067507145435,1762.63439076853
-67.884580421031,-28.3605129123239,1775.29117016255
-67.8400378355838,-28.3160142822012,1787.3853461322
-67.7951590778978,-28.2711274791552,1799.5
-67.7020908917791,-28.1778751808699,1824.39975341869
-67.656944040876,-28.1325576379655,1836.37139519048
-67.6114595796263,-28.0868474438827,1848.36269448377
-67.6102472999378,-28.0856284094962,1848.68134029567
-67.6090347795867,-28.0844090947593,1849
-67.5852723534655,-28.0605057749933,1855.23500903794
-67.561417463121,-28.0364946274853,1861.47531612652
-67.513428194425,-27.9881460453789,1873.9718514899
-67.466085614092,-27.9403901276441,1886.22570701501
-67.4183784514843,-27.8922073006074,1898.5
-67.3701082785429,-27.8433954240537,1910.84442848281
-67.3214644415895,-27.7941442030433,1923.2092043829
-67.272442692358,-27.7444479068268,1935.59437804998
-67.2230387160543,-27.6943007047665,1948
-67.1758576705474,-27.646350443779,1959.77676083581
-67.1283255478775,-27.5979846711053,1971.5719790383
-67.1255543371256,-27.5951630391006,1972.25753325194
-67.1227819286531,-27.5923399871589,1972.94314986794
-67.0979451663216,-27.5670405905583,1979.07486614926
-67.0730120862972,-27.5416269002861,1985.21157586195
-67.0479821391356,-27.5160981683416,1991.35328510815
-67.02285477107,-27.4904536401876,1997.5
-66.9721552667683,-27.4386605351056,2009.84502897631
-66.921058716241,-27.386394002614,2022.2100063482
-66.8176561172834,-27.2804154765164,2047
-66.7613541397253,-27.2225937184463,2060.36870830591
-66.7125157625696,-27.1723701047983,2071.89234040359
-66.607263037332,-27.0639206794374,2096.5
-66.4917245718343,-26.9445407733049,2123.16098513565
-66.3914828149253,-26.8406844479163,2146
-66.3861870449605,-26.8351904427939,2147.19913328747
-66.2789957557321,-26.7238297229604,2171.31202186828
-66.1701119175162,-26.6104044229199,2195.5
-66.1137002856255,-26.5515185914734,2207.91232549126
-66.0568290578591,-26.492069214249,2220.34447117778
-66.0029860861189,-26.4357078605089,2232.04013039989
-65.9429334300488,-26.3727574651092,2245
-65.8272803271987,-26.2512596513517,2269.71064065429
-65.7097165127329,-26.1273984528604,2294.5
-65.6610554007863,-26.0760257706121,2304.66492071891
-65.612062699188,-26.0242409376708,2314.84316635167
-65.5903054358319,-26.0012237409655,2319.34536379588
-65.4702138875375,-25.873956940416,2344
-65.331550853902,-25.7265440164308,2372.0612614952
-65.2241639124827,-25.6120385896758,2393.5
-65.2133325237819,-25.6004726357812,2395.64836841572
-65.19906739421,-25.5852354390351,2398.47391666304
-65.1847747093668,-25.5699635289458,2401.3004964165
-65.156106353529,-25.5393151060992,2406.95675270202
-65.1273268079144,-25.5085264320696,2412.61714179685
-65.0984354202471,-25.4775965647716,2418.28166823218
-65.0351318718662,-25.4097510923497,2430.63099049315
-64.9712879738601,-25.341221619633,2443
-64.8416809068356,-25.2017788294169,2467.84827539613
-64.776763288469,-25.1317717687077,2480.16420665138
-64.7112837798155,-25.0610486923131,2492.5
-64.5787249130426,-24.9175364180458,2517.20988262419
-64.4438286902953,-24.7710294059305,2542
-64.3669540137815,-24.6873287302668,2555.96968856544
-64.2893052734418,-24.6026311989745,2569.96536136428
-64.2874332636388,-24.6005873416993,2570.30136722411
-64.2855608014986,-24.5985429006149,2570.63738807489
-64.2818145195422,-24.5944522660389,2571.3094747533
-64.2743165202566,-24.5862639803846,2572.65382804564
-64.259298742778,-24.5698592879616,2575.34325459725
-64.2291757716652,-24.5369369759201,2580.72498936814
-64.1685777414597,-24.4706370706389,2591.5
-64.0983870086193,-24.3937242423161,2603.89554466347
-64.027559607019,-24.3159859124715,2616.31173760945
-63.9297728965112,-24.2084468677578,2633.30425228385
-63.8851577764596,-24.1593010683489,2641
-63.8131622734692,-24.0798872164129,2653.34395023328
-63.7405056005333,-23.9996099975852,2665.70856565713
-63.6671783712395,-23.9184554672753,2678.09389820886
-63.5931710059292,-23.836409372376,2690.5
-63.563585273548,-23.8035710272855,2695.43330787115
-63.4965904328392,-23.7291286205582,2706.54938086619
-63.4290303731864,-23.6539426945461,2717.68249439006
-63.2921849837329,-23.5012959996395,2740
-63.2613957250069,-23.4668861600312,2744.97932763395
-63.1920650711883,-23.389314906281,2756.13924688407
-63.1222288293,-23.3110550812219,2767.30765889383
-63.0518810169027,-23.232097423108,2778.48457336147
-62.9810155458457,-23.1524324976928,2789.67
-62.9261098581212,-23.0906220728543,2798.28585062775
-62.7942873834851,-22.9419123175319,2818.79348811137
-62.6606514115646,-22.7907111230992,2839.33
-62.5880127286126,-22.7083369076722,2850.3872878975
-62.46009698736,-22.5629560578314,2869.68099414036
-62.3955103070376,-22.489395669297,2879.33733150893
-62.3304984160908,-22.4152459227867,2889
-62.3297286698427,-22.4143673526535,2889.1000846569
-62.3289588205915,-22.4134886501932,2889.20017366278
-62.3274188129978,-22.4117308481751,2889.40036472264
-62.3243375608685,-22.4082136549305,2889.80079904268
-62.3181701042237,-22.4011729050556,2890.60187654757
-62.3058153443634,-22.387065899229,2892.20486752515
-62.281026140879,-22.3587494410735,2895.41419742546
-62.2311265984664,-22.3017033301849,2901.84628168333
-62.1807941967966,-22.2440996574815,2908.29632769777
-62.1300232628308,-22.1859303596088,2914.76441081194
-62.0330383551589,-22.0746350636171,2927.01472392131
-61.9344325232848,-21.9612409167866,2939.33
-61.8304194324586,-21.8413682200744,2952.17095087527
-61.7777349776142,-21.7805488037749,2958.61750086836
-61.7245906404371,-21.7191292545265,2965.08152815299
-61.6229311178524,-21.6014466796537,2977.33921702579
-61.5195661983873,-21.4815299298759,2989.66
-61.4106019594546,-21.3548341066565,3002.49571543133
-61.2997286077784,-21.2256209909132,3015.39890143113
-61.1930738374498,-21.1010418299011,3027.66381416945
-61.0846193740396,-20.9740772930562,3039.99
-60.9703699266572,-20.8400207129929,3052.81908434385
-60.8541069184125,-20.7032780117518,3065.71352997519
-60.7420829139378,-20.5712132929566,3077.98700900047
-60.6281528123128,-20.4365927005932,3090.32
-60.5081614061708,-20.2944744501596,3103.14955388861
-60.3860364156591,-20.1494768789597,3116.04247592231
-60.2682515957183,-20.0092968606457,3128.32235675033
-60.1484411235223,-19.8663693125665,3140.66
-60.0223506215315,-19.7155846399673,3153.48051912725
-59.8939930184717,-19.5617055169484,3166.3623986169
-59.7699868704539,-19.4126772478517,3178.6481624524
-59.6438184257045,-19.2606829708223,3190.99
-59.3758055839855,-18.9365873231798,3216.69183982688
-59.2450914304211,-18.7779213848776,3228.97873402073
-59.1120597040348,-18.6160414558182,3241.32
-58.8364768864271,-18.2794202882404,3266.37483646147
-58.5506976761708,-17.9285407233995,3291.65
-58.4472225491383,-17.8010452768153,3300.62894076405
-58.3723268168398,-17.7086156735151,3307.07193322699
-58.2518776738098,-17.5597088307397,3317.33618064189
-57.9969651492387,-17.243522391474,3338.6688674973
-57.9568305964439,-17.1936117861033,3341.98
-57.7827902750616,-16.976775839184,3356.19208780315
-57.6049709037073,-16.7545601248093,3370.47067351015
-57.4671636507762,-16.5818833253825,3381.37088028597
-57.3270200913047,-16.4058675145047,3392.31
-57.3263192366762,-16.4049862256526,3392.36434000005
-57.196570718037,-16.2416569641754,3402.36247766525
-56.7691592233212,-15.7011578901691,3434.44472730291
-56.6571541207573,-15.5588993346021,3442.64
-56.3212201465632,-15.130712596542,3466.70910756626
-56.0217237996453,-14.7470832373117,3487.5369695979
-55.9421932417894,-14.6449169552857,3492.97
-55.8516845480305,-14.5284991883856,3499.1039710572
-55.3569919109709,-13.8894380831325,3531.7293278752
-55.1758907931933,-13.6543401862621,3543.3
-54.8348963901339,-13.21005034132,3564.56143118921
-54.4770203171172,-12.7415328371058,3586.15679406558
-54.3501431420169,-12.5748932776478,3593.64
-54.2834916298733,-12.4872427863377,3597.53542656682
-53.6969715301348,-11.7127164797133,3630.78033222899
-53.4549230207299,-11.3914403410025,3643.97
-53.0718787495311,-10.88113419935,3664.23116754033
-52.5987457464914,-10.2477403924779,3688.25154454241
-52.4761115178459,-10.0830332365422,3694.3
-52.402750234104,-9.98440099044918,3697.88393367011
-51.680642600526,-9.00960376448906,3731.82301655774
-51.3941395267428,-8.6209497287315,3744.63
-50.8974709212657,-7.94481926758998,3765.97595971175
-50.2023953481941,-6.99389753354159,3794.08314579437
-50.1798784033019,-6.96300693635577,3794.96
-50.0404776022876,-6.77165201236264,3800.34253176438
-49.0891222362586,-5.4608822527641,3835.00544199814
-48.7865568269581,-5.04240781087108,3845.29
-48.0168204981041,-3.97485705756232,3869.90796215946
-47.9112884961704,-3.82820170346057,3873.11357344114
-47.8043262231747,-3.67949424839543,3876.32157748084
-47.5859111494346,-3.37564497644201,3882.74477455844
-47.1295416305444,-2.74001712236533,3895.62
-47.0376251232161,-2.61188747615098,3898.12496232423
-46.8314724812169,-2.32439801060204,3903.63740321895
-46.3832952117935,-1.69891046053456,3915.12230326423
-45.9049970815865,-1.03082836086062,3926.63688105051
-45.0210921856955,0.204558449454833,3945.95
-44.5426712572472,0.873214289953499,3955.36729693952
-44.4750842129976,0.967657224718921,3956.64036192071
-44.4067181344484,1.06318202331681,3957.91377751133
-44.3375481967445,1.15982245940041,3959.18754385624
-44.2675482193002,1.2576141393125,3960.46166110037
-44.1249460532789,1.4568036135371,3963.01094886649
-43.9786707072471,1.661077845291,3965.5616419708
-43.8284515515978,1.87080435175093,3968.11374157569
-43.6739827813973,2.08639814928903,3970.66724884483
-43.3508555979257,2.53714133751852,3975.77849103703
-43.0058323616437,3.01799092421624,3980.89537788254
-42.6342120526949,3.53530808427968,3986.01791873711
-42.2293120257204,4.09812412029275,3991.1461229772
-41.7810523729282,4.72004478886254,3996.28
-40.6702307217534,6.25480125490403,4006.60462496822
-38.652700555633,9.01167350291801,4016.9514704491
-37.6426141363897,10.3731873173493,4018.21996469676
-36.623711106384,11.7315197393206,4016.9514704491
-34.5344513076414,14.4624892462229,4006.60462496822
-33.352332889237,15.9714642911283,3996.28
-32.8687354090438,16.5805935701173,3991.1461229772
-32.4286251367934,17.1306558181167,3986.01791873711
-32.0219170524626,17.6352550129787,3980.89537788254
-31.6419250503102,18.1034212729048,3975.77849103703
-31.2839456119179,18.5415149342719,3970.66724884483
-31.1120937637409,18.7507964310164,3968.11374157569
-30.9445199824918,18.9542188662018,3965.5616419708
-30.7809182872038,19.1521972003364,3963.01094886649
-30.621017889189,19.3450989008123,3960.46166110037
-30.5423792906426,19.4397497249537,3959.18754385624
-30.4645777078995,19.5332513198594,3957.91377751133
-30.3875869441646,19.625639286966,3956.64036192071
-30.3113821590233,19.7169473952533,3955.36729693952
-29.7693542433574,20.362449160946,3945.95
-28.7558276509307,21.5505630980484,3926.63688105051
-28.2007763925132,22.1905972938091,3915.12230326423
-27.6764283484551,22.7882082311259,3903.63740321895
-27.4338504661021,23.0623522874385,3898.12496232423
-27.3254103005041,23.184424888703,3895.62
-26.7844084530569,23.7889984344004,3882.74477455844
-26.523957752234,24.0774042762232,3876.32157748084
-26.3960471019636,24.2184107506367,3873.11357344114
-26.2696127729619,24.3573788811106,3869.90796215946
-25.3403610210719,25.3661600530323,3845.29
-24.9716823192392,25.7602220668022,3835.00544199814
-23.7998289538834,26.9893391812851,3800.34253176438
-23.6265048631166,27.1680998717709,3794.96
-23.5984696045263,27.1969409466889,3794.08314579437
-22.7277326986997,28.0825018704486,3765.97595971175
-22.0992231386858,28.7094231145063,3744.63
-21.7342666124282,29.0687317616593,3731.82301655774
-20.8066200186958,29.9664229997242,3697.88393367011
-20.7117517897687,30.0569682193503,3694.3
-20.5529078194737,30.2080516788853,3688.25154454241
-19.937052704046,30.7876473243342,3664.23116754033
-19.4349473125472,31.2529515374741,3643.97
-19.1160429774046,31.5451185515095,3630.78033222899
-18.3380926882892,32.2469354796135,3597.53542656682
-18.2492223111047,32.3261276689247,3593.64
-18.0797876392917,32.4765552455641,3586.15679406558
-17.6000236403781,32.8985590029614,3564.56143118921
-17.1403570597231,33.2974456278434,3543.3
-16.8952264421093,33.5079981298755,3531.7293278752
-16.2220962576507,34.0784767046029,3499.1039710572
-16.098381994372,34.1821025860974,3492.97
-15.9895311795732,34.2729660461296,3487.5369695979
-15.5784281290339,34.6135053314758,3466.70910756626
-15.1150734628256,34.9923674132912,3442.64
-14.9600608170413,35.1179464767954,3434.44472730291
-14.3661361845944,35.5937174345853,3402.36247766525
-14.1850908065809,35.7370579760401,3392.36434000005
-14.1841119207418,35.7378308629221,3392.31
-13.9881694607273,35.8920775500234,3381.37088028597
-13.7950992284714,36.0431675365037,3370.47067351015
-13.5453951991728,36.2372636494705,3356.19208780315
-13.3003711901972,36.4262878157733,3341.98
-13.243779698495,36.4697441522816,3338.6688674973
-12.8835763759923,36.7445796013277,3317.33618064189
-12.7129173085658,36.8737326731205,3307.07193322699
-12.6066528648997,36.9538096414509,3300.62894076405
-12.4596527801123,37.0641508465432,3291.65
-12.0525468276386,37.3671225050663,3266.37483646147
-11.6584182589656,37.6568049591114,3241.32
-11.4676203024673,37.7957655978139,3228.97873402073
-11.2798048683463,37.9317459646581,3216.69183982688
-10.8936597916069,38.2088137311328,3190.99
-10.7113921524043,38.3384298348387,3178.6481624524
-10.5319454350596,38.4653138125463,3166.3623986169
-10.3458868032363,38.5961151883444,3153.48051912725
-10.1628035825281,38.7240746694722,3140.66
-9.98855462143162,38.8451713409498,3128.32235675033
-9.81698265265301,38.9637540953524,3116.04247592231
-9.63880793987175,39.0862166179821,3103.14955388861
-9.46346887951239,39.2060526417738,3090.32
-9.29673374991621,39.3193872519229,3077.98700900047
-9.13254859989951,39.430399188656,3065.71352997519
-8.9619004605615,39.5451634887661,3052.81908434385
-8.79396052292098,39.657494247822,3039.99
-8.63431303475981,39.7637174220023,3027.66381416945
-8.47710109388563,39.8677877061321,3015.39890143113
-8.31344718194403,39.9755632603859,3002.49571543133
-8.1523899782397,40.0810739037819,2989.66
-7.99940714631828,40.1807870915785,2977.33921702579
-7.84875746817077,40.2784977589427,2965.08152815299
-7.76992756833002,40.3294364863438,2958.61750086836
-7.69172908042623,40.3798385587228,2952.17095087527
-7.5371966268825,40.4790650702318,2939.33
-7.39051710446773,40.5727887625977,2927.01472392131
-7.24607798007732,40.6646442674383,2914.76441081194
-7.17039779093693,40.7126003030905,2908.29632769777
-7.09532576731394,40.7600540534316,2901.84628168333
-7.02085472439929,40.8070130772697,2895.41419742546
-6.98384234325462,40.830309396723,2892.20486752515
-6.96539155710387,40.841912157495,2890.60187654757
-6.95617996792379,40.847702237568,2889.80079904268
-6.95157761842931,40.8505944586753,2889.40036472264
-6.94927730422266,40.8520398652635,2889.20017366278
-6.94812736216288,40.852762392662,2889.1000846569
-6.94697756343075,40.8534848028331,2889
-6.84982891017648,40.9144245399032,2879.33733150893
-6.75324150296503,40.9748203745911,2869.68099414036
-6.56173012835079,41.0940079760951,2850.3872878975
-6.45284978108097,41.1614367093751,2839.33
-6.2522977563187,41.2850072360451,2818.79348811137
-6.05416306570217,41.4062899565704,2798.28585062775
-5.97154884995372,41.4566264779826,2789.67
-5.86484388158328,41.5214386573068,2778.48457336147
-5.75883310358323,41.5856034095962,2767.30765889383
-5.65350950703399,41.6491299488573,2756.13924688407
-5.54886618903166,41.7120273152787,2744.97932763395
-5.50236863040081,41.7399054826243,2740
-5.29551230329284,41.8634092362348,2717.68249439006
-5.19327174078752,41.9241397417588,2706.54938086619
-5.09181095225887,41.9842034976199,2695.43330787115
-5.04698075193815,42.0106780563451,2690.5
-4.93477614917258,42.0767678651748,2678.09389820886
-4.82351297739662,42.1420598161228,2665.70856565713
-4.71317953166231,42.2065675467105,2653.34395023328
-4.60376431481417,42.2703043880386,2641
-4.53591774868899,42.3097097628359,2633.30425228385
-4.38709889381784,42.3958316820235,2616.31173760945
-4.27921143825291,42.4579989792173,2603.89554466347
-4.1722135893433,42.5194322597318,2591.5
-4.07977477833033,42.5723293307108,2580.72498936814
-4.03380193746493,42.5985757785968,2575.34325459725
-4.01087678221312,42.6116489056557,2572.65382804564
-3.99942947421142,42.6181729976189,2571.3094747533
-3.99370963180296,42.6214319322616,2570.63738807489
-3.99085066277142,42.6230606225654,2570.30136722411
-3.98799232824618,42.6246887951682,2569.96536136428
-3.8693826375729,42.6921139847604,2555.96968856544
-3.75186066282953,42.7586563402106,2542
-3.54541207744768,42.8749148569301,2517.20988262419
-3.34226182343868,42.9885292374242,2492.5
-3.2418113562114,43.0444203372513,2480.16420665138
-3.1421571577358,43.0996812880825,2467.84827539613
-2.94300443754396,43.2095603890302,2443
-2.84480787492856,43.263466527289,2430.63099049315
-2.74738101155039,43.3167730897451,2418.28166823218
-2.70289568720695,43.3410544622356,2412.61714179685
-2.65856999132578,43.365212268655,2406.95675270202
-2.61440309045433,43.3892473957438,2401.3004964165
-2.5923789282346,43.4012192299754,2398.47391666304
-2.57039415496406,43.4131607231373,2395.64836841572
-2.55369926004559,43.4222229501802,2393.5
-2.38808370912358,43.5118433751548,2372.0612614952
-2.1739785165374,43.6269570532677,2344
-1.98831908800852,43.7260988972047,2319.34536379588
-1.95466006739058,43.7440055773921,2314.84316635167
-1.87884181234604,43.7842657192612,2304.66492071891
-1.80350206802447,43.8241685452153,2294.5
-1.62134179691493,43.9202236746204,2269.71064065429
-1.44194798573044,44.0142359607378,2245
-1.3487227333229,44.0628631799701,2232.04013039989
-1.26509381611051,44.1063525898799,2220.34447117778
-1.1767169237897,44.1521754458864,2207.91232549126
-1.08900928833258,44.1975138010243,2195.5
-0.919593135276045,44.2847027365835,2171.31202186828
-0.75264978396244,44.370122412821,2147.19913328747
-0.744397864733955,44.3743319121315,2146
-0.588127700176329,44.4538229403845,2123.16098513565
-0.407841218284034,44.5449985237298,2096.5
-0.243447851436841,44.6276418678191,2071.89234040359
-0.167117225663105,44.6658547378676,2060.36870830591
-0.0790821985374066,44.709801585807,2047
0.0827095413655314,44.7902179544354,2022.2100063482
0.162711007054625,44.8298147366128,2009.84502897631
0.242124491552417,44.8690116010275,1997.5
0.281495282325366,44.8884040556766,1991.35328510815
0.320721561427405,44.9076988909179,1985.21157586195
0.359804083029843,44.9268967951312,1979.07486614926
0.398743596019898,44.9459984504122,1972.94314986794
0.403090719442176,44.9481293088177,1972.25753325194
0.407436063621631,44.9502589721823,1971.5719790383
0.481983249839786,44.986744482279,1959.77676083581
0.556008416559919,45.0228806728063,1948
0.633551662845107,45.0606341770474,1935.59437804998
0.710525559203262,45.0980094074107,1923.2092043829
0.786936026633526,45.1350116593308,1910.84442848281
0.86278890391732,45.1716461325616,1898.5
0.937785658716464,45.2077715520498,1886.22570701501
1.01223725844433,45.2435405576422,1873.9718514899
1.08773415430908,45.2797164903944,1861.47531612652
1.1252733168173,45.2976685219263,1855.23500903794
1.1626739225527,45.3155307744935,1849
1.1645825411141,45.3164416874687,1848.68134029567
1.16649079885705,45.3173523671842,1848.36269448377
1.23810118931789,45.3514829616122,1836.37139519048
1.30920499148033,45.38528720803,1824.39975341869
1.45586016602417,45.4547436416858,1799.5
1.52661655936717,45.4881260637733,1787.3853461322
1.59686675140783,45.5211874003933,1775.29117016255
1.66997432808046,45.5555066109393,1762.63439076853
1.74253698285311,45.589482559373,1750
1.75138183281982,45.5936180261339,1748.45502649824
1.88232962416066,45.6546925309644,1725.4548124004
2.02288089045916,45.7199321535902,1700.5
2.08928513581871,45.7506422375896,1688.61198033775
2.15522266251698,45.7810650537875,1676.74440637374
2.22641298746004,45.8138316881282,1663.8601754062
2.29706250191845,45.8462676742189,1651
2.32128521001843,45.8573698755183,1646.57372505332
2.43061228160495,45.9073599848704,1626.48639000535
2.56524294237796,45.9686538204504,1601.5
2.62496834655113,45.9957513313485,1590.32581136295
2.68429768724292,46.0226121274108,1579.170417641
2.75622729908721,46.0551014851143,1565.57126913744
2.82757817761467,46.0872471900771,1552
2.875540588653,46.1088097266011,1542.83118695309
2.95506986511492,46.144482527106,1527.54507831142
3.08421358774142,46.2021942410005,1502.5
3.13532853810901,46.2249629228636,1492.51001140198
3.18613755299153,46.2475540696084,1482.53582354711
3.26104323824461,46.2807843772215,1467.75058586692
3.33528788623853,46.3136334897369,1453
3.41280571054196,46.3478375565435,1437.49595584382
3.45740611389509,46.3674740008663,1428.52728207025
3.51940433151464,46.3947180570392,1416.00091043435
3.58093679280303,46.4216974808533,1403.5
3.6363470702082,46.4459415422514,1392.1836683677
3.69137763670389,46.4699716650078,1380.88870621486
3.74603210169883,46.4937904733084,1369.61505306817
3.80031403000805,46.5174005500107,1358.36264868231
3.82128751072837,46.5265106589103,1354
3.90712326902455,46.5637228310028,1336.05757999491
3.94472816057818,46.5799893190107,1328.15206802809
3.9821516062193,46.5961554108442,1320.25731532995
4.01939481894941,46.6122219681854,1312.37329995064
4.056459001245,46.6281898432148,1304.5
4.11377664414583,46.6528411668865,1292.27046329956
4.14227390107426,46.6650783384851,1286.16558487831
4.17066419063487,46.6772570381204,1280.0672855322
4.17347899236967,46.6784638336641,1279.46176837359
4.17629274428818,46.6796700562631,1278.85631604003
4.19016601556973,46.6856155701603,1275.86876266185
4.20401378752874,46.6915471795425,1272.88278717215
4.23163309119222,46.7033688648969,1266.91556486065
4.25915117373508,46.715135472919,1260.95463912357
4.28656854848248,46.7268473604585,1255
4.29638205091187,46.73103657054,1252.86486936871
4.32590658157214,46.7436310891379,1246.42905929664
4.34062456146883,46.7499044250724,1243.21398312205
4.35531312589846,46.7561618867186,1240.00079064521
4.36997235616489,46.7624035299604,1236.78948021112
4.38460233328072,46.7686294104284,1233.58005016674
4.39190637728019,46.7717364569958,1231.97603977464
4.39920313824031,46.7748395836174,1230.37249886094
4.40649262620634,46.7779387971764,1228.76942721957
4.41013464596773,46.7794869387114,1227.96806731163
4.41377485123942,46.7810341045549,1227.16682464455
4.46291616664678,46.8019002355843,1216.32268603573
4.51172772510792,46.8225895316354,1205.5
4.56744988783035,46.8461631682543,1193.08182241803
4.62274005149628,46.8695069096059,1180.69249676883
4.67760283036229,46.892623864205,1168.33192261882
4.73204277510735,46.9155170866962,1156
4.83862306914772,46.9602053226908,1131.66158906888
4.89333629076476,46.9830787936221,1119.06540313811
4.94761492377407,47.0057255265748,1106.5
5.00000446260086,47.0275415709357,1094.30565081738
5.05198661538722,47.0491467659593,1082.1409665081
5.1054781838766,47.0713365228131,1069.5546440837
5.15854093772339,47.0933055693288,1057
5.20973549494853,47.1144607712819,1044.82116506304
5.26052785125485,47.1354106386902,1032.67290433428
5.31293397134513,47.1569853189521,1020.07004160769
5.3649144975966,47.1783439072594,1007.5
5.41499270888299,47.1988823846254,995.323620858176
5.46467294685927,47.2192203981536,983.178802118096
5.51595977472402,47.240177250619,970.572443581608
5.56682503639462,47.2609228956105,958
5.5913399944555,47.2709076043165,951.91554374812
5.61575601612839,47.2808430794325,945.839249902263
5.66429341819394,47.3005676642688,933.711083816563
5.68946701128084,47.3107838270813,927.395103104456
5.71453522206988,47.3209478239346,921.087941193903
5.76435789095339,47.3411207845256,908.5
5.78831005152718,47.350805735385,902.423247724747
5.81216421786547,47.3604425739833,896.354941210249
5.85958074120195,47.3795732279618,884.243595131338
5.88424054766487,47.3895092558291,877.918955197763
5.90879541282962,47.3993940267427,871.60348931928
5.95759273915681,47.4190112504496,859
5.98106828118365,47.4284361764852,852.91138122816
6.00444641571663,47.4378138817961,846.831503704974
6.05091265039837,47.4564289294634,834.697897215213
6.07499144442646,47.4660626810629,828.384305116467
6.09896668504993,47.4756464878943,822.080138932514
6.14660891608644,47.4946656887378,809.5
6.19228098413663,47.5128669456017,797.373209296456
6.21497325358496,47.5218988486873,791.323321138095
6.23757040615638,47.5308853576902,785.282411049003
6.2847324545298,47.5496167070513,772.621532191134
6.30815854520074,47.5589086894264,766.3058592348
6.31983312619032,47.5635364130239,763.151704332378
6.3314821656619,47.568152016781,760
6.37697293917483,47.5861573758668,747.624980525305
6.41167258147611,47.5998711712331,738.10585056905
6.44584569735089,47.6133596309852,728.662576868828
6.47950296018124,47.626627765546,719.29425629553
6.51265477213308,47.6396804443939,710
6.53430790155686,47.6481971372419,703.893262828064
6.5557473810717,47.6566230481603,697.818265601651
6.55611218346429,47.6567663607476,697.714649662011
6.5979965216588,47.673207705403,685.762506287605
6.59871183561336,47.6734882735829,685.557420936635
6.61916598797369,47.6815078654515,679.679239165515
6.63942441124698,47.6894447050719,673.830777988988
6.65141212805531,47.6941384333056,670.357470241551
6.66333166780204,47.6988033918594,666.894602614602
6.6751835498319,47.7034398199819,663.442128107172
6.68108428138309,47.7057474096926,661.719773662561
6.68696829100391,47.7080479553689,660
6.72703449121244,47.7236997525821,647.44308825296
6.72922117424314,47.7245533050146,646.754516626808
6.76636803542563,47.7390426377315,635.004994961893
6.77065952315539,47.7407152638671,633.641205778202
6.80498678704861,47.7540848422409,622.6840416075
6.81130426738298,47.7565434736699,620.658098913648
6.84290806481059,47.7688343207017,610.478581138349
6.84438820657905,47.7694095989373,610
6.85117566473188,47.772047234805,607.803266391352
6.88014866321234,47.7832987623175,598.386997236882
6.88196557435865,47.784003946044,597.794365946859
6.91886613725173,47.798315535888,585.703166460287
6.95510620070174,47.812351782305,573.724799718285
6.99624600644088,47.8282627566095,560
7.01649950996755,47.8360868964429,553.192741540924
7.03247358039607,47.8422536705619,547.800018114301
7.04142658719331,47.8457083601488,544.768301784382
7.05033854798849,47.849146063202,541.743844590016
7.05920971471514,47.852566892937,538.726620490491
7.0680403373653,47.8559709616126,535.716603569497
7.07166026323596,47.8573660623234,534.480806121155
7.0734676758574,47.8580625591136,533.863362308618
7.07437074552134,47.8584105445356,533.554754032585
7.07527339110692,47.8587583548005,533.246221472873
7.07931694083123,47.8603162841241,531.863248856533
7.08286811329963,47.8616843123174,530.647530702097
7.08335198786735,47.8618707026172,530.481796516729
7.08536633042385,47.8626465986801,529.791639667362
7.08737855628463,47.8634216210569,529.101861948018
7.08938866843081,47.8641957710827,528.412463046378
7.09039293279822,47.8645825193833,528.067905554689
7.09089486721719,47.8647758119279,527.895662281578
7.09139666985426,47.8649690500963,527.723442650462
7.10091387246935,47.868633323797,524.453026404614
7.10296232376734,47.8694218393756,523.748093657487
7.12621374272352,47.8783678324695,515.721110339925
7.14270302138026,47.8847073734651,510
7.16784123281266,47.8943645948261,501.231837635871
7.19755756425008,47.9057688523295,490.793867695779
7.22680183821058,47.9169795623177,480.443297181012
7.25558405183297,47.9280011547317,470.179032946135
7.28391393756552,47.9388379316134,460
7.29744801712515,47.9440109399882,455.110153799645
7.31087968490921,47.9491422092557,450.239855181777
7.3242099767463,47.9542321948324,445.388987165494
7.33743991533271,47.9592813458487,440.55743370145
7.35057051043283,47.964290105254,435.745079662605
7.36360275907579,47.9692589099196,430.951810835079
7.37653764574895,47.97418819074,426.177513909115
7.38937614258789,47.9790783727322,421.42207647015
7.39709114032934,47.9820158808897,418.556340878194
7.40477147203256,47.9849393447509,415.697432495386
7.41241734607429,47.9878488551778,412.845326953464
7.41622742665365,47.9892984062319,411.421817664446
7.42002897024587,47.990744502663,410
7.4473270168948,48.0011225393722,399.307878836069
7.47422235893046,48.0113370734415,388.697138499809
7.5007229205892,48.0213915805773,378.166853394176
7.52683643109879,48.0312894432528,367.716111905669
7.54599804341541,48.0385461315331,360
7.55257045684931,48.0410339637251,357.344016141245
7.57015638414013,48.0476876776034,350.213610508655
7.57793233014004,48.0506283378495,347.049681671167
7.59398430361618,48.0566960549692,340.49665633665
7.61748780380459,48.0655738706008,330.84840112145
7.64067280096766,48.0743236861752,321.268118876023
7.6677485564513,48.0845321731767,310
7.69108560376318,48.0933226871117,300.217481876511
7.7140995642177,48.1019839336905,290.505624974055
7.7367964029707,48.1105184757487,280.863666446062
7.75918194747369,48.1189288120381,271.290854387338
7.78539587939296,48.1287684654235,260
7.80793410187597,48.1372206281176,250.221496159884
7.83015636715275,48.1455472657759,240.514923480173
7.8520685804437,48.1537508901281,230.879491175603
7.87367650901618,48.1618339495477,221.314420010072
7.88641663040067,48.1665966630572,215.644922069009
7.89905176997244,48.1713178669539,210
7.91113382087585,48.1758302978212,204.581591531031
7.92318765302427,48.1803301367211,199.16578174378
7.9472110295207,48.1892922360318,188.341950740003
7.96013594601533,48.1941106054426,182.501932901358
7.97302839204691,48.1989145242941,176.664936727765
7.99871632862894,48.2084792537415,165
8.00429488230318,48.2105551622556,162.460614540196
8.02610908503566,48.2186685244387,152.509498489537
8.04783024679851,48.226740628673,142.567164179106
8.06074756439814,48.2315378669077,136.638571687629
8.07883655476094,48.2382518203713,128.316210957766
8.09686112682391,48.2449372904648,120
8.11376580231695,48.2512032341623,112.178010498598
8.13832090109531,48.2602977628491,100.775120697231
8.15082794848183,48.264926774384,94.9483509011809
8.16329637656885,48.2695393083029,89.126912393105
8.17572634957722,48.274135446252,83.3107978594423
8.18811803083219,48.278715269357,77.5
8.19938125110207,48.2828761592608,72.2074135776759
8.21061290671277,48.2870236185264,66.9192339716901
8.2218131194776,48.2911577074997,61.6354556803995
8.23298201060702,48.295278486178,56.3560732113143
8.24426898822955,48.2994410589583,51.0103056534594
8.25552404650315,48.3035900847087,45.6690413893526
8.26674730971308,48.3077256247937,40.3322747310044
8.2723470570304,48.3097883568608,37.6655762291114
8.27514396633686,48.3108184667169,36.332647874741
8.27654168074004,48.311333208014,35.6662888829499
8.27793890196119,48.3118477403808,35
8.28122110080017,48.3130563159987,33.125
8.28450149252544,48.3142640756954,31.25
8.29105686059069,48.3166771505607,27.5
8.29760501805228,48.3190869714374,23.75
8.30087639651688,48.3202906636444,21.875
8.30251141133093,48.320892205542,20.9375
8.30332875021433,48.3211929004832,20.46875
8.30414597677952,48.3214935447695,20
8.30830854435138,48.3230247404636,17.3283812080545
8.31246783227557,48.3245544879233,14.6567624161089
8.31816707090204,48.3266502224532,10.9925718120812
8.31877730740447,48.3268745928503,10.6
8.3238601574908,48.3287432417357,7.32838120805445
8.32954710198355,48.3308335509564,3.66419060402677
8.33238827404479,48.3318776909105,1.83209530201384
8.33380828557097,48.3323995075059,0.916047651006011
8.33451814777563,48.3326603524936,0.458023825503005
8.33522791430042,48.3329211552878,0
