-69.2,-19.99,115.6
-69.1938761439303,-19.9833410935183,120
-69.1822746969889,-19.970723891315,128.316210957766
-69.1706303002745,-19.9580571896387,136.638571687629
-69.1623141428317,-19.9490092157572,142.567164179106
-69.1483283596555,-19.9337894806398,152.509498489537
-69.134280495738,-19.9184981332447,162.460614540196
-69.1306876802487,-19.9145866379927,165
-69.1141417594755,-19.8965696794768,176.664936727765
-69.1058364298409,-19.8875238301917,182.501932901358
-69.0975094138013,-19.8784529367949,188.341950740003
-69.0820300471819,-19.8615869638184,199.16578174378
-69.0742622032222,-19.853121438405,204.581591531031
-69.0664754989856,-19.8446341144566,210
-69.0583313727822,-19.8357558764048,215.644922069009
-69.0501185745658,-19.8268013967878,221.314420010072
-69.036186918198,-19.8116084332955,230.879491175603
-69.0220560998841,-19.7961942072378,240.514923480173
-69.007722266994,-19.7805543427886,250.221496159884
-68.9931814722668,-19.7646843539385,260
-68.9762652342384,-19.7462163252104,271.290854387338
-68.9618160825465,-19.7304370550263,280.863666446062
-68.9471627673322,-19.7144304600807,290.505624974055
-68.9323013828515,-19.6981920902408,300.217481876511
-68.9172279284237,-19.6817173843839,310
-68.8997352875954,-19.6625927749826,321.268118876023
-68.8847526009401,-19.6462073111501,330.84840112145
-68.8695605775239,-19.6295882273154,340.49665633665
-68.8591829810763,-19.6182331028204,347.049681671167
-68.8541552385953,-19.6127309763021,350.213610508655
-68.8427831591819,-19.6002840000995,357.344016141245
-68.8385325441886,-19.595630936344,360
-68.8261384524635,-19.5820612657,367.716111905669
-68.8092439194546,-19.5635592404106,378.166853394176
-68.7920944577863,-19.5447720784046,388.697138499809
-68.7746848507677,-19.5256937977729,399.307878836069
-68.75700974582,-19.5063182564268,410
-68.7545458163682,-19.5036167790805,411.421817664446
-68.7520762522681,-19.5009089998453,412.845326953464
-68.7471201511634,-19.4954744567234,415.697432495386
-68.7421413019367,-19.4900144661339,418.556340878194
-68.7371395635735,-19.484528866575,421.42207647015
-68.7288152644859,-19.4753981579942,426.177513909115
-68.7204272958112,-19.4661961862358,430.951810835079
-68.7119749990269,-19.4569221964803,435.745079662605
-68.7034577069651,-19.4475754237342,440.55743370145
-68.6948747436737,-19.4381550926619,445.388987165494
-68.6862254242756,-19.4286604174148,450.239855181777
-68.6775090548248,-19.4190906014574,455.110153799645
-68.6687249321595,-19.4094448373895,460
-68.6503335664576,-19.3892443752015,470.179032946135
-68.6316427009933,-19.3687079204529,480.443297181012
-68.6126457154018,-19.3478278586485,490.793867695779
-68.5933358027979,-19.3265963547704,501.231837635871
-68.5769958317542,-19.3086244409147,510
-68.5662752386034,-19.2968301993833,515.721110339925
-68.551154865357,-19.28019159381,523.748093657487
-68.5498225720697,-19.2787253035917,524.453026404614
-68.5436322750381,-19.2719119393373,527.723442650462
-68.5433058681154,-19.2715526573175,527.895662281578
-68.542979373646,-19.2711932767777,528.067905554689
-68.5423261219412,-19.2704742199931,528.412463046378
-68.5410185665834,-19.2690349225825,529.101861948018
-68.5397096069195,-19.2675940447443,529.791639667362
-68.5383992409112,-19.2661515841247,530.481796516729
-68.5357742817662,-19.2632619051878,531.863248856533
-68.533143672691,-19.2603658667677,533.246221472873
-68.532556423023,-19.2597193443064,533.554754032585
-68.5319688915319,-19.2590725045992,533.863362308618
-68.5307929823559,-19.2577778726105,534.480806121155
-68.5284377741293,-19.2551847924428,535.716603569497
-68.5226919653182,-19.2488581964579,538.726620490491
-68.5169192044052,-19.2425012520745,541.743844590016
-68.5111193202843,-19.2361137615298,544.768301784382
-68.5052921404692,-19.2296955254197,547.800018114301
-68.494893757764,-19.2182407210026,553.192741540924
-68.4817069794199,-19.2037110942269,560
-68.4549121592986,-19.1741768678849,573.724799718285
-68.4312982802624,-19.1481367864826,585.703166460287
-68.4072440534009,-19.1215995597376,597.794365946859
-68.4060594099531,-19.1202923302295,598.386997236882
-68.3871654267479,-19.0994393921435,607.803266391352
-68.3827382609086,-19.0945521724124,610
-68.3817727827973,-19.0934863131781,610.478581138349
-68.36115412127,-19.0707194451777,620.658098913648
-68.3570316338029,-19.0661664204614,622.6840416075
-68.3346260721612,-19.0414149313911,633.641205778202
-68.3318243771225,-19.0383191811441,635.004994961893
-68.3075672883709,-19.0115095696054,646.754516626808
-68.3061390493735,-19.0099306717161,647.44308825296
-68.2799632941335,-18.9809864969618,660
-68.2761105268928,-18.9767250901001,661.719773662561
-68.2722465238166,-18.9724509567221,663.442128107172
-68.2644846339004,-18.9638643051154,666.894602614602
-68.256677264547,-18.9552261232275,670.357470241551
-68.2488240539735,-18.9465359896542,673.830777988988
-68.2355499592151,-18.9318444546967,679.679239165515
-68.2221441602779,-18.9170035705363,685.557420936635
-68.2216752754196,-18.9164844266261,685.762506287605
-68.1942128650426,-18.8860706875634,697.714649662011
-68.193973609812,-18.885805653772,697.818265601651
-68.1799105976192,-18.8702254110883,703.893262828064
-68.1657035363217,-18.8544815639192,710
-68.1439443237546,-18.8303608275245,719.29425629553
-68.1218438820435,-18.8058521520504,728.662576868828
-68.0993949100803,-18.780946991613,738.10585056905
-68.0765899063759,-18.755636558355,747.624980525305
-68.0466772962709,-18.7224219495617,760
-68.0390147275045,-18.7139106581857,763.151704332378
-68.0313344802035,-18.7053785579881,766.3058592348
-68.0159207229616,-18.6882516476254,772.621532191134
-67.9848785503958,-18.6537449794557,785.282411049003
-67.9699999339866,-18.6371990336307,791.323321138095
-67.9550553444953,-18.6205752985662,797.373209296456
-67.9249666135283,-18.5870924174862,809.5
-67.8935654077436,-18.5521298765541,822.080138932514
-67.8777575987043,-18.5345218535363,828.384305116467
-67.8618777135006,-18.5168285684696,834.697897215213
-67.8312225904979,-18.4826586892967,846.831503704974
-67.8157939638615,-18.4654540737084,852.91138122816
-67.8002974089519,-18.4481689802334,859
-67.7680738771881,-18.412211194876,871.60348931928
-67.7518529803962,-18.3941027796523,877.918955197763
-67.7355587167385,-18.3759072425917,884.243595131338
-67.704216260538,-18.3408929427721,896.354941210249
-67.6884428918305,-18.3232643783201,902.423247724747
-67.6726008769646,-18.3055541725091,908.5
-67.6396356911258,-18.2686857256959,921.087941193903
-67.6230429782856,-18.250120276365,927.395103104456
-67.6063762403009,-18.2314665670485,933.711083816563
-67.5742288507325,-18.1954712668928,945.839249902263
-67.55805152889,-18.1773499348618,951.91554374812
-67.5418045662906,-18.1591454417326,958
-67.5080812141816,-18.1213424336077,970.572443581608
-67.4740604508015,-18.0831835384845,983.178802118096
-67.4410881757102,-18.0461791304349,995.323620858176
-67.407834529118,-18.0088374995917,1007.5
-67.3732993181531,-17.9700339914487,1020.07004160769
-67.3384623549002,-17.930867965996,1032.67290433428
-67.3046798571798,-17.8928649568813,1044.82116506304
-67.2706115549276,-17.8545180465513,1057
-67.2352805837925,-17.8147261709857,1069.5546440837
-67.1996439960373,-17.7745656600306,1082.1409665081
-67.1649935713548,-17.7354930063436,1094.30565081738
-67.1300521271383,-17.6960687659911,1106.5
-67.0938300667885,-17.6551748149759,1119.06540313811
-67.0572966217691,-17.6139037823743,1131.66158906888
-66.986068189389,-17.5333649853946,1156
-66.9496537719994,-17.4921532791999,1168.33192261882
-66.9129346907736,-17.4505711238306,1180.69249676883
-66.8759072827755,-17.4086137653852,1193.08182241803
-66.838567825702,-17.3662763690238,1205.5
-66.8058403427705,-17.3291464626511,1216.32268603573
-66.7728739453924,-17.2917249411617,1227.16682464455
-66.7704312043635,-17.2889512642992,1227.96806731163
-66.7679871471068,-17.2861759796569,1228.76942721957
-66.7630950798563,-17.2806205817442,1230.37249886094
-66.7581977354518,-17.2750587367502,1231.97603977464
-66.7532951057114,-17.2694904340055,1233.58005016674
-66.7434739576008,-17.258334412688,1236.78948021112
-66.7336315695332,-17.2471524317498,1240.00079064521
-66.7237678754335,-17.2359444049894,1243.21398312205
-66.7138828089493,-17.2247102458261,1246.42905929664
-66.6940482935866,-17.2021631838371,1252.86486936871
-66.6874541549337,-17.1946655907741,1255
-66.6690273426,-17.1737097896235,1260.95463912357
-66.6505271656496,-17.152664105898,1266.91556486065
-66.6319532025789,-17.1315279881332,1272.88278717215
-66.6226384180223,-17.12092584223,1275.86876266185
-66.6217307958686,-17.1198926936089,1276.15947875973
-66.613305027384,-17.1103008789771,1278.85631604003
-66.6114118682347,-17.108145540631,1279.46176837359
-66.6095179427654,-17.1059892622974,1280.0672855322
-66.5904123193052,-17.0842332873704,1286.16558487831
-66.5712285567808,-17.0623814231496,1292.27046329956
-66.5326247747785,-17.0183876139648,1304.5
-66.5076484616662,-16.9899090940106,1312.37329995064
-66.4825409097131,-16.9612691444944,1320.25731532995
-66.457301119954,-16.9324664529605,1328.15206802809
-66.4319280831021,-16.9034996927522,1336.05757999491
-66.373971355623,-16.8372891317877,1354
-66.359801252149,-16.8210914801669,1358.36264868231
-66.323111377882,-16.7791344129866,1369.61505306817
-66.2861464150993,-16.7368374504375,1380.88870621486
-66.2489033612462,-16.6941966293287,1392.1836683677
-66.2113791690698,-16.651207924777,1403.5
-66.1696804805236,-16.6034062485354,1416.00091043435
-66.1276356929151,-16.5551753085867,1428.52728207025
-66.0973704219392,-16.5204368631427,1437.49595584382
-66.0447297629493,-16.4599758244335,1453
-65.9942663489661,-16.4019677225014,1467.75058586692
-65.943308269291,-16.3433436689841,1482.53582354711
-65.9087169870083,-16.3035215408501,1492.51001140198
-65.8738960387055,-16.2634129727836,1502.5
-65.785823638726,-16.161868164704,1527.54507831142
-65.7315179499445,-16.0991852129001,1542.83118695309
-65.6987417568119,-16.0613271062943,1552
-65.6499467456644,-16.0049305591099,1565.57126913744
-65.6007124357334,-15.9479828130184,1579.170417641
-65.560069675416,-15.9009398172983,1590.32581136295
-65.5191252379379,-15.8535176904155,1601.5
-65.4267174872649,-15.7463802579338,1626.48639000535
-65.3515620883675,-15.6591330198509,1646.57372505332
-65.3348964019278,-15.6397723860553,1651
-65.2862587986529,-15.583241643999,1663.8601754062
-65.2372044197729,-15.5261841338863,1676.74440637374
-65.1917294862734,-15.4732521508967,1688.61198033775
-65.1458935290414,-15.4198631366784,1700.5
-65.0487466866937,-15.3065862568203,1725.4548124004
-64.9580767554028,-15.2007130803747,1748.45502649824
-64.9519468291157,-15.193550147451,1750
-64.9016301855226,-15.1347295813703,1762.63439076853
-64.8508866692371,-15.0753656123141,1775.29117016255
-64.8020798193415,-15.018225380639,1787.3853461322
-64.7528748148394,-14.9605775054474,1799.5
-64.6507391676026,-14.8407843225368,1824.39975341869
-64.6011468829949,-14.7825541011253,1836.37139519048
-64.5511525833536,-14.7238094865898,1848.36269448377
-64.5498196753108,-14.7222427037811,1848.68134029567
-64.5484864803201,-14.7206755535286,1849
-64.5223546162105,-14.6899518643837,1855.23500903794
-64.4961124185276,-14.6590868159159,1861.47531612652
-64.4432942214748,-14.5969288282714,1873.9718514899
-64.3911531497328,-14.5355215776339,1886.22570701501
-64.3385755613862,-14.4735539791088,1898.5
-64.285341594821,-14.4107656063803,1910.84442848281
-64.231658862098,-14.3474000140443,1923.2092043829
-64.1775216225546,-14.2834493732019,1935.59437804998
-64.1229240317123,-14.2189057102425,1948
-64.0707470318036,-14.1571775610219,1959.77676083581
-64.0181460000747,-14.0949023690169,1971.5719790383
-64.0150781505985,-14.0912688902736,1972.25753325194
-64.0120088523696,-14.0876335410813,1972.94314986794
-63.9845069020764,-14.0550526878287,1979.07486614926
-63.9568883512429,-14.0223212322269,1985.21157586195
-63.9291524478135,-13.9894381466469,1991.35328510815
-63.9012984328668,-13.9564023939038,1997.5
-63.8450663021747,-13.8896707931828,2009.84502897631
-63.7883515833151,-13.8223145062849,2022.2100063482
-63.6734490295533,-13.6856931673701,2047
-63.6108112997872,-13.6111263690173,2060.36870830591
-63.5564344146409,-13.5463428068776,2071.89234040359
-63.4391097779192,-13.4064043946901,2096.5
-63.3101040649332,-13.2522825959016,2123.16098513565
-63.197993068382,-13.1181331624889,2146
-63.1920654267525,-13.1110348389656,2147.19913328747
-63.0719796789921,-12.9671156432388,2171.31202186828
-62.9497915748304,-12.8204492145353,2195.5
-62.8864045621291,-12.744273920904,2207.91232549126
-62.8224435962419,-12.6673471135239,2220.34447117778
-62.7618348307132,-12.5943950695218,2232.04013039989
-62.6941742249265,-12.5128898698494,2245
-62.5636838168618,-12.3555058800597,2269.71064065429
-62.4307844824166,-12.1949576762525,2294.5
-62.3757003194759,-12.1283376904336,2304.66492071891
-62.3201957655308,-12.0611645748204,2314.84316635167
-62.2955320849013,-12.0313015748098,2319.34536379588
-62.1592360038285,-11.8661148799762,2344
-62.001516902081,-11.674632718101,2372.0612614952
-61.8791138588158,-11.5257846141905,2393.5
-61.866755257512,-11.5107442876689,2395.64836841572
-61.8504752083568,-11.4909283381425,2398.47391666304
-61.834159653901,-11.4710654697661,2401.3004964165
-61.8014215418984,-11.4311983080323,2406.95675270202
-61.7685399354175,-11.3911414504762,2412.61714179685
-61.7355138403111,-11.3508935338873,2418.28166823218
-61.6630919964565,-11.2625826447528,2430.63099049315
-61.5899696915805,-11.1733447828455,2443
-61.4412698433403,-10.9916490164656,2467.84827539613
-61.3666581303267,-10.9003693103047,2480.16420665138
-61.291311201421,-10.8081149503142,2492.5
-61.1384985025135,-10.6207821749781,2517.20988262419
-60.9826041520908,-10.4293584733672,2542
-60.8935857779765,-10.3199122603174,2555.96968856544
-60.803538706816,-10.2090989571809,2569.96536136428
-60.8013661366815,-10.2064240956711,2570.30136722411
-60.7991929634889,-10.2037484323195,2570.63738807489
-60.7948448068599,-10.1983946986307,2571.3094747533
-60.7861412451189,-10.1876775930647,2572.65382804564
-60.7687050674942,-10.1662047470088,2575.34325459725
-60.7337160116171,-10.1231038546742,2580.72498936814
-60.6632671865413,-10.0362759336604,2591.5
-60.5815623933347,-9.93549811465568,2603.89554466347
-60.4990024529271,-9.83358228450845,2616.31173760945
-60.3848272790891,-9.69250267853832,2633.30425228385
-60.3326610173883,-9.6279916426647,2641
-60.2483815926364,-9.52369953441027,2653.34395023328
-60.163203663083,-9.41821024381393,2665.70856565713
-60.0771116181363,-9.3115025642221,2678.09389820886
-59.9900894420201,-9.2035547537495,2690.5
-59.9552635181224,-9.16033009716604,2695.43330787115
-59.876323193902,-9.06230109411395,2706.54938086619
-59.796604481566,-8.96323397848992,2717.68249439006
-59.6347814484236,-8.76191710158954,2740
-59.5983078744859,-8.71650207101053,2744.97932763395
-59.5160939693948,-8.61408037303226,2756.13924688407
-59.4331629061426,-8.51069130697573,2767.30765889383
-59.3495039688467,-8.4063203986897,2778.48457336147
-59.2651061974393,-8.30095286070373,2789.67
-59.1996301058659,-8.21915709445322,2798.28585062775
-59.0421202542334,-8.0222076483421,2818.79348811137
-58.8819921576168,-7.82172719904832,2839.33
-58.7947601724614,-7.71240574651705,2850.3872878975
-58.6408102184885,-7.51929114485124,2869.68099414036
-58.5629139531069,-7.42149185138271,2879.33733150893
-58.4843921506359,-7.32284942468557,2889
-58.4834332815956,-7.32164449716346,2889.1000846569
-58.4824742580546,-7.32043936695166,2889.20017366278
-58.4805557473104,-7.31802849824646,2889.40036472264
-58.4767168700479,-7.31320432621716,2889.80079904268
-58.4690316834132,-7.30354623172616,2890.60187654757
-58.4536315093878,-7.28419094508325,2892.20486752515
-58.4227113763649,-7.24532320925577,2895.41419742546
-58.3603872595881,-7.16695284014015,2901.84628168333
-58.2974088007404,-7.08772373887732,2908.29632769777
-58.2337647537013,-7.00762100391469,2914.76441081194
-58.1118584096262,-6.85408855640448,2927.01472392131
-57.9874619975295,-6.69728634142662,2939.33
-57.8557407236552,-6.53110712163743,2952.17095087527
-57.7888214692464,-6.44662632182456,2958.61750086836
-57.7211797542286,-6.36119598731839,2965.08152815299
-57.5913955791987,-6.19717701153074,2977.33921702579
-57.4588954939486,-6.0295879164217,2989.66
-57.3186182113653,-5.85201430075314,3002.49571543133
-57.1752384648105,-5.6703607053157,3015.39890143113
-57.0366855658821,-5.49468012613067,3027.66381416945
-56.8951471881443,-5.31507402228595,3039.99
-56.7453244676056,-5.1248061835162,3052.81908434385
-56.5920836819285,-4.93004421643489,3065.71352997519
-56.4436683262315,-4.74127268071622,3077.98700900047
-56.2919400681607,-4.54814799907158,3090.32
-56.1312598433168,-4.34348146707708,3103.14955388861
-55.9667718984352,-4.13381453841472,3116.04247592231
-55.8071941615542,-3.93026790116364,3128.32235675033
-55.6439012048839,-3.72184804803082,3140.66
-55.4709623368772,-3.50097625380664,3153.48051912725
-55.2937358770221,-3.27448739816527,3166.3623986169
-55.1213510891914,-3.05405760502543,3178.6481624524
-54.9447439991805,-2.82810628248726,3190.99
-54.5653403368238,-2.3423199921583,3216.69183982688
-54.3781032796043,-2.10241499515485,3228.97873402073
-54.1859929129322,-1.85616597127836,3241.32
-53.7827954107609,-1.33906645218423,3266.37483646147
-53.356704201986,-0.792298812783335,3291.65
-53.2002826169177,-0.591521827675534,3300.62894076405
-53.0863210840578,-0.445232711113069,3307.07193322699
-52.9016935246548,-0.208216695757965,3317.33618064189
-52.5051735997012,0.3008343100134,3338.6688674973
-52.4419925047219,0.381942990393203,3341.98
-52.1655280573896,0.736824932557532,3356.19208780315
-51.8786893795441,1.10494534800419,3370.47067351015
-51.6531627727682,1.39429812703846,3381.37088028597
-51.4207433134218,1.69239729877383,3392.31
-51.4195729167124,1.69389815472404,3392.36434000005
-51.2014731537672,1.9735221564941,3402.36247766525
-50.461301279509,2.9214742335723,3434.44472730291
-50.2612489448677,3.17735523972132,3442.64
-49.6439435293124,3.96583183201498,3466.70910756626
-49.0687532132985,4.69875962996573,3487.5369695979
-48.9115374086725,4.89875291862687,3492.97
-48.7301302413899,5.12932530854176,3499.1039710572
-47.68478740695,6.45344854997613,3531.7293278752
-47.274922795577,6.97025862902979,3543.3
-46.4521244353653,8.00314717635323,3564.56143118921
-45.4943256923214,9.19684928915421,3586.15679406558
-45.1237276769812,9.65597239125911,3593.64
-44.9209250860479,9.906527170125,3597.53542656682
-42.7564491064809,12.5470955314003,3630.78033222899
-41.4438335459702,14.1150721468275,3643.97
-38.332632086835,17.7144940591716,3656.38581835795
-35.0948306002616,21.2629623653345,3643.97
-33.6486822408382,22.777094291389,3630.78033222899
-31.1520331428442,25.2832668407578,3597.53542656682
-30.9106747781958,25.518179937936,3593.64
-30.466236570654,25.9473221722982,3586.15679406558
-29.2970288337259,27.0550071475,3564.56143118921
-28.2684390645288,28.0039058861506,3543.3
-27.7475549965508,28.4752988123847,3531.7293278752
-26.3929356200732,29.6725013793817,3499.1039710572
-26.1539831909354,29.8793932472039,3492.97
-25.9459591151609,30.0584612614774,3487.5369695979
-25.1774164256367,30.7116099838154,3466.70910756626
-24.3394292566523,31.4087439081938,3442.64
-24.0649057317661,31.6337308215222,3434.44472730291
-23.0364994798896,32.4617757377457,3402.36247766525
-22.7296279292964,32.7043624090446,3392.36434000005
-22.7279764117132,32.7056623928477,3392.31
-22.3990095652915,32.9634217600168,3381.37088028597
-22.0778813661685,33.2127700540878,3370.47067351015
-21.6667117574663,33.5287746458017,3356.19208780315
-21.2674998310968,33.8321046388736,3341.98
-21.1758643743218,33.9012487206071,3338.6688674973
-20.5973365600711,34.3336409968879,3317.33618064189
-20.3259380613171,34.5340326099989,3307.07193322699
-20.1577733670088,34.6574179202861,3300.62894076405
-19.9261521059251,34.8263861320181,3291.65
-19.2905039745119,35.2843109487365,3266.37483646147
-18.6826408889223,35.714351866734,3241.32
-18.3908303980451,35.9180869655689,3228.97873402073
-18.1050638779637,36.1159095402006,3216.69183982688
-17.5218901577974,36.514449751378,3190.99
-17.2485485607861,36.6988812180612,3178.6481624524
-16.9805878346361,36.8782234799065,3166.3623986169
-16.7039119455277,37.061890749908,3153.48051912725
-16.4327671673456,37.2404071504007,3140.66
-16.1756918674011,37.4083149148509,3128.32235675033
-15.9234764702413,37.5717817479403,3116.04247592231
-15.6624773472704,37.7396269387918,3103.14955388861
-15.4065176169784,37.9029390313322,3090.32
-15.1639090894214,38.0565568973087,3077.98700900047
-14.9257439452985,38.2062535732327,3065.71352997519
-14.6789498766601,38.3602215291113,3052.81908434385
-14.436791525771,38.5101627652067,3039.99
-14.2072345358914,38.6512686347109,3027.66381416945
-13.9817782059931,38.7888799796528,3015.39890143113
-13.7476960747038,38.9307397067117,3002.49571543133
-13.5179205565164,39.0689869604666,2989.66
-13.300196090529,39.1990712883735,2977.33921702579
-13.0862872412964,39.326015273195,2965.08152815299
-12.9745473190582,39.3919892958849,2958.61750086836
-12.8638300305897,39.4571314879344,2952.17095087527
-12.6454025492583,39.5849829672947,2939.33
-12.438518595746,39.705268503325,2927.01472392131
-12.235208575192,39.8227124792108,2914.76441081194
-12.1288430411879,39.8838550267546,2908.29632769777
-12.0234396033171,39.944241470418,2901.84628168333
-11.9189842780912,40.0038857585355,2895.41419742546
-11.8671078473685,40.0334338700893,2892.20486752515
-11.841256705667,40.0481401480281,2890.60187654757
-11.8283528124058,40.0554764327279,2889.80079904268
-11.8219062738789,40.0591403727165,2889.40036472264
-11.8186843552333,40.0609712935171,2889.20017366278
-11.8170737333892,40.0618864917933,2889.1000846569
-11.8154633364643,40.0628015153863,2889
-11.6834706854994,40.1376401973154,2879.33733150893
-11.5523008905662,40.2117012447992,2869.68099414036
-11.2923953848322,40.357536400139,2850.3872878975
-11.1447328855109,40.4398527756124,2839.33
-10.8729362308406,40.5903545603168,2818.79348811137
-10.6046529594175,40.7376275083448,2798.28585062775
-10.4928579741347,40.7986222903807,2789.67
-10.3485215916199,40.8770468105394,2778.48457336147
-10.2051888822291,40.9545649061081,2767.30765889383
-10.062848349794,41.0311914179484,2756.13924688407
-9.9214887119299,41.1069408591208,2744.97932763395
-9.85869599432562,41.1404778860989,2740
-9.57951366098527,41.2887607644787,2717.68249439006
-9.44162795731281,41.3615006414105,2706.54938086619
-9.30486000260201,41.433328361867,2695.43330787115
-9.24445020392962,41.4649523330111,2690.5
-9.09330680577,41.5438013596134,2678.09389820886
-8.94350834163146,41.621564677207,2665.70856565713
-8.7950362295766,41.6982634070282,2653.34395023328
-8.64787227930519,41.773918123043,2641
-8.55665420401095,41.8206284099128,2633.30425228385
-8.35666566829996,41.9225471643676,2616.31173760945
-8.21176286878938,41.9959739059986,2603.89554466347
-8.06812094509203,42.0684154388717,2591.5
-7.94407648112126,42.1306970025469,2580.72498936814
-7.88240298582105,42.1615675181722,2575.34325459725
-7.85165283916497,42.176935851952,2572.65382804564
-7.83629934377856,42.184603367333,2571.3094747533
-7.82862798156894,42.1884329720333,2570.63738807489
-7.82479364571209,42.1903467373686,2570.30136722411
-7.82096020626084,42.1922598118292,2569.96536136428
-7.66192738188135,42.2714107278249,2555.96968856544
-7.50442922913548,42.3493864036463,2542
-7.22793586107133,42.4852894204989,2517.20988262419
-6.95608043175249,42.6176943937003,2492.5
-6.82173726376735,42.682681405447,2480.16420665138
-6.6885103735375,42.7468397342096,2467.84827539613
-6.42241619352348,42.8741261230625,2443
-6.29128599967479,42.9364338848076,2430.63099049315
-6.16123079102726,42.9979590294926,2418.28166823218
-6.10186280032844,43.0259544368226,2412.61714179685
-6.04271746521264,43.0537889967013,2406.95675270202
-5.98379353560173,43.081463999316,2401.3004964165
-5.95441420834668,43.0952420668965,2398.47391666304
-5.9250897683273,43.1089807228338,2395.64836841572
-5.90282280650947,43.1194037951355,2393.5
-5.68200418047198,43.2223429229764,2372.0612614952
-5.39672661330928,43.3541919134486,2344
-5.14952446736113,43.4674107459179,2319.34536379588
-5.10472517403082,43.4878266999388,2314.84316635167
-5.00383209552403,43.5336912757899,2304.66492071891
-4.90360183424046,43.5790978614154,2294.5
-4.66136637760219,43.6881933989681,2269.71064065429
-4.42295524835673,43.7946827830161,2245
-4.29911696614452,43.8496523289808,2232.04013039989
-4.18805876786718,43.8987494652266,2220.34447117778
-4.07072856332398,43.9504149119469,2207.91232549126
-3.95432046427889,44.0014672649409,2195.5
-3.72956055902704,44.0994572785173,2171.31202186828
-3.50820148056133,44.1952189200092,2147.19913328747
-3.4972628944798,44.1999319153641,2146
-3.29016849964425,44.2888218797246,2123.16098513565
-3.05137426788897,44.3905223654084,2096.5
-2.83374883368019,44.4824685481551,2071.89234040359
-2.73273964271968,44.524906322694,2060.36870830591
-2.61627163543891,44.5736519696836,2047
-2.40230812114071,44.6626824987815,2022.2100063482
-2.29654851415741,44.7064412677826,2009.84502897631
-2.19159181740365,44.7497061686193,1997.5
-2.13956692578962,44.7710921181588,1991.35328510815
-2.08773922576384,44.7923578044019,1985.21157586195
-2.03610764119128,44.8135041599117,1979.07486614926
-1.98467110401729,44.8345321079343,1972.94314986794
-1.97892921825814,44.8368770842984,1972.25753325194
-1.97318975854527,44.8392205916467,1971.5719790383
-1.87473743145715,44.8793457694236,1959.77676083581
-1.77699655510115,44.9190421514862,1948
-1.67463397018697,44.9604676226697,1935.59437804998
-1.57304664251356,45.0014300228744,1923.2092043829
-1.4722261626473,45.0419364674306,1910.84442848281
-1.37216424563843,45.0819939313682,1898.5
-1.27325406747603,45.1214494426482,1886.22570701501
-1.17508488374817,45.1604711831842,1873.9718514899
-1.07555974126859,45.199891690995,1861.47531612652
-1.02608141390121,45.2194369171001,1855.23500903794
-0.976791216128305,45.2388732485466,1849
-0.974275998045044,45.2398641357995,1848.68134029567
-0.971761269763931,45.2408547403538,1848.36269448377
-0.877402447630942,45.2779598707943,1836.37139519048
-0.783731022780429,45.3146700088461,1824.39975341869
-0.590591361092905,45.3899710507771,1799.5
-0.49743769307095,45.4261019624832,1787.3853461322
-0.404969792430222,45.4618464176513,1775.29117016255
-0.308761222573409,45.4989097279606,1762.63439076853
-0.213290297435947,45.5355609667963,1750
-0.201654496056975,45.5400192476604,1748.45502649824
-0.0294223354311072,45.6057898102089,1725.4548124004
0.155367041717653,45.6758974308241,1700.5
0.242645234373256,45.7088457165477,1688.61198033775
0.32929307904493,45.74145200208,1676.74440637374
0.422824681879561,45.7765325914371,1663.8601754062
0.515626398418988,45.811220527642,1651
0.547439714271476,45.8230846694058,1646.57372505332
0.690998046235208,45.8764494047757,1626.48639000535
0.867719272568877,45.9417549779308,1601.5
0.946094656128537,45.9705816080507,1590.32581136295
1.02393663454814,45.9991294069499,1579.170417641
1.11829232769011,46.033623233245,1565.57126913744
1.21186913010344,46.0677132553347,1552
1.2747608557562,46.0905582059601,1542.83118695309
1.37902562932796,46.1283140564209,1527.54507831142
1.54828392749201,46.1892935618495,1502.5
1.61525834281038,46.213316576664,1492.51001140198
1.68182183465127,46.2371326762096,1482.53582354711
1.77993542802508,46.2721292437163,1467.75058586692
1.87716170470479,46.3066825943871,1453
1.9786514747112,46.3426168866421,1437.49595584382
2.03703369402163,46.3632261475692,1428.52728207025
2.11817690935906,46.3917950733856,1416.00091043435
2.19869577146467,46.4200579721127,1403.5
2.27119075776201,46.4454310764986,1392.1836683677
2.34317705679045,46.4705574933177,1380.88870621486
2.41465964488738,46.4954405093315,1369.61505306817
2.48564343458251,46.5200833555866,1358.36264868231
2.51306710698692,46.5295860672442,1354
2.62528279415973,46.5683676616827,1336.05757999491
2.67443567281298,46.5853028603259,1328.15206802809
2.72334586354006,46.6021230638729,1320.25731532995
2.77201503449847,46.6188293434863,1312.37329995064
2.82044483884849,46.6354227576263,1304.5
2.89532809464218,46.661019659697,1292.27046329956
2.93255380895212,46.6737171264885,1286.16558487831
2.96963660037628,46.6863479163221,1280.0672855322
2.97331306088313,46.6875991832198,1279.46176837359
2.97698811891583,46.6888497971821,1278.85631604003
2.99334550801477,46.6944140502985,1276.15947875973
2.99510762325899,46.6950132572745,1275.86876266185
3.01319306534305,46.7011608768741,1272.88278717215
3.04926211644566,46.7134088172736,1266.91556486065
3.08519598371686,46.7255940636427,1260.95463912357
3.12099537144086,46.73771705645,1255
3.13380832544995,46.742051958881,1252.86486936871
3.17235457757344,46.7550801778755,1246.42905929664
3.19156858882371,46.761567123681,1243.21398312205
3.21074333848669,46.7680360522479,1240.00079064521
3.22987893801871,46.7744870323291,1236.78948021112
3.24897549846328,46.7809201323433,1233.58005016674
3.25850917380295,46.7841299986779,1231.97603977464
3.26803313082574,46.7873354205021,1230.37249886094
3.27754738329689,46.790536406275,1228.76942721957
3.28230087464348,46.7921352382879,1227.96806731163
3.28705194500253,46.7937329644508,1227.16682464455
3.35118433362211,46.8152713857653,1216.32268603573
3.41487686113614,46.8366095957252,1205.5
3.48757516742397,46.8609010824448,1193.08182241803
3.55969756444954,46.8849329962711,1180.69249676883
3.63125036484583,46.9087091366848,1168.33192261882
3.70223979143302,46.9322332325263,1156
3.84118540647002,46.9780897459471,1131.66158906888
3.91249561032619,47.0015287126485,1119.06540313811
3.98322745329378,47.0247135861704,1106.5
4.051486242246,47.0470274917275,1094.30565081738
4.11920319820607,47.0691057983924,1082.1409665081
4.18887498382686,47.0917607572582,1069.5546440837
4.25797674747595,47.1141696464944,1057
4.32463471766928,47.1357288280618,1044.82116506304
4.39075836404581,47.1570597625694,1032.67290433428
4.45897177672943,47.1790070684569,1020.07004160769
4.52662009271927,47.2007146992452,1007.5
4.59178217109698,47.2215701202644,995.323620858176
4.6564161401873,47.242203854638,983.178802118096
4.72312956306544,47.2634465031308,970.572443581608
4.78928386627054,47.2844560954002,958
4.82116367596417,47.2945610926947,951.91554374812
4.85291232790219,47.3046118972258,945.839249902263
4.91601909954514,47.3245525132849,933.711083816563
4.94874511909768,47.3348737961834,927.395103104456
4.98133150862662,47.3451377825711,921.087941193903
5.04608864303212,47.3654956003797,908.5
5.07721681725999,47.375262859852,902.423247724747
5.10821522809475,47.3849774373458,896.354941210249
5.16982570315798,47.4042500961091,884.243595131338
5.20186357280535,47.4142534022136,877.918955197763
5.23376255153813,47.424200703371,871.60348931928
5.29714711109814,47.4439290005034,859
5.3276367246817,47.4534011170922,852.91138122816
5.35799749307395,47.46282178765,846.831503704974
5.41833545296099,47.4815103143163,834.697897215213
5.44959895533084,47.4911759157926,828.384305116467
5.48072555286475,47.5007872194302,822.080138932514
5.54257128959189,47.5198485961064,809.5
5.60185037568718,47.5380747322458,797.373209296456
5.63129998014672,47.5471133410243,791.323321138095
5.66062393909519,47.5561028028735,785.282411049003
5.72181827946268,47.5748283613909,772.621532191134
5.75221085862943,47.5841114699646,766.3058592348
5.76735636333173,47.5887332872512,763.151704332378
5.78246814816171,47.5933420145481,760
5.84147139083821,47.6113098079684,747.624980525305
5.88646634674001,47.6249831544269,738.10585056905
5.93076861475035,47.6384218369449,728.662576868828
5.97439250689369,47.6516313318058,719.29425629553
6.01735196260628,47.6646169531557,710
6.04540598541556,47.673084879279,703.893262828064
6.073179334508,47.6814586458672,697.818265601651
6.07365187729992,47.6816010380205,697.714649662011
6.12789890343733,47.6979293351618,685.762506287605
6.12882522430496,47.6982078460142,685.557420936635
6.15531124171028,47.7061668121634,679.679239165515
6.18154037898309,47.7140401877105,673.830777988988
6.19705959946883,47.7186947621485,670.357470241551
6.21248937558929,47.7233196119121,666.894602614602
6.22783040077756,47.7279149958268,663.442128107172
6.23546784827737,47.730201718687,661.719773662561
6.24308336500214,47.7324811708443,660
6.2948306174589,47.7479513731946,647.44308825296
6.29765449174481,47.7487946564367,646.754516626808
6.34562070800949,47.7631038817445,635.004994961893
6.35116151033343,47.7647550130635,633.641205778202
6.3954773235005,47.777947540193,622.6840416075
6.40363217210094,47.7803725982527,620.658098913648
6.44442341501239,47.7924908808852,610.478581138349
6.44633367453127,47.7930578890596,610
6.45509332091477,47.7956573856673,607.803266391352
6.49248122608331,47.8067421382656,598.386997236882
6.49482564660809,47.8074366491884,597.794365946859
6.5424347187567,47.8215260156411,585.703166460287
6.58918246218776,47.8353339012061,573.724799718285
6.64223964134885,47.8509735279522,560
6.66835590266277,47.858659362983,553.192741540924
6.68895198136468,47.864714863752,547.800018114301
6.70049472520969,47.8681063437367,544.768301784382
6.71198400423508,47.8714805253172,541.743844590016
6.72342015101357,47.8748375286045,538.726620490491
6.73480349551158,47.8781774726494,535.716603569497
6.7394697010964,47.8795461168541,534.480806121155
6.74179948287369,47.8802293670483,533.863362308618
6.74296354473795,47.8805707246115,533.554754032585
6.74412705438485,47.8809119039867,533.246221472873
6.74933911923993,47.8824400537741,531.863248856533
6.75454011275457,47.8839646325352,530.481796516729
6.75713646771609,47.8847255863579,529.791639667362
6.75973006668568,47.8854856516839,529.101861948018
6.76232091359628,47.8862448299272,528.412463046378
6.76361530626603,47.8866240868367,528.067905554689
6.76426224511775,47.8868136323152,527.895662281578
6.76490901239495,47.8870031225052,527.723442650462
6.77717529235538,47.8905959531025,524.453026404614
6.77981536504045,47.8913690023808,523.748093657487
6.80978010907135,47.9001372304511,515.721110339925
6.83102806080696,47.9063482452058,510
6.86341739052241,47.9158056037974,501.231837635871
6.90169985056551,47.9269675019405,490.793867695779
6.9393683171874,47.9379332667228,480.443297181012
6.97643595538973,47.9487075646836,470.179032946135
7.01291557621717,47.9592949219892,460
7.03034112553127,47.9643466737401,455.110153799645
7.04763359280271,47.9693562626699,450.239855181777
7.06479434027409,47.9743241666205,445.388987165494
7.0818247126583,47.9792508565657,440.55743370145
7.09872603741086,47.9841367967313,435.745079662605
7.11549962499717,47.9889824447123,430.951810835079
7.13214676915558,47.9937882515881,426.177513909115
7.14866874715463,47.9985546620348,421.42207647015
7.15859671481078,48.001417209519,418.556340878194
7.1684796756246,48.0042656150925,415.697432495386
7.17831790325697,48.0070999736929,412.845326953464
7.18322032772522,48.0085119150115,411.421817664446
7.18811167057102,48.0099203798215,410
7.22320296984351,48.0200165965787,399.307878836069
7.25777236422083,48.0299483443253,388.697138499809
7.29183023098388,48.039719251165,378.166853394176
7.32538668875644,48.0493328440232,367.716111905669
7.35000728828196,48.0563779074183,360
7.35845163981918,48.0587925619378,357.344016141245
7.3810451183096,48.0652489909061,350.213610508655
7.39103467707568,48.0681017305695,347.049681671167
7.41165513228799,48.0739866202706,340.49665633665
7.4418451786298,48.0825935037857,330.84840112145
7.47162299148822,48.0910722990791,321.268118876023
7.50639400987576,48.1009595665087,310
7.53636035128469,48.109469143982,300.217481876511
7.56590876424958,48.1178496577792,290.505624974055
7.5950470377725,48.1261037565283,280.863666446062
7.62378277897032,48.1342340201667,271.290854387338
7.65742927468206,48.1437413223206,260
7.68635472789032,48.1519039644196,250.221496159884
7.71487184232319,48.1599417316114,240.514923480173
7.74298831803534,48.1678572070748,230.879491175603
7.77071167323153,48.1756529064889,221.314420010072
7.78705622889991,48.18024469852,215.644922069009
7.80326518901444,48.1847952967282,210
7.81876378058378,48.1891435757366,204.581591531031
7.83422580080625,48.1934787836494,199.16578174378
7.86504060941172,48.2021102042693,188.341950740003
7.88161879938524,48.2067492498301,182.501932901358
7.89815491333574,48.2113733103971,176.664936727765
7.9311015097135,48.2205767451606,165
7.93825617510927,48.2225736771526,162.460614540196
7.96623278647203,48.2303764471359,152.509498489537
7.99408885440999,48.2381364927227,142.567164179106
8.01065395084254,48.2427468336688,136.638571687629
8.03385044757768,48.249197409085,128.316210957766
8.05696349614338,48.2556185216472,120
8.06916463101142,48.2590056414471,115.6
8.07863968500156,48.2616347824241,112.178010498598
8.11012423096076,48.2703635931453,100.775120697231
8.12616009456637,48.2748049454401,94.9483509011809
8.14214599108364,48.2792294716635,89.126912393105
8.15808213506648,48.2836372600538,83.3107978594423
8.17396873988719,48.2880283982575,77.5
8.18840822823711,48.2920169933611,72.2074135776759
8.20280688370543,48.2959918893418,66.9192339716901
8.21716486540751,48.2999531513355,61.6354556803995
8.23148233166346,48.3039008440824,56.3560732113143
8.24595080524543,48.3078877482542,51.0103056534594
8.26037799333949,48.3118608491094,45.6690413893526
8.27476405825772,48.3158202128044,40.3322747310044
8.28194172027405,48.3177947638484,37.6655762291114
8.2855267174467,48.3187807602443,36.332647874741
8.28731825866846,48.3192734391063,35.6662888829499
8.28910916206242,48.3197659052467,35
8.29330711402815,48.3209201201189,33.125
8.29750273327841,48.3220734888097,31.25
8.30588698136782,48.3243776912071,27.5
8.31426192177973,48.3266785195461,23.75
8.3184459064252,48.3278276706594,21.875
8.32053702819978,48.3284019308391,20.9375
8.32158237155515,48.328688982133,20.46875
8.3226275699293,48.3289759809147,20
8.32794605926948,48.3304361767911,17.3283812080545
8.33326032569468,48.33189488487,14.6567624161089
8.34054211366585,48.333893123122,10.9925718120812
8.34781598031398,48.3358885724712,7.32838120805445
8.35508193850735,48.3378812385437,3.66419060402677
8.35871195594729,48.3388765296053,1.83209530201384
8.36052622495436,48.3393739149488,0.916047651006011
8.3614331746173,48.339622542612,0.458023825503005
8.36234000108648,48.3398711269508,0
