-28.45,-55.51,16.5
-28.4492808509109,-55.5091182458164,17.3283812080545
-28.4469604482087,-55.5062728842572,20
-28.4465049300657,-55.5057142580155,20.46875
-28.4460493568893,-55.5051555467365,20.9375
-28.4451380453961,-55.5040378689889,21.875
-28.4433147615653,-55.501801492192,23.75
-28.439665548266,-55.4973246490394,27.5
-28.4360128031387,-55.4928423448378,31.25
-28.4341851045205,-55.490599141724,33.125
-28.432356521001,-55.4883545696013,35
-28.4315782017774,-55.4873991029002,35.6662888829499
-28.4307996299661,-55.4864432748134,36.332647874741
-28.4292417281363,-55.4845305337247,37.6655762291114
-28.4261228885276,-55.4807007065583,40.3322747310044
-28.4198730404973,-55.4730236295382,45.6690413893526
-28.4136069190926,-55.4653232399644,51.0103056534594
-28.4073244664784,-55.4575994390197,56.3560732113143
-28.4011091602717,-55.449954894804,61.6354556803995
-28.394877839964,-55.4422873625489,66.9192339716901
-28.3886304492308,-55.4345967457467,72.2074135776759
-28.3823669314943,-55.4268829473645,77.5
-28.3754775261936,-55.4183944891308,83.3107978594423
-28.3685685713817,-55.4098778894009,89.126912393105
-28.3616399913131,-55.4013330178822,94.9483509011809
-28.3546917098669,-55.3927597435002,100.775120697231
-28.3410552622507,-55.3759221815218,112.178010498598
-28.3316713463841,-55.3643262069976,120
-28.3216693019514,-55.351958115886,128.316210957766
-28.3116351745218,-55.3395417627849,136.638571687629
-28.3044720652443,-55.330672775887,142.567164179106
-28.2924311252817,-55.3157544192573,152.509498489537
-28.2803439205054,-55.300766250776,162.460614540196
-28.2772537093871,-55.2969323697979,165
-28.2630284934557,-55.279273240355,176.664936727765
-28.2558918150488,-55.2704072500673,182.501932901358
-28.2487390225581,-55.2615168497746,188.341950740003
-28.2354491627062,-55.2449868401966,199.16578174378
-28.2287833386394,-55.2366901232794,204.581591531031
-28.2221035309992,-55.2283721626684,210
-28.2151196806324,-55.2196714844645,215.644922069009
-28.20807960735,-55.2108965057253,221.314420010072
-28.1961434039769,-55.1960090572408,230.879491175603
-28.1840444260009,-55.180906030592,240.514923480173
-28.1717797079577,-55.1655831958331,250.221496159884
-28.1593462166724,-55.150036217602,260
-28.1448920691601,-55.1319457525885,271.290854387338
-28.1325548955388,-55.1164905073774,280.863666446062
-28.1200518275944,-55.1008139562175,290.505624974055
-28.107379885507,-55.0849118030663,300.217481876511
-28.0945360223743,-55.0687796459095,310
-28.0796420429977,-55.0500545056098,321.268118876023
-28.0668947362899,-55.0340128588899,330.84840112145
-28.0539783550106,-55.0177439712617,340.49665633665
-28.0451604624363,-55.0066289788434,347.049681671167
-28.0408898901436,-55.0012434592401,350.213610508655
-28.0312340965823,-54.9890608776193,357.344016141245
-28.027626294651,-54.9845068685826,360
-28.017110594669,-54.9712267415232,367.716111905669
-28.0027862413824,-54.9531211192508,378.166853394176
-27.98825720536,-54.9347383816062,388.697138499809
-27.9735195787884,-54.9160727701404,399.307878836069
-27.9585693603051,-54.8971183741292,410
-27.9564880970111,-54.8944781164294,411.421817664446
-27.9544023181522,-54.8918317473372,412.845326953464
-27.9502171620946,-54.8865205991867,415.697432495386
-27.9460137867455,-54.8811847752786,418.556340878194
-27.941792086499,-54.8758241206777,421.42207647015
-27.9347682098846,-54.8669018171591,426.177513909115
-27.9276934144258,-54.8579104286724,430.951810835079
-27.9205672081611,-54.848849231411,435.745079662605
-27.9133890931835,-54.8397174919493,440.55743370145
-27.9061585655545,-54.8305144670878,445.388987165494
-27.8988751152157,-54.821239403694,450.239855181777
-27.8915382258998,-54.8118915385408,455.110153799645
-27.8841473750395,-54.8024700981423,460
-27.8686830820671,-54.782741413716,470.179032946135
-27.8529807771143,-54.7626873561242,480.443297181012
-27.8370355647792,-54.7423006374753,490.793867695779
-27.8208424233557,-54.7215737620354,501.231837635871
-27.8071514414213,-54.7040313599258,510
-27.7981746083874,-54.6925201671482,515.721110339925
-27.7855214065057,-54.6762824595646,523.748093657487
-27.7844069372166,-54.6748515882052,524.453026404614
-27.7792296507998,-54.6682029937332,527.723442650462
-27.7789567009469,-54.6678524090371,527.895662281578
-27.7786836821174,-54.6675017290772,528.067905554689
-27.7781374374373,-54.6668000832271,528.412463046378
-27.7770441193461,-54.6653956468306,529.101861948018
-27.7759496950313,-54.6639896822891,529.791639667362
-27.7748541630042,-54.6625821873549,530.481796516729
-27.7726597699081,-54.6597625973768,531.863248856533
-27.7720004580414,-54.658915359054,532.278060768181
-27.7704609280359,-54.6569368587511,533.246221472873
-27.7699701023515,-54.656306038017,533.554754032585
-27.769479054816,-54.6556749105687,533.863362308618
-27.768496293664,-54.6544117347303,534.480806121155
-27.7665281033176,-54.6518816936609,535.716603569497
-27.7617273939018,-54.6457090912604,538.726620490491
-27.7569054846864,-54.6395071520389,541.743844590016
-27.7520622510142,-54.6332756872443,544.768301784382
-27.7471975673114,-54.6270145065841,547.800018114301
-27.7385200669754,-54.615840698299,553.192741540924
-27.7275217995347,-54.601668779253,560
-27.7051951262783,-54.5728660966152,573.724799718285
-27.6855425091329,-54.5474759624821,585.703166460287
-27.6655460747439,-54.5216058835267,597.794365946859
-27.6645618635878,-54.5203316432987,598.386997236882
-27.6488720802687,-54.5000065445195,607.803266391352
-27.6451977477467,-54.4952434673355,610
-27.6443965505329,-54.4942047044473,610.478581138349
-27.6272950313698,-54.4720184962129,620.658098913648
-27.6238777707387,-54.4675820263796,622.6840416075
-27.6053167976311,-54.443466682946,633.641205778202
-27.602997238545,-54.4404507980341,635.004994961893
-27.5829273998236,-54.4143356291893,646.754516626808
-27.5817464246371,-54.4127977859897,647.44308825296
-27.5601165470962,-54.3846093170199,660
-27.556941710608,-54.3804682224028,661.719773662561
-27.5537582178324,-54.3763149142158,663.442128107172
-27.5473651389372,-54.3679714634612,666.894602614602
-27.5409370559722,-54.3595785696531,670.357470241551
-27.5344737135306,-54.3511358354246,673.830777988988
-27.5235545400004,-54.3368640064959,679.679239165515
-27.5125342434096,-54.3224489521991,685.557420936635
-27.5121489257439,-54.3219447379494,685.762506287605
-27.4895964737324,-54.2924096411431,697.714649662011
-27.4894001281174,-54.292152298739,697.818265601651
-27.4778633198999,-54.277025253964,703.893262828064
-27.4662164245489,-54.2617414710579,710
-27.4483940497418,-54.2383297068925,719.29425629553
-27.4303116733855,-54.2145465297788,728.662576868828
-27.4119642245206,-54.1903839122526,738.10585056905
-27.39334650791,-54.1658336051908,747.624980525305
-27.3689578531731,-54.1336249435335,760
-27.362715977626,-54.1253728144142,763.151704332378
-27.356461816137,-54.1171008207111,766.3058592348
-27.3439165059752,-54.1004969750314,772.621532191134
-27.3186770215497,-54.0670479779119,785.282411049003
-27.3065918871471,-54.0510110015676,791.323321138095
-27.2944611392019,-54.0348998174304,797.373209296456
-27.2700618800648,-54.0024529218183,809.5
-27.2446327612201,-53.9685773006927,822.080138932514
-27.2318446695084,-53.9515186646535,828.384305116467
-27.2190072186942,-53.9343787707235,834.697897215213
-27.194250668007,-53.9012814422288,846.831503704974
-27.1818033937893,-53.8846187705859,852.91138122816
-27.169309814897,-53.8678794489973,859
-27.1433578872977,-53.8330611541511,871.60348931928
-27.1303079221286,-53.8155287018,877.918955197763
-27.1172082871276,-53.7979133280404,884.243595131338
-27.092037121627,-53.7640194983273,896.354941210249
-27.0793826058912,-53.746957073298,902.423247724747
-27.0666818344845,-53.729816993865,908.5
-27.0402814379872,-53.6941397778043,921.087941193903
-27.0270074752965,-53.6761764126378,927.395103104456
-27.0136840078516,-53.6581291572846,933.711083816563
-26.9880127079011,-53.6233083887254,945.839249902263
-26.9751079788368,-53.6057804992084,951.91554374812
-26.9621569006697,-53.5881736193099,958
-26.9353041053267,-53.5516162104431,970.572443581608
-26.9082546088066,-53.5147209510992,983.178802118096
-26.8820771419127,-53.4789480273142,995.323620858176
-26.8557145007646,-53.4428551956983,1007.5
-26.8283764016552,-53.405355851842,1020.07004160769
-26.800841185909,-53.367512861364,1032.67290433428
-26.7741794049689,-53.3308000479471,1044.82116506304
-26.7473318668552,-53.2937614713991,1057
-26.7195314103854,-53.2553340845779,1069.5546440837
-26.691533832745,-53.2165577754452,1082.1409665081
-26.6643527081776,-53.1788386753215,1094.30565081738
-26.6369848449875,-53.1407870397492,1106.5
-26.6086578866481,-53.1013241521328,1119.06540313811
-26.580132629796,-53.0615049009618,1131.66158906888
-26.5246478557103,-52.9838210742536,1156
-26.496348489553,-52.9440814711609,1168.33192261882
-26.4678576723396,-52.9039923341478,1180.69249676883
-26.4391736222157,-52.8635493193557,1193.08182241803
-26.4102945354931,-52.8227480120455,1205.5
-26.3850209248102,-52.7869718958806,1216.32268603573
-26.3595990808039,-52.7509210719633,1227.16682464455
-26.3577168223383,-52.7482492423884,1227.96806731163
-26.3558337493302,-52.7455758988399,1228.76942721957
-26.3520651577622,-52.7402246650053,1230.37249886094
-26.3482933021967,-52.7348673607384,1231.97603977464
-26.3445181787414,-52.7295039763227,1233.58005016674
-26.3369581127032,-52.7187589282763,1236.78948021112
-26.3293849282484,-52.7079894425259,1240.00079064521
-26.3217985940191,-52.697195440602,1243.21398312205
-26.3141990785585,-52.6863768437044,1246.42905929664
-26.2989603787587,-52.6646655497495,1252.86486936871
-26.2938970585178,-52.6574463878956,1255
-26.2797556708703,-52.6372701528662,1260.95463912357
-26.2655693353438,-52.6170093785017,1266.91556486065
-26.2513378545764,-52.5966635636258,1272.88278717215
-26.2442051222939,-52.5864586076773,1275.86876266185
-26.2370610291683,-52.5762322018872,1278.85631604003
-26.2356122934542,-52.5741577760096,1279.46176837359
-26.2341630902085,-52.5720824665915,1280.0672855322
-26.2195504030281,-52.5511446200927,1286.16558487831
-26.2048901161659,-52.530116663768,1292.27046329956
-26.1754258922121,-52.4877882324057,1304.5
-26.1563890179375,-52.4603924837308,1312.37329995064
-26.1372728402665,-52.4328451818878,1320.25731532995
-26.1180769012499,-52.4051451380323,1328.15206802809
-26.0988007394144,-52.3772911510481,1336.05757999491
-26.0548496877521,-52.3136386333458,1354
-26.0441206455771,-52.2980698619387,1358.36264868231
-26.0163710284655,-52.2577474165686,1369.61505306817
-25.9884578026021,-52.2171065545499,1380.88870621486
-25.960379624869,-52.1761436998539,1392.1836683677
-25.9321351373538,-52.134855223466,1403.5
-25.9008021244711,-52.0889542356715,1416.00091043435
-25.8692660652357,-52.0426518405749,1428.52728207025
-25.8466007126692,-52.0093091729148,1437.49595584382
-25.8072490725951,-51.9512909476783,1453
-25.7696087811537,-51.8956427138344,1467.75058586692
-25.7316824799228,-51.8394197011772,1482.53582354711
-25.7059848103386,-51.8012378324489,1492.51001140198
-25.6801551670445,-51.762788941018,1502.5
-25.6149969558331,-51.6654802333454,1527.54507831142
-25.5749431220639,-51.6054367955492,1542.83118695309
-25.5508138817061,-51.5691819993531,1552
-25.5149548104779,-51.5151866495248,1565.57126913744
-25.4788490351339,-51.4606791048998,1579.170417641
-25.4491013364976,-51.4156637197914,1590.32581136295
-25.4191853097578,-51.3702964177138,1601.5
-25.3518606381684,-51.2678415858601,1626.48639000535
-25.2973019303965,-51.1844490933801,1646.57372505332
-25.285227374355,-51.1659489252611,1651
-25.2500379664545,-51.1119412010983,1663.8601754062
-25.214621284218,-51.0574462121875,1676.74440637374
-25.1818553914925,-51.0069058970274,1688.61198033775
-25.1488939534528,-50.9559433283917,1700.5
-25.0792475968525,-50.847861810277,1725.4548124004
-25.0145056090948,-50.7469026578818,1748.45502649824
-25.0101376610908,-50.7400742311769,1750
-24.9743272517913,-50.6840103720262,1762.63439076853
-24.9382910567375,-50.6274463605659,1775.29117016255
-24.9037039674694,-50.5730181494543,1787.3853461322
-24.8689077710863,-50.5181233078634,1799.5
-24.796914049817,-50.4041054713813,1824.39975341869
-24.7620704961564,-50.3487092896848,1836.37139519048
-24.727019177956,-50.2928415509655,1848.36269448377
-24.7260856925766,-50.2913517430884,1848.68134029567
-24.7251520594393,-50.2898615985982,1849
-24.7068627163554,-50.2606501736946,1855.23500903794
-24.6885166960229,-50.2313092996406,1861.47531612652
-24.6516536131284,-50.1722358979771,1873.9718514899
-24.6153446292262,-50.11389587773,1886.22570701501
-24.5788134932752,-50.0550436374846,1898.5
-24.5419097890761,-49.9954325693262,1910.84442848281
-24.5047798275529,-49.935294648155,1923.2092043829
-24.4674215850268,-49.8746231250313,1935.59437804998
-24.4298330118012,-49.8134111351942,1948
-24.3939927049983,-49.7548902331368,1959.77676083581
-24.3579418388915,-49.6958715160391,1971.5719790383
-24.3558417415916,-49.6924286851953,1972.25753325194
-24.3537409277182,-49.6889841535602,1972.94314986794
-24.334929200814,-49.6581166482249,1979.07486614926
-24.3160599265607,-49.6271122604863,1985.21157586195
-24.2971328470115,-49.5959701106745,1991.35328510815
-24.2781477025477,-49.5646893115503,1997.5
-24.2398888693289,-49.5015208463508,2009.84502897631
-24.2013945373,-49.4377857594815,2022.2100063482
-24.1236908707636,-49.3085861402693,2047
-24.0814917721746,-49.2381136822948,2060.36870830591
-24.044949315712,-49.1769124417335,2071.89234040359
-23.966392681699,-49.0447925091296,2096.5
-23.8804672699285,-48.8994096849458,2123.16098513565
-23.8061776518642,-48.7729770171484,2146
-23.8022596160178,-48.7662898928925,2147.19913328747
-23.7230985570335,-48.6307705429189,2171.31202186828
-23.6429666314716,-48.4927881594741,2195.5
-23.6015611362641,-48.4211728968286,2207.91232549126
-23.5598940329341,-48.3488858301251,2220.34447117778
-23.5205154592707,-48.2803661856427,2232.04013039989
-23.476675274146,-48.203850534081,2245
-23.392481533727,-48.0562139373793,2269.71064065429
-23.3072140563171,-47.9057635160388,2294.5
-23.2720139020863,-47.8433798129131,2304.66492071891
-23.2366287383997,-47.7805057581518,2314.84316635167
-23.2209320830309,-47.7525629138071,2319.34536379588
-23.1344869121647,-47.5980973565966,2344
-23.0350804258436,-47.4192564501411,2372.0612614952
-22.9583932189437,-47.280395072541,2393.5
-22.9506726617045,-47.2663717012341,2395.64836841572
-22.940508556727,-47.2478978207335,2398.47391666304
-22.9303293808944,-47.2293827224069,2401.3004964165
-22.9099256801032,-47.1922283332937,2406.95675270202
-22.8894612819192,-47.1549074442944,2412.61714179685
-22.8689359080106,-47.1174189579611,2418.28166823218
-22.8240278657144,-47.0351994330475,2430.63099049315
-22.7788264250936,-46.9521683199843,2443
-22.6873411760285,-46.7832714024728,2467.84827539613
-22.6416566206366,-46.6985039534454,2480.16420665138
-22.5956699141546,-46.6128877980533,2492.5
-22.5028583109578,-46.4392105365344,2517.20988262419
-22.4088000642029,-46.2619864824442,2542
-22.3553729643079,-46.1607718541659,2555.96968856544
-22.3015360766038,-46.0583775583849,2569.96536136428
-22.3002397252808,-46.0559069757791,2570.30136722411
-22.2989431352975,-46.0534357025299,2570.63738807489
-22.2963492390752,-46.0484910829644,2571.3094747533
-22.2911585796786,-46.0385935435859,2572.65382804564
-22.2807657776178,-46.0187651998718,2575.34325459725
-22.2599341163244,-45.9789749387151,2580.72498936814
-22.2180855654326,-45.8988559753494,2591.5
-22.1697093701737,-45.8059317558938,2603.89554466347
-22.1209995343488,-45.7120316802821,2616.31173760945
-22.0539219335525,-45.5821708473014,2633.30425228385
-22.0233841705649,-45.5228375779497,2641
-21.9741926609234,-45.4269800574212,2653.34395023328
-21.9246583630871,-45.3301030548781,2665.70856565713
-21.874777452302,-45.232190412456,2678.09389820886
-21.8245460353631,-45.1332256196207,2690.5
-21.8044965778005,-45.093622301254,2695.43330787115
-21.7591621138824,-45.0038581029409,2706.54938086619
-21.7135378282333,-44.9132169810945,2717.68249439006
-21.6214078708174,-44.7292527189455,2740
-21.6007313893773,-44.6877943498213,2744.97932763395
-21.554242203154,-44.5943481552849,2756.13924688407
-21.5075113079604,-44.5000931915322,2767.30765889383
-21.4605364636293,-44.4050187893894,2778.48457336147
-21.4133153942014,-44.3091140833227,2789.67
-21.376797476205,-44.2347182536445,2798.28585062775
-21.2893646235935,-44.0557817416767,2818.79348811137
-21.2010766148407,-43.8739230198245,2839.33
-21.1532330647562,-43.7748785465334,2850.3872878975
-21.0692296324683,-43.6001312871598,2869.68099414036
-21.0269347957324,-43.5117384329554,2879.33733150893
-20.9844423367056,-43.4226553114905,2889
-20.9839401928985,-43.4216009297185,2889.1000846569
-20.9834379933511,-43.420546391975,2889.20017366278
-20.9824334269984,-43.418436848439,2889.40036472264
-20.9804236250007,-43.4142158882233,2889.80079904268
-20.9764013417541,-43.4057664676297,2890.60187654757
-20.968346041563,-43.3888375649552,2892.20486752515
-20.9521923723406,-43.3548590247651,2895.41419742546
-20.9197116780158,-43.2864150585188,2901.84628168333
-20.8869977302686,-43.2173142279918,2908.29632769777
-20.8540479793488,-43.1475472007261,2914.76441081194
-20.791242845753,-43.0140964250378,2927.01472392131
-20.7275715877275,-42.8781754313797,2939.33
-20.6606083043613,-42.734539663762,2952.17095087527
-20.6267680359501,-42.6616835631202,2958.61750086836
-20.5926851953032,-42.5881221346034,2965.08152815299
-20.5276355838086,-42.4472132316783,2977.33921702579
-20.4616921876829,-42.3036805433479,2989.66
-20.3923910133169,-42.1520898357995,3002.49571543133
-20.3221002601318,-41.9975463671527,3015.39890143113
-20.2546966014037,-41.8486017038136,3027.66381416945
-20.1863682142558,-41.6968619925249,3039.99
-20.114619479114,-41.5367084204832,3052.81908434385
-20.0418477159325,-41.3734112882891,3065.71352997519
-19.971958370577,-41.2157631866122,3077.98700900047
-19.9011091855448,-41.0551272706892,3090.32
-19.8267392680513,-40.8856137509263,3103.14955388861
-19.7513072597193,-40.7127386353943,3116.04247592231
-19.6788032920045,-40.5456770106459,3128.32235675033
-19.6053000456074,-40.3754113782847,3140.66
-19.5282121101786,-40.1958625651147,3153.48051912725
-19.4500187643946,-40.0127100175585,3166.3623986169
-19.3747434948358,-39.8354089907295,3178.6481624524
-19.2984235423952,-39.6546580227233,3190.99
-19.1371901372194,-39.2695092545764,3216.69183982688
-19.0589888730739,-39.0810847275247,3228.97873402073
-18.9796913508526,-38.8889318786411,3241.32
-18.8163453751047,-38.4896446379744,3266.37483646147
-18.648256728133,-38.0738530327437,3291.65
-18.5877183241773,-37.9228742079974,3300.62894076405
-18.5440067832918,-37.8134542343235,3307.07193322699
-18.4738953697567,-37.6372358858147,3317.33618064189
-18.3262685005617,-37.2633040102197,3338.6688674973
-18.3031181285148,-37.2043089239368,3341.98
-18.2030178417199,-36.948102593407,3356.19208780315
-18.1012270142206,-36.6857033027581,3370.47067351015
-18.0226740243051,-36.4819155170612,3381.37088028597
-17.9430857859477,-36.274290174933,3392.31
-17.942688515328,-36.2732508830824,3392.36434000005
-17.8692699291989,-36.0806838386936,3402.36247766525
-17.6292003840019,-35.4440673681042,3434.44472730291
-17.5667370177368,-35.2766742827415,3442.64
-17.3804936686384,-34.7732461615442,3466.70910756626
-17.2158298960104,-34.3227319894511,3487.5369695979
-17.172320019141,-34.2028377163171,3492.97
-17.1229138275444,-34.0662623907497,3499.1039710572
-16.8549185101431,-33.3173750319548,3531.7293278752
-16.7576641097037,-33.042229201846,3543.3
-16.5757722118217,-32.5227829525575,3564.56143118921
-16.3865816076581,-31.9757655359434,3586.15679406558
-16.3199237011046,-31.7813950674914,3593.64
-16.2849933293195,-31.6791986782473,3597.53542656682
-15.9801604935314,-30.7773579250046,3630.78033222899
-15.8556814972751,-30.4039285381864,3643.97
-15.6602494809073,-29.8115970263692,3664.23116754033
-15.4214608074026,-29.0778226108932,3688.25154454241
-15.3600341161776,-28.8872800749487,3694.3
-15.323379192449,-28.7732306435863,3697.88393367011
-14.9661987089474,-27.6483003025334,3731.82301655774
-14.826293663112,-27.2009711971601,3744.63
-14.586177153924,-26.4244730259555,3765.97595971175
-14.2552628099222,-25.3363275279437,3794.08314579437
-14.2446426610205,-25.3010614398947,3794.96
-14.1790333324947,-25.0827222141504,3800.34253176438
-13.7376947532103,-23.5930555917527,3835.00544199814
-13.5996965933031,-23.11985782915,3845.29
-13.2538458157414,-21.9187026900918,3869.90796215946
-13.207021770733,-21.7544276042005,3873.11357344114
-13.1597110918864,-21.5880491738665,3876.32157748084
-13.0635697506441,-21.2487266644357,3882.74477455844
-12.8647385629395,-20.5418297658919,3895.62
-12.8250339049175,-20.3998475941733,3898.12496232423
-12.7364065417445,-20.0819432097534,3903.63740321895
-12.5457930285804,-19.3936947363318,3915.12230326423
-12.3456023189239,-18.6643326574416,3926.63688105051
-11.9850805585779,-17.3344473661743,3945.95
-11.7955158092478,-16.6270120711834,3955.36729693952
-11.7690759760372,-16.5279063305338,3956.64036192071
-11.7424203349289,-16.427885202406,3957.91377751133
-11.7155435256991,-16.3269264112241,3959.18754385624
-11.6884399604799,-16.2250067438894,3960.46166110037
-11.633529005509,-16.0181869606858,3963.01094886649
-11.5776376465669,-15.8072190738712,3965.5616419708
-11.5207114288458,-15.5918772405218,3968.11374157569
-11.4626906190493,-15.3719139051781,3970.66724884483
-11.3430954560842,-14.9170056834354,3975.77849103703
-11.2182364193938,-14.4399473444562,3980.89537788254
-11.0873475988037,-13.9375750617117,3986.01791873711
-10.9494556866585,-13.4058739524978,3991.1461229772
-10.803291597477,-12.8396163475085,3996.28
-10.477453288995,-11.5679080315907,4006.60462496822
-10.0858948447117,-10.0238959312867,4016.9514704491
-9.21539172681066,-6.53963756858503,4031.76290879415
-8.53688119688354,-3.7873228666455,4035.31569414461
-7.86267584034577,-1.03448194738029,4031.76290879415
-7.01012031524892,2.45197053147752,4016.9514704491
-6.63110284423425,3.99751616368729,4006.60462496822
-6.31778109397298,5.27075533951345,3996.28
-6.17784040213562,5.83777422483351,3991.1461229772
-6.04616316360263,6.37023562459648,3986.01791873711
-5.92148061015584,6.87336724662988,3980.89537788254
-5.80281966951787,7.35118400215493,3975.77849103703
-5.68941460971502,7.80684973923231,3970.66724884483
-5.63448590254686,8.02719150012596,3968.11374157569
-5.58064983792642,8.24291153958186,3965.5616419708
-5.52784669498477,8.45425741454771,3963.01094886649
-5.47602202990986,8.66145496926087,3960.46166110037
-5.45046089090266,8.76356344153446,3959.18754385624
-5.42512602991781,8.86471098391831,3957.91377751133
-5.40001186013333,8.96492080963525,3956.64036192071
-5.37511302230994,9.06421519437766,3955.36729693952
-5.19694594754596,9.77304590691739,3945.95
-4.85978218440499,11.1057917334617,3926.63688105051
-4.6735060000792,11.836858374847,3915.12230326423
-4.49676306913602,12.5268064153555,3903.63740321895
-4.41479046354337,12.8455263469606,3898.12496232423
-4.37810927673218,12.9878790775664,3895.62
-4.19481005272389,13.6966798755806,3882.74477455844
-4.10641197818883,14.036951732038,3876.32157748084
-4.06296729396843,14.2038041898331,3873.11357344114
-4.02000549634477,14.3685528738363,3869.90796215946
-3.70378649625337,15.5733425352417,3845.29
-3.57815168960665,16.0480572649661,3835.00544199814
-3.17840002965579,17.5428288186162,3800.34253176438
-3.11923743942115,17.7619597165354,3794.96
-3.10966722086927,17.7973547460862,3794.08314579437
-2.81235726686084,18.8896283672775,3765.97595971175
-2.5976968798704,19.6692552177927,3744.63
-2.47303649357701,20.1184585963803,3731.82301655774
-2.15614234307776,21.2483442703632,3697.88393367011
-2.12373216202209,21.3629160100104,3694.3
-2.06946471097499,21.5543395615587,3688.25154454241
-1.85905029217344,22.2916067417592,3664.23116754033
-1.68748054576617,22.8868768858026,3643.97
-1.57849884795363,23.2622153860359,3630.78033222899
-1.31259060465623,24.1688534375065,3597.53542656682
-1.28220838813452,24.2716105716544,3593.64
-1.22427965079065,24.4670573840678,3586.15679406558
-1.06021987699112,25.0171744158094,3564.56143118921
-0.90298244077022,25.5396627904617,3543.3
-0.819107634241931,25.8164600599792,3531.7293278752
-0.588688147884326,26.5699873716066,3499.1039710572
-0.546321939929346,26.7074323360588,3492.97
-0.509040803653523,26.8280961220092,3487.5369695979
-0.368194394688445,27.2815534872333,3466.70910756626
-0.209353949927678,27.7883693354897,3442.64
-0.156190945516457,27.9569125473006,3434.44472730291
0.0476234111289351,28.5980142231111,3402.36247766525
0.10979329162242,28.7919734249351,3392.36434000005
0.110129490627198,28.7930202758245,3392.31
0.177438483462655,29.0021656194282,3381.37088028597
0.243785653822009,29.2074646293211,3370.47067351015
0.329632754243562,29.4718384098116,3356.19208780315
0.413914605623106,29.7300042390381,3341.98
0.433386976271585,29.7894550104202,3338.6688674973
0.557386702118347,30.1663148405821,3317.33618064189
0.616172573927507,30.3439371027613,3307.07193322699
0.652789170809172,30.4542367024142,3300.62894076405
0.703458450291802,30.6064392696359,3291.65
0.843884083390233,31.0256620975101,3266.37483646147
0.97998190118625,31.428330676494,3241.32
1.04592227833412,31.6221416405295,3228.97873402073
1.11086858871374,31.8122119687335,3216.69183982688
1.24451576662539,32.2007871689336,3190.99
1.30765728646958,32.3831755719383,3178.6481624524
1.3698589700749,32.5621013692764,3166.3623986169
1.43439270573328,32.746951904103,3153.48051912725
1.49793533058806,32.9281848864663,3140.66
1.55845047091937,33.1000657726418,3128.32235675033
1.61807359307663,33.2687296652179,3116.04247592231
1.68003169894522,33.443281196692,3103.14955388861
1.74104487358085,33.6144569360965,3090.32
1.79910280864886,33.7766850527387,3077.98700900047
1.85631047489766,33.9359120598597,3065.71352997519
1.91581045295975,34.1008619340866,3052.81908434385
1.97440715295336,34.2626537058965,3039.99
2.03014895481119,34.415961530699,3027.66381416945
2.08507771025717,34.5664607271242,3015.39890143113
2.14229732292988,34.7226333842379,3002.49571543133
2.19864966280624,34.8758383960751,2989.66
2.2522148685223,35.0209145829614,2977.33921702579
2.30499997075658,35.1633531324344,2965.08152815299
2.33263539919724,35.2377188203124,2958.61750086836
2.36005960488581,35.3113753581656,2952.17095087527
2.41428413072855,35.4566006136461,2939.33
2.46579047545833,35.594039818291,2927.01472392131
2.51654623934161,35.7289946980367,2914.76441081194
2.54315467718709,35.7995534267994,2908.29632769777
2.56955923659337,35.8694420588513,2901.84628168333
2.59576227996099,35.9386699487801,2895.41419742546
2.6087889656981,35.9730390036627,2892.20486752515
2.61528372465994,35.9901628030752,2890.60187654757
2.6185264736754,35.9987095820328,2889.80079904268
2.62014669249803,36.0029791989475,2889.40036472264
2.62095651322899,36.0051130652146,2889.20017366278
2.62136135145447,36.0061797629194,2889.1000846569
2.62176614159802,36.0072463037166,2889
2.65600893252766,36.0973598449033,2879.33733150893
2.69007012006862,36.1867812640767,2869.68099414036
2.75765439849896,36.3635800750335,2850.3872878975
2.79610739231352,36.4637981471403,2839.33
2.86699217353674,36.647832366375,2818.79348811137
2.93709554606669,36.8289358067274,2798.28585062775
2.96634763005297,36.904240370433,2789.67
3.00414901092692,37.0013233619234,2778.48457336147
3.04172614898176,37.0975734910911,2767.30765889383
3.07908133548016,37.1930016203205,2756.13924688407
3.11621682418095,37.2876184158506,2744.97932763395
3.13272469036452,37.3295985419004,2740
3.20621689924802,37.5158960238131,2717.68249439006
3.24257326096161,37.6076976577655,2706.54938086619
3.27867366740343,37.6986183129809,2695.43330787115
3.29463136499715,37.7387341353,2690.5
3.33459003889134,37.8389857772163,2678.09389820886
3.37423973558335,37.9381802945386,2665.70856565713
3.41358423527132,38.0363342093299,2653.34395023328
3.45262724778258,38.1334636912421,2641
3.47685026824164,38.1935885317628,2633.30425228385
3.53001799376749,38.3251933142668,2616.31173760945
3.56859312722375,38.4203642931215,2603.89554466347
3.60687599227346,38.5145544504913,2591.5
3.63997064933085,38.5957715354925,2580.72498936814
3.65643696407168,38.6361094648309,2575.34325459725
3.66464998862879,38.6562112949266,2572.65382804564
3.66875148267394,38.6662454906252,2571.3094747533
3.67080097700262,38.6712584166402,2570.63738807489
3.67182541122613,38.6737638376874,2570.30136722411
3.67284963691071,38.6762685644737,2569.96536136428
3.71536764430834,38.7800832075808,2555.96968856544
3.75752803690894,38.8827119145825,2542
3.8316692291818,39.0624364279685,2517.20988262419
3.90472548486065,39.238594706306,2492.5
3.94088619569963,39.3254451988206,2480.16420665138
3.97678475052075,39.4114421714843,2467.84827539613
4.04859968150829,39.5828111254453,2443
4.0840462496394,39.6670684824276,2430.63099049315
4.1192391648092,39.7505094631629,2418.28166823218
4.13531639416927,39.7885572716488,2412.61714179685
4.15134098792788,39.8264364775456,2406.95675270202
4.16731321121783,39.8641481797282,2401.3004964165
4.17527976664967,39.8829415586154,2398.47391666304
4.18323332799047,39.9016934692571,2395.64836841572
4.18927397686632,39.9159281374928,2393.5
4.2492374098534,40.056893351354,2372.0612614952
4.32686443053324,40.2384750210268,2344
4.39427739536452,40.3953364799232,2319.34536379588
4.40650898849473,40.423715615725,2314.84316635167
4.43407245771792,40.4875746100559,2304.66492071891
4.46147758513518,40.5509400293835,2294.5
4.52780399102607,40.7037764757176,2269.71064065429
4.59321385234052,40.8537800812783,2245
4.62724125244772,40.9315325805482,2232.04013039989
4.65778709934026,41.0011657246541,2220.34447117778
4.69008902822477,41.0746336034684,2207.91232549126
4.72216870000354,41.1474249104102,2195.5
4.7841974377338,41.2876907707708,2171.31202186828
4.84540367923994,41.4254756036141,2147.19913328747
4.8484312226093,41.4322751061338,2146
4.90580370916396,41.560843016023,2123.16098513565
4.97208530984826,41.7087060391218,2096.5
5.0326107018295,41.8431033289728,2071.89234040359
5.0607421145216,41.9053671383742,2060.36870830591
5.09320972906442,41.9770691742452,2047
5.15294264410473,42.1085399644361,2022.2100063482
5.18250955824187,42.1734035811048,2009.84502897631
5.21187939157825,42.2376958972306,1997.5
5.22644756879196,42.2695352067565,1991.35328510815
5.2409672408276,42.301234701827,1985.21157586195
5.25543864595464,42.3327952721092,1979.07486614926
5.26986202078049,42.3642177997009,1972.94314986794
5.27147252079061,42.3677243470751,1972.25753325194
5.27308242302545,42.371229179172,1971.5719790383
5.30071091315975,42.4313132664549,1959.77676083581
5.32816390843576,42.4908952617573,1948
5.35694093071955,42.5532221865173,1935.59437804998
5.38552630896928,42.6150039230632,1923.2092043829
5.41392191463994,42.6762473565177,1910.84442848281
5.44212959343306,42.736959256171,1898.5
5.47003789329052,42.7969032311484,1886.22570701501
5.49776210195785,42.8563303338073,1873.9718514899
5.52589475932087,42.9165094319774,1861.47531612652
5.53989032999728,42.9464013487803,1855.23500903794
5.55383903441597,42.9761626163287,1849
5.55455098976881,42.9776808425981,1848.68134029567
5.55526282301374,42.9791987291159,1848.36269448377
5.58198453163586,43.0361217337717,1836.37139519048
5.60853468692422,43.0925687496224,1824.39975341869
5.66335110329544,43.2087635707749,1799.5
5.68982511106653,43.2647133742067,1787.3853461322
5.71612712625683,43.3201919981137,1775.29117016255
5.74351746584339,43.3778523294013,1762.63439076853
5.77072240114455,43.4350075561392,1750
5.77403976322199,43.441969232262,1748.45502649824
5.82318597992515,43.5449067442986,1725.4548124004
5.87600519337822,43.6551234437408,1700.5
5.9009848611231,43.7070990371105,1688.61198033775
5.92580488754396,43.7586479640353,1676.74440637374
5.95262005635106,43.8142349514244,1663.8601754062
5.97924997600517,43.869329505938,1651
5.9883844890891,43.8882030208343,1646.57372505332
6.02963942869615,43.9732851629814,1626.48639000535
6.08050411870652,44.077831058828,1601.5
6.10309075023593,44.1241296807695,1590.32581136295
6.12554095841845,44.1700724535385,1579.170417641
6.15277703547948,44.2257073505932,1565.57126913744
6.17981347541888,44.2808242488834,1552
6.19799846414275,44.3178347891647,1542.83118695309
6.22817156242307,44.3791346290639,1527.54507831142
6.27722032071952,44.478492241322,1502.5
6.29665169252554,44.517755071265,1492.51001140198
6.31597688801269,44.5567476899981,1482.53582354711
6.34448572719159,44.6141690274216,1467.75058586692
6.3727648044252,44.6710086303704,1453
6.40231390460788,44.7302746062454,1437.49595584382
6.41932601230283,44.7643369672974,1428.52728207025
6.44298743412337,44.8116419752891,1416.00091043435
6.46648633444647,44.8585405576911,1403.5
6.4876602430198,44.9007295215915,1392.1836683677
6.50870132471983,44.942588713698,1380.88870621486
6.52961074999378,44.9841217853306,1369.61505306817
6.55038967548122,45.0253323347157,1358.36264868231
6.55842146598586,45.0412447806788,1354
6.59131101097823,45.1063068929409,1336.05757999491
6.60572954115399,45.1347799887964,1328.15206802809
6.62008428278236,45.1630971010959,1320.25731532995
6.63437563102584,45.1912594388743,1312.37329995064
6.64860397778255,45.2192681988661,1304.5
6.67061852751803,45.2625464514187,1292.27046329956
6.68156883548315,45.2840474717337,1286.16558487831
6.69248140778349,45.3054571561097,1280.0672855322
6.69356353599769,45.3075792765834,1279.46176837359
6.69464529370431,45.3097005014549,1278.85631604003
6.69997940984065,45.3201577297202,1275.86876266185
6.70530452456898,45.3305932148042,1272.88278717215
6.71592783399184,45.3513992096709,1266.91556486065
6.72651539167321,45.3721189959654,1260.95463912357
6.73706736559268,45.3927530783841,1255
6.74084500262903,45.4001362427049,1252.86486936871
6.7522127042627,45.4223413464245,1246.42905929664
6.75788087712901,45.4334063309342,1243.21398312205
6.76353863347278,45.4444463763767,1240.00079064521
6.76918599997608,45.4554615621255,1236.78948021112
6.77482300323024,45.4664519672225,1233.58005016674
6.77763762697629,45.4719379017388,1231.97603977464
6.78044966984092,45.4774176705836,1230.37249886094
6.78325913512271,45.4828912835445,1228.76942721957
6.78466290220584,45.4856257846344,1227.96806731163
6.7860660261277,45.4883587504145,1227.16682464455
6.80501314417655,45.5252357830599,1216.32268603573
6.82384329118569,45.5618342150851,1205.5
6.84535178939496,45.6035762759958,1193.08182241803
6.86670668145341,45.6449548811946,1180.69249676883
6.88790948862566,45.6859744794244,1168.33192261882
6.90896171232987,45.7266394483228,1156
6.95021406160407,45.8061409252474,1131.66158906888
6.97141024132544,45.8468963703643,1119.06540313811
6.99245098599334,45.8872901003923,1106.5
7.0127716879429,45.9262421558877,1094.30565081738
7.03294630825868,45.9648565956602,1082.1409665081
7.05371919318139,46.004556245677,1069.5546440837
7.07433806985815,46.0439015838038,1057
7.09424286640953,46.0818276974666,1044.82116506304
7.11400282713819,46.1194229280455,1032.67290433428
7.13440268576438,46.1581783107518,1020.07004160769
7.15464904245566,46.1965845874817,1007.5
7.17416594622039,46.2335530027079,995.323620858176
7.19353893153375,46.2701963417762,983.178802118096
7.21355013255954,46.3079920391248,970.572443581608
7.23340864244571,46.3454443702256,958
7.2429838313507,46.3634832376974,951.91554374812
7.25252310217573,46.3814418065179,945.839249902263
7.27149462092735,46.4171200281073,933.711083816563
7.28133831907704,46.435612673557,927.395103104456
7.29114369913525,46.4540200251783,921.087941193903
7.31064031404782,46.4905810247305,908.5
7.32001734830576,46.5081466301743,902.423247724747
7.32935865131502,46.525633259549,896.354941210249
7.3479348007952,46.5603715529777,884.243595131338
7.35759977654601,46.5784267605702,877.918955197763
7.36722642820076,46.5963976213495,871.60348931928
7.38636558148484,46.6320884794002,859
7.39557704883601,46.649248204513,852.91138122816
7.4047528531165,46.66632994174,846.831503704974
7.42299821848922,46.7002614084362,834.697897215213
7.4324569454429,46.7178341848182,828.384305116467
7.4418777000771,46.7353242710877,822.080138932514
7.46060611552715,46.7700585192473,809.5
7.47857010231236,46.8033301288515,797.373209296456
7.48749921745606,46.8198516553049,791.323321138095
7.49639332948252,46.8362976380278,785.282411049003
7.51496385346485,46.8706015003299,772.621532191134
7.52419204016064,46.8876305926489,766.3058592348
7.52879195715781,46.8961146658813,763.151704332378
7.53338245810075,46.9045785130195,760
7.55131512098741,46.9376149405005,747.624980525305
7.56500059361227,46.9627977095754,738.10585056905
7.57848410275048,46.9875840865262,728.662576868828
7.59176961198004,47.0119824761173,719.29425629553
7.60486098766735,47.0360010580692,710
7.61341451790298,47.0516816374638,703.893262828064
7.62188590349882,47.0672019166893,697.818265601651
7.62203006734593,47.0674659531968,697.714649662011
7.63858638545829,47.0977703028057,685.762506287605
7.63886921399302,47.0982876662729,685.557420936635
7.64695765705248,47.1130788839147,679.679239165515
7.65497072119238,47.1277235931592,673.830777988988
7.65971331877304,47.1363871240209,670.357470241551
7.66442964351296,47.144999668275,666.894602614602
7.6691198894597,47.1535616310538,663.442128107172
7.67145529352664,47.157823770777,661.719773662561
7.67378424984857,47.162073415208,660
7.68964863071296,47.1910018017867,647.44308825296
7.69051468404959,47.192580062883,646.754516626808
7.70523059104983,47.2193824051951,635.004994961893
7.70693112237261,47.2224777462605,633.641205778202
7.72053680438789,47.2472291654577,622.6840416075
7.72304138454401,47.2517827959694,620.658098913648
7.73557374766711,47.2745555757753,610.478581138349
7.73616081326222,47.2756218293088,610
7.7388530477865,47.2805109915849,607.803266391352
7.75034770838175,47.3013747001942,598.386997236882
7.75106868294693,47.3026827386308,597.794365946859
7.76571486468771,47.329239797682,585.703166460287
7.78010547701463,47.3553056467728,573.724799718285
7.79644966506139,47.3848766436656,560
7.80449916227714,47.3994272963784,553.192741540924
7.81084929987083,47.4109000406259,547.800018114301
7.81440892761275,47.4173288536054,544.768301784382
7.81795263445956,47.4237272445163,541.743844590016
7.82148051531395,47.4300954075403,538.726620490491
7.82499266437075,47.4364335352922,535.716603569497
7.82643250814682,47.4390314476223,534.480806121155
7.82715144023495,47.4403285151198,533.863362308618
7.82751065918014,47.4409765774193,533.554754032585
7.82786971352573,47.4416243256911,533.246221472873
7.82899591292874,47.4436559233107,532.278060768181
7.82947820683797,47.4445259018555,531.863248856533
7.83108339963322,47.447421182687,530.481796516729
7.8318847611837,47.448866468158,529.791639667362
7.83268530098971,47.4503101867042,529.101861948018
7.83348502017558,47.4517523406193,528.412463046378
7.83388457238955,47.4524728315611,528.067905554689
7.83408427171279,47.4528329306524,527.895662281578
7.83428391986995,47.4531929322046,527.723442650462
7.83807069175978,47.4600201644516,524.453026404614
7.83888580355865,47.4614894945166,523.748093657487
7.84813939662068,47.4781639675614,515.721110339925
7.85470344339909,47.4899851601711,510
7.86471309016023,47.5080005745085,501.231837635871
7.87654978461923,47.529287248312,490.793867695779
7.8882028035012,47.5502255528142,480.443297181012
7.89967593043886,47.5708231409217,470.179032946135
7.91097285193923,47.5910874540258,460
7.91637118549628,47.6007650055186,455.110153799645
7.92172959033153,47.6103671873557,450.239855181777
7.92704845951203,47.6198947894738,445.388987165494
7.93232818127089,47.6293485913658,440.55743370145
7.93756913907865,47.6387293622476,435.745079662605
7.94277171171353,47.6480378612225,430.951810835079
7.9479362733303,47.6572748374423,426.177513909115
7.95306319352816,47.6664410302646,421.42207647015
7.95614450261288,47.6719483076366,418.556340878194
7.95921226849362,47.6774301425906,415.697432495386
7.96226657046472,47.6828866934068,412.845326953464
7.9637886973019,47.6856055367376,411.421817664446
7.96530748763358,47.688318117825,410
7.97621611704698,47.7077922078685,399.307878836069
7.98696754847241,47.7269704284612,388.697138499809
7.99756479065172,47.7458588164234,378.166853394176
8.00801078054512,47.7644632535591,367.716111905669
8.01567808383971,47.7781097493121,360
8.01830839594467,47.7827894902511,357.344016141245
8.02534746370245,47.7953086654963,350.213610508655
8.02846042674335,47.8008430954241,347.049681671167
8.0348875373662,47.812265638766,340.49665633665
8.04430059121198,47.8289852200693,330.84840112145
8.0535888815095,47.8454718886193,321.268118876023
8.06443939290992,47.864717279812,310
8.07379467743588,47.8812983245562,300.217481876511
8.08302321043232,47.8976435815905,290.505624974055
8.09212727281207,47.9137575504023,280.863666446062
8.1011090943355,47.9296446224956,271.290854387338
8.11163030888317,47.9482412819999,260
8.12067910692277,47.9642239221529,250.221496159884
8.12960364933705,47.9799767155022,240.514923480173
8.13840620191914,47.9955040951412,230.879491175603
8.14708897898582,48.0108103866942,221.314420010072
8.15220952581749,48.0198324953188,215.644922069009
8.15728871892346,48.0287783977571,210
8.16214635986242,48.0373309700594,204.581591531031
8.16699341383461,48.0458618692395,199.16578174378
8.17665588993473,48.0628589591836,188.341950740003
8.18185568620997,48.0720008501984,182.501932901358
8.18704328962423,48.0811178353417,176.664936727765
8.19738207771842,48.0992774720297,165
8.19962777077104,48.1032201176536,162.460614540196
8.20841082586005,48.1186338406691,152.509498489537
8.21715890176571,48.1339763242523,142.567164179106
8.22236245449544,48.1430977179344,136.638571687629
8.22965081522462,48.1558677635002,128.316210957766
8.2369149343745,48.168588554932,120
8.2437292783475,48.1805155587409,112.178010498598
8.25363022716768,48.1978343805854,100.775120697231
8.25867446339137,48.2066529738783,94.9483509011809
8.26370394781922,48.2154425352342,89.126912393105
8.26871873965586,48.2242031978409,83.3107978594423
8.27371889780078,48.2329350940955,77.5
8.27826441782239,48.2408702716471,72.2074135776759
8.28279786949511,48.2487817516609,66.9192339716901
8.28731929678569,48.2566696327457,61.6354556803995
8.29182874345515,48.2645340129793,56.3560732113143
8.29638654131916,48.2724800791809,51.0103056534594
8.30093212463035,48.2804022105695,45.6690413893526
8.30546553829648,48.2883005075784,40.3322747310044
8.30772769556586,48.2922407495615,37.6655762291114
8.30885763923765,48.2942086493516,36.332647874741
8.30942232763566,48.2951920446232,35.6662888829499
8.30998682718996,48.2961750704028,35
8.31131304048055,48.2984843931289,33.125
8.31263858085318,48.3007923201274,31.25
8.31528764491626,48.3054039920065,27.5
8.31793402351737,48.3100100961546,23.75
8.31925620706049,48.3123110634836,21.875
8.31991704761827,48.313461026513,20.9375
8.32024740512186,48.3140358779376,20.46875
8.32057772078604,48.3146106426618,20
8.32226031392125,48.3175382178607,17.3283812080545
8.32278178017694,48.3184454535551,16.5
8.32394167356307,48.3204632867861,14.6567624161089
8.32624569595763,48.3244710203826,10.9925718120812
8.32854740415005,48.328474053828,7.32838120805445
8.33084680165668,48.3324723953942,3.66419060402677
8.33199563499975,48.3344698093022,1.83209530201384
8.33256983551039,48.3354680774881,0.916047651006011
8.33285688174943,48.3359671019454,0.458023825503005
8.33314389198673,48.3364660533335,0
