126.1,1.73,103
126.090581168887,1.74209920275612,112.178010498598
126.08252609582,1.75244639433329,120
126.073935101539,1.76348184248921,128.316210957766
126.065311025863,1.77455961342683,136.638571687629
126.059151128694,1.78247199964668,142.567164179106
126.048790187631,1.79578042555708,152.509498489537
126.038381399246,1.80915005614297,162.460614540196
126.035718997792,1.81256975247966,165
126.023456323374,1.82832021075772,176.664936727765
126.017300023582,1.8362273668254,182.501932901358
126.011126996132,1.84415591638717,188.341950740003
125.999650013997,1.85889654573909,199.16578174378
125.99388979277,1.86629464915336,204.581591531031
125.988115015175,1.87371136653626,210
125.982074719911,1.8814690085311,215.644922069009
125.975983034025,1.88929256121935,221.314420010072
125.965648442906,1.9025650672332,230.879491175603
125.955164762194,1.91602877408394,240.514923480173
125.944529077445,1.92968741088602,250.221496159884
125.933738401814,1.94354479907721,260
125.921183113456,1.95966793021129,271.290854387338
125.910457370757,1.97344129249921,280.863666446062
125.899578634073,1.9874108169149,290.505624974055
125.888543944587,2.00158028768392,300.217481876511
125.877350270718,2.01595358174397,310
125.864358171465,2.03263573825755,321.268118876023
125.853228625516,2.04692597609577,330.84840112145
125.841942040566,2.06141751160795,340.49665633665
125.834231340953,2.07131755210773,347.049681671167
125.830495398599,2.07611420296619,350.213610508655
125.822044574069,2.08696424494782,357.344016141245
125.81888563334,2.09101996951207,360
125.809673994625,2.1028465213072,367.716111905669
125.797115850399,2.11896917650023,378.166853394176
125.784366266774,2.13533716187709,388.697138499809
125.771421280584,2.15195554130267,399.307878836069
125.758276824164,2.16882951158029,410
125.756445750334,2.17118008234355,411.421817664446
125.754610453311,2.17353606490902,412.845326953464
125.750927137491,2.17826433214069,415.697432495386
125.747226770363,2.18301444916709,418.556340878194
125.743509245222,2.18778655233647,421.42207647015
125.737321912942,2.19572900344265,426.177513909115
125.731086845595,2.20373261901711,430.951810835079
125.724803544732,2.21179803590059,435.745079662605
125.718471505299,2.2199258993401,440.55743370145
125.712090215526,2.22811686312396,445.388987165494
125.705659156823,2.23637158971948,450.239855181777
125.699177803662,2.24469075041317,455.110153799645
125.69264562347,2.25307502545372,460
125.678967711316,2.27063068203534,470.179032946135
125.665065050183,2.28847423523088,480.443297181012
125.650932622828,2.30661209172808,490.793867695779
125.636565269248,2.32505083965262,501.231837635871
125.62440599874,2.34065529161752,510
125.616427516007,2.35089413462567,515.721110339925
125.605173509892,2.3653361468158,523.748093657487
125.604181829132,2.36660872961289,524.453026404614
125.599574003213,2.37252172157874,527.723442650462
125.599331032024,2.37283351249626,527.895662281578
125.599087995058,2.37314538763708,528.067905554689
125.598601723703,2.37376939071043,528.412463046378
125.597628390628,2.37501840888062,529.101861948018
125.596654002436,2.37626877806952,529.791639667362
125.595678557579,2.37752050025103,530.481796516729
125.593724491728,2.38002801143419,531.863248856533
125.591766180585,2.38254095836563,533.246221472873
125.591329007409,2.38310194674592,533.554754032585
125.590891622467,2.38366320627219,533.863362308618
125.590016216734,2.38478653946435,534.480806121155
125.588262858003,2.38703646734654,535.716603569497
125.583985199716,2.39252556197935,538.726620490491
125.579687286983,2.39804058946342,541.743844590016
125.575368989909,2.40358171552416,544.768301784382
125.571030177541,2.40914910723025,547.800018114301
125.563287251971,2.41908437432275,553.192741540924
125.553467128615,2.43168470660815,560
125.533510142115,2.45729083761709,573.724799718285
125.515918993518,2.47986038156206,585.703166460287
125.497996591238,2.50285389378733,597.794365946859
125.497113849594,2.50398637843019,598.386997236882
125.483033865005,2.5220494904373,607.803266391352
125.479734409062,2.52628224460586,610
125.479014847876,2.52720533917218,610.478581138349
125.463646726637,2.54692004148945,620.658098913648
125.460573746975,2.55086206089998,622.6840416075
125.443870571548,2.57228834824726,633.641205778202
125.441781733891,2.57496777505877,635.004994961893
125.423694754252,2.59816797525343,646.754516626808
125.422629705532,2.59953408055305,647.44308825296
125.403108256717,2.62457295881893,660
125.400239889353,2.62825191508928,661.719773662561
125.39736309112,2.63194165636743,663.442128107172
125.391584068721,2.63935366378765,666.894602614602
125.385770917488,2.64680932762975,670.357470241551
125.379923363844,2.65430899637875,673.830777988988
125.370038768101,2.66698602680137,679.679239165515
125.36005531633,2.6797894947489,685.557420936635
125.359706118228,2.68023732419933,685.762506287605
125.339252046129,2.70646792155801,697.714649662011
125.339073833872,2.70669645704683,697.818265601651
125.328598387855,2.72012974156915,703.893262828064
125.318014774211,2.73370133972091,710
125.301803470864,2.75448867038188,719.29425629553
125.28533587043,2.77560367567256,728.662576868828
125.268606446815,2.79705338757317,738.10585056905
125.251609521399,2.8188450308159,747.624980525305
125.229311875417,2.84743107761879,760
125.223599295077,2.85475442782529,763.151704332378
125.217873089753,2.86209512271789,766.3058592348
125.206379623161,2.87682877382441,772.621532191134
125.183227184762,2.90650673017148,785.282411049003
125.172127568438,2.92073405460961,791.323321138095
125.16097705683,2.9350261427242,797.373209296456
125.138522044654,2.96380624477379,809.5
125.11508026359,2.99384898504113,822.080138932514
125.103276523564,3.00897572249989,828.384305116467
125.091417066157,3.02417331174481,834.697897215213
125.068517751866,3.05351661971753,846.831503704974
125.056989923262,3.06828765338446,852.91138122816
125.045409538666,3.08312549314416,859
125.02132349649,3.11398498502498,871.60348931928
125.009195941897,3.12952214597045,877.918955197763
124.997011539756,3.14513153202335,884.243595131338
124.97356889733,3.1751620857159,896.354941210249
124.961768387823,3.19027794444473,902.423247724747
124.949914642385,3.20546141220295,908.5
124.925242474596,3.2370621153936,921.087941193903
124.912820876879,3.252971023916,927.395103104456
124.900341777309,3.26895291846392,933.711083816563
124.876265754592,3.29978503147369,945.839249902263
124.864147199874,3.3153032906876,951.91554374812
124.851974501467,3.33089024373311,958
124.826701648232,3.36324968494824,970.572443581608
124.801197245586,3.39590276333696,983.178802118096
124.776470574773,3.42755736904146,995.323620858176
124.751524645817,3.45948989670964,1007.5
124.725608546909,3.49266133762252,1020.07004160769
124.6994569397,3.52613111981842,1032.67290433428
124.674088223924,3.55859592684818,1044.82116506304
124.648496244473,3.59134342529082,1057
124.62194658152,3.6253131372461,1069.5546440837
124.595157796476,3.65958542730348,1082.1409665081
124.569101233306,3.69291766700086,1094.30565081738
124.542816760942,3.72653814653526,1106.5
124.515559338656,3.76139958627814,1119.06540313811
124.488057680091,3.79656971033194,1131.66158906888
124.434409750235,3.86516585338638,1156
124.4069685161,3.90024760813018,1168.33192261882
124.379287701847,3.93563177899495,1180.69249676883
124.351364314643,3.97132205502303,1193.08182241803
124.323195311851,4.00732218447876,1205.5
124.298497099848,4.03888322519091,1216.32268603573
124.273610561704,4.07068168209788,1227.16682464455
124.271766201182,4.07303816012467,1227.96806731163
124.269920802679,4.07539594632185,1228.76942721957
124.266226888404,4.08011544731114,1230.37249886094
124.262528812171,4.08484019330987,1231.97603977464
124.258826567275,4.08957019255714,1233.58005016674
124.25140954474,4.09904598366171,1236.78948021112
124.243975766732,4.10854288705491,1240.00079064521
124.236525179089,4.11806096926445,1243.21398312205
124.229057727417,4.12760029709358,1246.42905929664
124.214072014367,4.14674295676957,1252.86486936871
124.209089255586,4.15310763507426,1255
124.195163617158,4.1708947023546,1260.95463912357
124.181180010921,4.18875475388498,1266.91556486065
124.177592119224,4.19333708646672,1268.44203245416
124.16713809066,4.20668821416452,1272.88278717215
124.160095153384,4.21568260669243,1275.86876266185
124.15303750652,4.22469551207151,1278.85631604003
124.151605874645,4.22652373154393,1279.46176837359
124.15017363685,4.22835271352784,1280.0672855322
124.135723969121,4.24680445271736,1286.16558487831
124.121212502113,4.26533394853261,1292.27046329956
124.092002656723,4.30262806283249,1304.5
124.073098306918,4.32676194089754,1312.37329995064
124.054090003139,4.35102650585317,1320.25731532995
124.03497692271,4.37542276321252,1328.15206802809
124.015758234246,4.39995172869539,1336.05757999491
123.971841520554,4.45599504655989,1354
123.961100391043,4.46970040360267,1358.36264868231
123.933282147682,4.50519252774015,1369.61505306817
123.905245393022,4.54095886588631,1380.88870621486
123.876987647154,4.57700243762434,1392.1836683677
123.848506392398,4.61332630652202,1403.5
123.816844644571,4.65370075546239,1416.00091043435
123.784907313028,4.69442049812622,1428.52728207025
123.761909800782,4.72373823136445,1437.49595584382
123.72189423887,4.77474322099864,1453
123.6835149511,4.82365326687643,1467.75058586692
123.644740816351,4.87305715816232,1482.53582354711
123.618409579237,4.90660158578807,1492.51001140198
123.591894847909,4.94037532527235,1502.5
123.524792521951,5.02582828617087,1527.54507831142
123.483389414149,5.07853943248834,1542.83118695309
123.458390411578,5.11036073332414,1552
123.421159402301,5.15774452996644,1565.57126913744
123.383576055845,5.20556737434095,1579.170417641
123.3525381871,5.24505428237461,1590.32581136295
123.321258134049,5.28484269856354,1601.5
123.25061854523,5.3746720411549,1626.48639000535
123.193123008417,5.44776113026773,1646.57372505332
123.180368039293,5.46397227837108,1651
123.143132486748,5.51129087510342,1663.8601754062
123.105561155259,5.55902618965148,1676.74440637374
123.070716425401,5.60328824973531,1688.61198033775
123.035580567295,5.6479112424423,1700.5
122.961064016886,5.74251841094814,1725.4548124004
122.891457028637,5.83085526375864,1748.45502649824
122.886749075069,5.83682872800898,1750
122.848094791177,5.88586707935106,1762.63439076853
122.809095095718,5.93533216935748,1775.29117016255
122.771567354405,5.982919355231,1787.3853461322
122.733717153474,6.03090446636991,1799.5
122.655098724669,6.13053848114899,1824.39975341869
122.616900031336,6.17893059628793,1836.37139519048
122.578375049806,6.22772434865202,1848.36269448377
122.577347699597,6.22902537541639,1848.68134029567
122.576320116394,6.23032668880542,1849
122.556176139897,6.25583496135556,1855.23500903794
122.535942544978,6.28145343912227,1861.47531612652
122.495204145825,6.33302376301724,1873.9718514899
122.454969939722,6.38394260757299,1886.22570701501
122.414380796977,6.43529722477524,1898.5
122.373266473497,6.48730246817082,1910.84442848281
122.331786792935,6.53975561718029,1923.2092043829
122.28993692951,6.59266228266457,1935.59437804998
122.247711970108,6.64602816991164,1948
122.207341096946,6.69703660398316,1959.77676083581
122.166624449776,6.74846778588954,1971.5719790383
122.164249186819,6.75146765589902,1972.25753325194
122.161872742015,6.75446896981769,1972.94314986794
122.140576310136,6.78136296721495,1979.07486614926
122.119184738649,6.80837315439814,1985.21157586195
122.097697395406,6.83550026142771,1991.35328510815
122.076113642507,6.86274502452346,1997.5
122.03252505911,6.91775360565075,2009.84502897631
121.988542203508,6.97324275139361,2022.2100063482
121.899372347114,7.08568725130888,2047
121.850727935331,7.14699836430582,2060.36870830591
121.808479266054,7.20023084688115,2071.89234040359
121.717261046905,7.31510802352242,2096.5
121.616864634423,7.44145435195923,2123.16098513565
121.529535272359,7.55127866725848,2146
121.524915832211,7.55708599017232,2147.19913328747
121.431287860586,7.67474593848267,2171.31202186828
121.335934369744,7.79448660063158,2195.5
121.286434315642,7.85661124171307,2207.91232549126
121.236462783612,7.91930288376746,2220.34447117778
121.189088855663,7.97871260543862,2232.04013039989
121.13617854093,8.04503850732783,2245
121.034063616647,8.17296433905674,2269.71064065429
120.929967553626,8.30326132401587,2294.5
120.886793769568,8.35726873852865,2304.66492071891
120.843274073892,8.41168899764382,2314.84316635167
120.82393065893,8.4358710059722,2319.34536379588
120.716977592644,8.5695054616573,2344
120.593093451971,8.72414055961636,2372.0612614952
120.496862097143,8.84414293256779,2393.5
120.487141793684,8.85625865044145,2395.64836841572
120.474336031834,8.87221858713935,2398.47391666304
120.461501026248,8.88821314038953,2401.3004964165
120.435742879504,8.92030653810389,2406.95675270202
120.409866535899,8.95253973643567,2412.61714179685
120.383871171296,8.98491363438741,2418.28166823218
120.326848275791,9.05590168521971,2430.63099049315
120.269248313752,9.12757072346288,2443
120.15203670509,9.27329465049623,2467.84827539613
120.093186072664,9.3464011684154,2480.16420665138
120.033729899377,9.42021891101726,2492.5
119.913068002648,9.56989866398442,2517.20988262419
119.789868418444,9.72254751030192,2542
119.719473376614,9.80968745151079,2555.96968856544
119.648231771915,9.89781391533883,2569.96536136428
119.646512516688,9.89993988098175,2570.30136722411
119.644792765248,9.90206642393654,2570.63738807489
119.641351772851,9.90632124270797,2571.3094747533
119.634463823869,9.91483781819898,2572.65382804564
119.620664020022,9.93189877308743,2575.34325459725
119.592968393943,9.96613231712185,2580.72498936814
119.53718987999,10.0350493190694,2591.5
119.472475213585,10.114958925968,2603.89554466347
119.407057440647,10.1956834945404,2616.31173760945
119.316547063307,10.3072830195445,2633.30425228385
119.2751773902,10.3582573066494,2641
119.208320458123,10.4405898777198,2653.34395023328
119.140725729805,10.5237725954413,2665.70856565713
119.072380626135,10.6078185852156,2678.09389820886
119.00327226559,10.6927412521032,2690.5
118.975608541478,10.7267178148475,2695.43330787115
118.912888784748,10.8037128132546,2706.54938086619
118.849531179955,10.8814379343283,2717.68249439006
118.72086214187,11.0391200814649,2740
118.69185033938,11.0746428841123,2744.97932763395
118.626438436224,11.1546930815072,2756.13924688407
118.560432037546,11.2354117683231,2767.30765889383
118.493822529129,11.3168074938034,2778.48457336147
118.426601118561,11.3988889598862,2789.67
118.374434533053,11.4625443998665,2798.28585062775
118.248886761444,11.6155862919833,2818.79348811137
118.121175040148,11.7710381680175,2839.33
118.051571082518,11.8556630752843,2850.3872878975
117.928680325924,12.0049046149808,2869.68099414036
117.866475546135,12.0803643903389,2879.33733150893
117.803755583698,12.1563920951004,2889
117.803010928396,12.1572944040479,2889.1000846569
117.80226615806,12.1581968442662,2889.20017366278
117.800776272182,12.160002118627,2889.40036472264
117.797795118852,12.1636142438335,2889.80079904268
117.791827279902,12.1708448064916,2890.60187654757
117.779869424776,12.1853312313447,2892.20486752515
117.755864619199,12.2144056854636,2895.41419742546
117.707495504959,12.2729642906691,2901.84628168333
117.658640972862,12.3320755452675,2908.29632769777
117.609293622912,12.3917472042239,2914.76441081194
117.514839966787,12.5058611021907,2927.01472392131
117.418553380991,12.6220519076793,2939.33
117.316707433231,12.744799022384,2952.17095087527
117.26501080831,12.8070447171488,2958.61750086836
117.212787800766,12.8698827738246,2965.08152815299
117.11267971391,12.9902221929105,2977.33921702579
117.010606856049,13.1127640848917,2989.66
116.902691442741,13.2421438314628,3002.49571543133
116.792553499872,13.373999849364,3015.39890143113
116.686288505912,13.5010375008171,3027.66381416945
116.577909117881,13.6304176501048,3039.99
116.463386397447,13.7669267455569,3052.81908434385
116.346472001189,13.906067942379,3065.71352997519
116.233461946354,14.0403508800724,3077.98700900047
116.118166000865,14.1771339671534,3090.32
115.996337912834,14.3214276876147,3103.14955388861
115.871921539418,14.4685317235009,3116.04247592231
115.75152078757,14.6106404242433,3128.32235675033
115.628637721217,14.7554261457282,3140.66
115.498862314949,14.9080533138043,3153.48051912725
115.366275076962,15.0636888084441,3166.3623986169
115.237721000556,15.2142996777055,3178.6481624524
115.106456387502,15.367788989799,3190.99
114.826033984303,15.6946744661938,3216.69183982688
114.688478401846,15.8545106872011,3228.97873402073
114.547947401385,16.0174536435788,3241.32
114.255090556314,16.355865748542,3266.37483646147
113.948888259835,16.7080175955882,3291.65
113.837380103206,16.8358271785717,3300.62894076405
113.756456542097,16.9284355349616,3307.07193322699
113.625935087803,17.0775443507298,3317.33618064189
113.348154283454,17.393811438704,3338.6688674973
113.30422560299,17.4436919591494,3341.98
113.113117481598,17.6602627398231,3356.19208780315
112.916819574184,17.8819819778445,3370.47067351015
112.763961441121,18.0541178780126,3381.37088028597
112.607851683018,18.2294443828011,3392.31
112.607069299219,18.2303218726583,3392.36434000005
112.46193751128,18.3928873785,3402.36247766525
111.97972525689,18.9300252186859,3434.44472730291
111.852297537141,19.07119045011,3442.64
111.467414149341,19.495573158259,3466.70910756626
111.120816569509,19.8751548818942,3487.5369695979
111.028221357508,19.9761437718048,3492.97
110.922557366341,20.0911695772413,3499.1039710572
110.339547372505,20.7216547822963,3531.7293278752
110.123754016063,20.9532121677619,3543.3
109.713922837499,21.3902661579893,3564.56143118921
109.278757650626,21.8504111803715,3586.15679406558
109.123212681486,22.0138971306859,3593.64
109.041231987151,22.0998528916789,3597.53542656682
108.31165859711,22.858370792,3630.78033222899
108.006195798906,23.1724966509121,3643.97
107.517393748762,23.6708849628428,3664.23116754033
106.90418769842,24.2886273299238,3688.25154454241
106.743491513003,24.4491270640561,3694.3
106.647008343789,24.5452150432124,3697.88393367011
105.682786568878,25.494018027632,3731.82301655774
105.292629301613,25.8719882622214,3744.63
104.605467591021,26.5293181714862,3765.97595971175
103.619351130797,27.4539244953618,3794.08314579437
103.586902519988,27.4839740157689,3794.96
103.385284823097,27.6701493066415,3800.34253176438
101.973722731292,28.9477513985131,3835.00544199814
101.5107073041,29.3569868842685,3845.29
100.297989437521,30.4058963935215,3869.90796215946
100.127486746775,30.5507138524734,3873.11357344114
99.9535481262749,30.6977775482193,3876.32157748084
99.5947188221208,30.9990239198477,3882.74477455844
98.8279718916052,31.6330960673324,3895.62
98.6705509971382,31.761659874123,3898.12496232423
98.313554129948,32.0511812474062,3903.63740321895
97.517019810239,32.6870332642978,3915.12230326423
96.6313501192932,33.3777360181374,3926.63688105051
94.8670053669676,34.7032465868256,3945.95
93.814538206938,35.4625018780841,3955.36729693952
93.6583347431708,35.5732154641969,3956.64036192071
93.4981065359122,35.686255859241,3957.91377751133
93.3335763641107,35.8017785557407,3959.18754385624
93.164433726089,35.9199576081569,3960.46166110037
92.8108662765459,36.1650940040106,3963.01094886649
92.4339920255746,36.4235748540159,3965.5616419708
92.0292978489533,36.6979231682865,3968.11374157569
91.5905961400268,36.9915940693544,3970.66724884483
90.5709148036635,37.6593473776684,3975.77849103703
89.2127944954961,38.5170866459144,3980.89537788254
86.214017631382,40.2873979175713,3986.01791873711
85.725020937617,40.5604665148021,3986.11522041252
85.232033790686,40.8314565782105,3986.01791873711
82.0238393931276,42.4924889323854,3980.89537788254
80.4576929465676,43.2412880446805,3975.77849103703
79.2313723157951,43.8004421445941,3970.66724884483
78.6898685177496,44.0399414092384,3968.11374157569
78.1827165762868,44.2602037859726,3965.5616419708
77.7037280045731,44.4646845060683,3963.01094886649
77.2483887866746,44.6559066815321,3960.46166110037
77.0284883972182,44.7471608471736,3959.18754385624
76.8132857748346,44.8357801705707,3957.91377751133
76.602470304057,44.9219387174548,3956.64036192071
76.3957646496609,45.0057919913605,3955.36729693952
74.971924409232,45.5667961490126,3945.95
72.4585719517876,46.488484043303,3926.63688105051
71.1343475276263,46.9402216891777,3915.12230326423
69.9062168272826,47.3390418345437,3903.63740321895
69.3441054122318,47.5152589358882,3898.12496232423
69.0939103545625,47.5924345876972,3895.62
67.8546777007367,47.9634251580211,3882.74477455844
67.2628454987761,48.1340828635164,3876.32157748084
66.9732042502153,48.2160884532543,3873.11357344114
66.6875274590115,48.29600471011,3869.90796215946
64.6048668070319,48.8501057638385,3845.29
63.7859516684682,49.0545299723683,3835.00544199814
61.2071204360642,49.6503578186652,3800.34253176438
60.8285966175027,49.7318306103792,3794.96
60.7674378917307,49.7448531173388,3794.08314579437
58.8772374028772,50.1282203163832,3765.97595971175
57.5239613980372,50.3803538157652,3744.63
56.7424501236289,50.5176494271102,3731.82301655774
54.7705603599564,50.8375728450337,3697.88393367011
54.5701016260934,50.8680000958804,3694.3
54.2349719794075,50.9180148901325,3688.25154454241
52.9418048699941,51.1010694390332,3664.23116754033
51.8949349533992,51.237826471464,3643.97
51.2336174939804,51.319007933564,3630.78033222899
49.6324895731724,51.4990577093602,3597.53542656682
49.4507043542315,51.5180361010962,3593.64
49.1047768426759,51.5533323873704,3586.15679406558
48.1299840381248,51.6470483449759,3564.56143118921
47.2027196658988,51.7283760669648,3543.3
46.710972153096,51.7684331010338,3531.7293278752
45.370716035269,51.8668724792422,3499.1039710572
45.1260297148745,51.8831568634759,3492.97
44.9111686622609,51.8970284109431,3487.5369695979
44.1033451259299,51.9456109213519,3466.70910756626
43.1998829417225,51.9932865642127,3442.64
42.8993262729923,52.0075938789716,3434.44472730291
41.7557497339547,52.0549691145181,3402.36247766525
41.4097075728051,52.0671057223254,3392.36434000005
41.4078398486046,52.0671684613732,3392.31
41.0346929306033,52.0791075080284,3381.37088028597
40.6684107198645,52.0896754209917,3370.47067351015
40.1967547601672,52.1016051690927,3356.19208780315
39.7362243249718,52.1114323352791,3341.98
39.6301825955507,52.1134404572467,3338.6688674973
38.9580990719187,52.1239525746473,3317.33618064189
38.6414169103091,52.1275802116627,3307.07193322699
38.4447970690477,52.1294054570866,3300.62894076405
38.1735270854457,52.1313867429781,3291.65
37.4266694309597,52.1336255795268,3266.37483646147
36.7098324819552,52.1313373316675,3241.32
36.3650231465952,52.1286883792317,3228.97873402073
36.0270211371873,52.1251152830648,3216.69183982688
35.3365332635617,52.1148098798451,3190.99
35.0126937793704,52.1085852662478,3178.6481624524
34.6951772151415,52.1016189105083,3166.3623986169
34.3673383609283,52.0935285564754,3153.48051912725
34.0461138923484,52.084716268644,3140.66
33.7416561145442,52.0755545177386,3128.32235675033
33.4430854588141,52.0658041871723,3116.04247592231
33.1342974077747,52.0549217866421,3103.14955388861
32.8316916885688,52.0434688229758,3090.32
32.5451035377436,52.0319016957384,3077.98700900047
32.2640131945685,52.0198749167688,3065.71352997519
31.9730316604315,52.0067130851921,3052.81908434385
31.6878370748424,51.9931094294452,3039.99
31.417800937373,51.9795860140634,3027.66381416945
31.1529103923675,51.9657119767845,3015.39890143113
30.8782476387785,51.9506890194671,3002.49571543133
30.6090209899533,51.9353329970786,2989.66
30.354282370902,51.9202278653838,2977.33921702579
30.1043723798095,51.9048644994746,2965.08152815299
29.9739760673896,51.8966339141683,2958.61750086836
29.8448774978724,51.8883402605876,2952.17095087527
29.5905003090453,51.8715757454003,2939.33
29.3499611606946,51.8552067740721,2927.01472392131
29.1139632035318,51.8386581821455,2914.76441081194
28.9906533689626,51.8298187072064,2908.29632769777
28.8685676986656,51.8209364925751,2901.84628168333
28.7476888350986,51.8120140445463,2895.41419742546
28.6876965958727,51.8075384918209,2892.20486752515
28.6578113562069,51.8052972636222,2890.60187654757
28.6428963425939,51.8041758026045,2889.80079904268
28.6354457231839,51.8036148623557,2889.40036472264
28.6317221335622,51.803334340044,2889.20017366278
28.6298607685515,51.8031940658722,2889.1000846569
28.6279996899907,51.8030537830349,2889
28.4712435085481,51.7911293244871,2879.33733150893
28.3157695543666,51.7790901763702,2869.68099414036
28.0086095120608,51.7546829776366,2850.3872878975
27.8346371869797,51.7404918884202,2839.33
27.5154370097245,51.7137625869951,2818.79348811137
27.2016718949051,51.6866137035658,2798.28585062775
27.0713102782157,51.6750784883871,2789.67
26.903339999937,51.659993880735,2778.48457336147
26.736914888633,51.6448016739769,2767.30765889383
26.5720148598094,51.6295064728025,2756.13924688407
26.4086201598659,51.6141127471715,2744.97932763395
26.3361575545514,51.6072099397642,2740
26.0148395067907,51.5760377417496,2717.68249439006
25.856658320531,51.5603537546238,2706.54938086619
25.7000971325635,51.5446101934462,2695.43330787115
25.6310520962958,51.5375974344691,2690.5
25.458592710529,51.5198945186883,2678.09389820886
25.2880766505848,51.5021287511804,2665.70856565713
25.1194729821309,51.4843053303415,2653.34395023328
24.952751402371,51.4664292583877,2641
24.8496094144199,51.455244806613,2633.30425228385
24.6240122116128,51.4304468037445,2616.31173760945
24.4610134025255,51.4122432708571,2603.89554466347
24.2998143729598,51.394003949944,2591.5
24.1609144181024,51.3780985511303,2580.72498936814
24.0919607703768,51.3701375586469,2575.34325459725
24.0576070516821,51.3661551344604,2572.65382804564
24.0404608474649,51.3641634582611,2571.3094747533
24.0318953940554,51.3631675063523,2570.63738807489
24.0276145776437,51.3626695022217,2570.30136722411
24.0233350340459,51.3621714794122,2569.96536136428
23.8460351187561,51.3413919410107,2555.96968856544
23.670908335604,51.3205856123468,2542
23.3645826228712,51.2835176668935,2517.20988262419
23.0647842346389,51.2464064266707,2492.5
22.917141870999,51.2278264238461,2480.16420665138
22.7710595103701,51.2092449994968,2467.84827539613
22.4802833480936,51.1716720413153,2443
22.3374779891235,51.1529326476293,2430.63099049315
22.1961620108496,51.1342023956741,2418.28166823218
22.1317592182936,51.1256047833039,2412.61714179685
22.067663769741,51.1170098899677,2406.95675270202
22.003873582409,51.1084179547682,2401.3004964165
21.9720923141913,51.1041231697704,2398.47391666304
21.9403865884782,51.0998292119897,2395.64836841572
21.9163222322851,51.0965638802019,2393.5
21.6781834252441,51.0639589718802,2372.0612614952
21.371886774853,51.0212419552283,2344
21.1077085387304,50.9836913697568,2319.34536379588
21.0599557638375,50.9768336242842,2314.84316635167
20.9525493225816,50.9613304705936,2304.66492071891
20.8460380188322,50.9458489610862,2294.5
20.5894024873538,50.9081059100799,2269.71064065429
20.3378955804836,50.8705109394649,2245
20.2076763587965,50.8508094778875,2232.04013039989
20.0911406978387,50.8330411827721,2220.34447117778
19.9682752080923,50.8141673191912,2207.91232549126
19.8466305903826,50.7953387407204,2195.5
19.6124789186956,50.7586965968428,2171.31202186828
19.3827950953561,50.7222415892694,2147.19913328747
19.3714689172401,50.7204307699273,2146
19.1574586012142,50.6859822092404,2123.16098513565
18.9116843417601,50.645874025904,2096.5
18.6886238823329,50.6089649672437,2071.89234040359
18.5853917422183,50.5917195634584,2060.36870830591
18.4665961349364,50.5717455698552,2047
18.2490132682715,50.5348040078797,2022.2100063482
18.1417783400905,50.516426877511,2009.84502897631
18.0355624136938,50.4981130877235,1997.5
17.982988933096,50.4890073165947,1991.35328510815
17.9306644857161,50.4799176722433,1985.21157586195
17.878587394439,50.4708442258164,1979.07486614926
17.8267559967853,50.4617870462986,1972.94314986794
17.8209730636989,50.4607748758058,1972.25753325194
17.8151931822568,50.4597629098057,1971.5719790383
17.7161421247051,50.4423693906736,1959.77676083581
17.6179836572036,50.4250369847392,1948
17.5153723994146,50.406816400581,1935.59437804998
17.4137289083771,50.3886647899857,1923.2092043829
17.3130402338043,50.370582588848,1910.84442848281
17.2132936496385,50.3525702024975,1898.5
17.1148755637559,50.3347006333381,1886.22570701501
17.0173718512303,50.3169018460235,1873.9718514899
16.9187012293653,50.2987933956643,1861.47531612652
16.8697150476139,50.2897670823688,1855.23500903794
16.8209595452189,50.2807594256659,1849
16.8184728004248,50.28029935756,1848.68134029567
16.815986655209,50.2798393384583,1848.36269448377
16.7227836411412,50.2625490059688,1836.37139519048
16.6304199860254,50.2453284117025,1824.39975341869
16.4404803665928,50.2096459278104,1799.5
16.3491121124142,50.1923518473826,1787.3853461322
16.2585718874669,50.1751313911968,1775.29117016255
16.1645331170246,50.1571578118966,1762.63439076853
16.0713806139715,50.1392653796004,1750
16.0600386206784,50.1370808419457,1748.45502649824
15.8924405604153,50.1046482717372,1725.4548124004
15.713216228612,50.0696498843542,1700.5
15.6287794333153,50.0530478897741,1688.61198033775
15.54508731781,50.0365204848118,1676.74440637374
15.4548968597657,50.018629627188,1663.8601754062
15.3655645254845,50.0008268934638,1651
15.334975879619,49.9947121868361,1646.57372505332
15.1971678485124,49.9670450900124,1626.48639000535
15.0280278344458,49.9328206476697,1601.5
14.9531918134335,49.9175839538294,1590.32581136295
14.8789725902317,49.9024157328996,1579.170417641
14.7891516109515,49.8839828108294,1565.57126913744
14.7002270877168,49.8656515800689,1552
14.6405486756019,49.8533032832533,1542.83118695309
14.5417641045431,49.8327821245927,1527.54507831142
14.3818078074169,49.7993381569944,1502.5
14.3186524905053,49.7860601186349,1492.51001140198
14.2559622141394,49.7728386868224,1482.53582354711
14.1636984527991,49.7533054909173,1467.75058586692
14.0724343228927,49.7338962978774,1453
13.9773432151977,49.7135803603739,1437.49595584382
13.9227227098091,49.7018679391624,1428.52728207025
13.8469057056907,49.6855583348515,1416.00091043435
13.7717845396011,49.6693387710627,1403.5
13.7042450152253,49.6547054247643,1392.1836683677
13.6372689223532,49.6401466422084,1380.88870621486
13.5708496324866,49.6256621149153,1369.61505306817
13.5049806182301,49.6112515306299,1358.36264868231
13.4795561149307,49.6056769696067,1354
13.3756549559849,49.582824491639,1336.05757999491
13.3302117933139,49.5727935380245,1328.15206802809
13.2850339300918,49.5627994131398,1320.25731532995
13.2401191822971,49.552841996875,1312.37329995064
13.1954653892389,49.5429211684855,1304.5
13.1264992083939,49.5275571043906,1292.27046329956
13.0922504100761,49.5199084384991,1286.16558487831
13.0581564825109,49.5122819384244,1280.0672855322
13.0547776144703,49.511525441279,1279.46176837359
13.0514002644055,49.5107691622765,1278.85631604003
13.0347519263443,49.507039375484,1275.86876266185
13.0181404332062,49.5033148949838,1272.88278717215
12.9934874871484,49.4977820014979,1268.44203245416
12.9850275240528,49.4958818249266,1266.91556486065
12.9520606200849,49.4884698947523,1260.95463912357
12.9192388139203,49.481079047438,1255
12.9074968298293,49.478432178005,1252.86486936871
12.8721891704416,49.4704642654475,1246.42905929664
12.8545988503814,49.4664896622844,1243.21398312205
12.8370506801225,49.4625212820726,1240.00079064521
12.8195445173205,49.4585591153075,1236.78948021112
12.8020802202552,49.4546031524764,1233.58005016674
12.7933637270935,49.4526274945243,1231.97603977464
12.7846576475026,49.450653383985,1230.37249886094
12.7759619639414,49.4486808196672,1228.76942721957
12.7716180151807,49.4476951169643,1227.96806731163
12.7672766588671,49.44670980037,1227.16682464455
12.7087119614691,49.4333981652845,1216.32268603573
12.65061736482,49.4201570070059,1205.5
12.5843916852311,49.4050183399424,1193.08182241803
12.5187780964491,49.389973057848,1180.69249676883
12.4537686565149,49.3750205733754,1168.33192261882
12.3893555568927,49.3601602987056,1156
12.2635244662979,49.3310014499557,1131.66158906888
12.1990694977318,49.3159989569498,1119.06540313811
12.1352205884805,49.3010931524687,1106.5
12.0736825804871,49.2866849907316,1094.30565081738
12.0127090920897,49.2723684439497,1082.1409665081
11.9500543744416,49.257615041053,1069.5546440837
11.8879912318855,49.242958815113,1057
11.8281973242258,49.2287987735507,1044.82116506304
11.7689547190338,49.2147308258287,1032.67290433428
11.7079148565845,49.2001960070093,1020.07004160769
11.6474558218149,49.1857593418219,1007.5
11.5892894271097,49.1718323642806,995.323620858176
11.5316627683582,49.1579980626414,983.178802118096
11.4722533665818,49.1436976502813,970.572443581608
11.4134132576365,49.1294960727496,958
11.385083505467,49.1226448677752,951.91554374812
11.3568866546881,49.1158170385496,945.839249902263
11.3008881969746,49.1022311426032,933.711083816563
11.2718737557763,49.0951783088608,927.395103104456
11.2430002865154,49.0881505318415,921.087941193903
11.1856724640414,49.074169738204,908.5
11.1581395275176,49.0674422632536,902.423247724747
11.1307368436063,49.0607383011554,896.354941210249
11.0763188189751,49.0474005332448,884.243595131338
11.0480451419217,49.0404577724461,877.918955197763
11.0199103837446,49.0335403414468,871.60348931928
10.9640538434115,49.0197810365519,859
10.9372082911103,49.0131557896631,852.91138122816
10.9104909328058,49.0065542440296,846.831503704974
10.8574374106467,48.9934218565545,834.697897215213
10.8299710874581,48.9866108113422,828.384305116467
10.8026405028537,48.9798251044054,822.080138932514
10.7483828389421,48.9663292585167,809.5
10.6964339194739,48.9533769758263,797.373209296456
10.6706466166227,48.9469363323783,791.323321138095
10.6449829788254,48.9405192161639,785.282411049003
10.5914709486803,48.9271150624733,772.621532191134
10.5649158393117,48.9204514440061,766.3058592348
10.5516881037275,48.9171291974999,763.151704332378
10.538493427474,48.9138133065674,760
10.4870064353098,48.9008557444374,747.624980525305
10.4477754592079,48.8909627097501,738.10585056905
10.4091756545055,48.881212024674,728.662576868828
10.3711932924234,48.8716010185628,719.29425629553
10.3338150222121,48.8621270814382,710
10.309419409148,48.8559352899461,703.893262828064
10.2852785302505,48.8498015761879,697.818265601651
10.284867883011,48.8496971823515,697.714649662011
10.2377467523885,48.8377055730377,685.762506287605
10.2369424645504,48.8375006774901,685.557420936635
10.2139506910544,48.8316403559719,679.679239165515
10.1911914107504,48.8258334397871,673.830777988988
10.1777296830885,48.8223960050297,670.357470241551
10.1643488227866,48.8189771988218,666.894602614602
10.151048171555,48.815576888837,663.442128107172
10.1444277190861,48.8138836285315,661.719773662561
10.1378270751104,48.8121949431796,660
10.0929153945681,48.8006918684588,647.44308825296
10.0904656502017,48.8000637701679,646.754516626808
10.0488719132967,48.7893890836068,635.004994961893
10.0440693586166,48.788155291433,633.641205778202
10.0056739969799,48.7782820382971,622.6840416075
9.99861168639416,48.7764641742501,620.658098913648
9.96329975635405,48.7673663076249,610.478581138349
9.9616466799303,48.7669400591404,610
9.9540670383457,48.764985240658,607.803266391352
9.92172801696921,48.7566375879938,598.386997236882
9.91970085724084,48.7561139246182,597.794365946859
9.87855159317319,48.745474046526,585.703166460287
9.83817843873214,48.7350162205059,573.724799718285
9.7923941849745,48.7231344213308,560
9.76987268757669,48.7172809879473,553.192741540924
9.75211844242969,48.7126625289381,547.800018114301
9.74217101627295,48.7100733154151,544.768301784382
9.7322715607724,48.707495473409,541.743844590016
9.72241976280365,48.7049289372831,538.726620490491
9.71261531183359,48.7023736418643,535.716603569497
9.70859685482151,48.7013260119173,534.480806121155
9.70659060299741,48.7008029043544,533.863362308618
9.70558822009923,48.7005415271826,533.554754032585
9.70458633210541,48.7002802676585,533.246221472873
9.70009850644256,48.699109850048,531.863248856533
9.69562060135765,48.6979417917307,530.481796516729
9.69338535968097,48.6973586453342,529.791639667362
9.69115258701832,48.6967760864163,529.101861948018
9.68892227967406,48.6961941141979,528.412463046378
9.68780804933553,48.6959033478559,528.067905554689
9.68725116479915,48.6957580195845,527.895662281578
9.68669443394197,48.6956127278967,527.723442650462
9.67613687524641,48.692856824254,524.453026404614
9.67386485242353,48.6922635787523,523.748093657487
9.6480844520175,48.6855279759746,515.721110339925
9.62981139523707,48.6807492289859,510
9.60196927023556,48.6734606899564,501.231837635871
9.56908070111419,48.6648397238726,490.793867695779
9.53674005566977,48.6563503735174,480.443297181012
9.50493504089233,48.6479900032389,470.179032946135
9.47365371161857,48.6397560419582,460
9.4587179799793,48.635820679119,455.110153799645
9.44390059768651,48.6319139844937,450.239855181777
9.42920029857649,48.6280356832428,445.388987165494
9.41461583361701,48.6241855037621,440.55743370145
9.40014597062587,48.6203631776377,435.745079662605
9.38578949399555,48.6165684396028,430.951810835079
9.37154520442242,48.6128010274936,426.177513909115
9.35741191864194,48.6090606822077,421.42207647015
9.34892117375081,48.6068125257871,418.556340878194
9.34047031465614,48.6045741116349,415.697432495386
9.33205908823109,48.6023453840967,412.845326953464
9.32786825817976,48.6012346353786,411.421817664446
9.32368724229545,48.6001262876212,410
9.29367861404752,48.5921654141738,399.307878836069
9.26413396997063,48.5843175585483,388.697138499809
9.23504364477208,48.5765806136371,378.166853394176
9.20639822716498,48.5689525204586,367.716111905669
9.18539138572224,48.5633525517028,360
9.17818852281536,48.5614312591433,357.344016141245
9.1589218718923,48.5562891444063,350.213610508655
9.15040563090417,48.5540148701697,347.049681671167
9.13283101830883,48.5493189128502,340.49665633665
9.10711155804633,48.5424402486824,330.84840112145
9.08175634465185,48.5356515627589,321.268118876023
9.05216591920095,48.5277195824779,310
9.02667848430713,48.5208793728181,300.217481876511
9.00155935106721,48.5141306921154,290.505624974055
8.97680135590137,48.5074719285399,280.863666446062
8.95239751087828,48.500901505148,271.290854387338
8.92383850513416,48.4932036416855,260
8.89929988789352,48.486581931432,250.221496159884
8.87511960974777,48.4800501231072,240.514923480173
8.85129063201288,48.4736066091663,230.879491175603
8.82780609019107,48.4672498174366,221.314420010072
8.81396580363511,48.4635005471551,215.644922069009
8.80024417301257,48.4597812349606,210
8.78712748084234,48.456223859537,204.581591531031
8.77404557292375,48.4526739365574,199.16578174378
8.74798558675151,48.4455963668429,188.341950740003
8.73397174793239,48.4417871327284,182.501932901358
8.7199978536202,48.4379864928975,176.664936727765
8.69216925308963,48.4304108952666,165
8.68612829957694,48.4287652211368,162.460614540196
8.66251443434768,48.422328284462,152.509498489537
8.63901471587249,48.4159160466293,142.567164179106
8.62504606181358,48.4121014629552,136.638571687629
8.60549276916133,48.4067580149724,128.316210957766
8.58601833632621,48.4014317076215,120
8.56776224953758,48.3964346229399,112.178010498598
8.54641962494499,48.3905877788818,103
8.54125856229697,48.3891731035107,100.775120697231
8.52776557055563,48.3854731386672,94.9483509011809
8.51431864812761,48.3817837015301,89.126912393105
8.50091757512789,48.3781047527566,83.3107978594423
8.48756213303025,48.3744362531778,77.5
8.47542668203505,48.3711010641317,72.2074135776759
8.4633288082039,48.3677744969851,66.9192339716901
8.4512683488922,48.3644565224387,61.6354556803995
8.43924514236684,48.3611471113112,56.3560732113143
8.42709839192074,48.3578019853863,51.0103056534594
8.414989569426,48.3544655943374,45.6690413893526
8.40291850937479,48.3511379081603,40.3322747310044
8.39689708859362,48.3494773199989,37.6655762291114
8.39388989656879,48.3486478380267,36.332647874741
8.39238717903257,48.3482332998653,35.6662888829499
8.39088504672385,48.3478188968434,35
8.38735718996905,48.3468455406242,33.125
8.38383157798428,48.3458726588339,31.25
8.3767870797829,48.343928317248,27.5
8.36975153506323,48.3419858695041,23.75
8.36623711494066,48.3410153550174,21.875
8.36448074200956,48.3405302749794,20.9375
8.36360276471056,48.3402877792443,20.46875
8.36272492681178,48.3400453130249,20
8.35825425768188,48.3388103371516,17.3283812080545
8.3537875964881,48.3375762356608,14.6567624161089
8.3476679695583,48.3358850556435,10.9925718120812
8.34155585792492,48.3341955164865,7.32838120805445
8.33545124778227,48.3325076159262,3.66419060402677
8.33240175146507,48.3316642794136,1.83209530201384
8.33087770474285,48.3312427644757,0.916047651006011
8.33011585664694,48.3310320453209,0.458023825503005
8.32935412535875,48.330821351703,0
