-72,-29.77,19.8
-71.9998076412072,-29.7698206755917,20
-71.9993032765994,-29.7693504827594,20.46875
-71.9987988414058,-29.7688802177946,20.9375
-71.9977897592012,-29.7679394714007,21.875
-71.995770747104,-29.7660571122907,23.75
-71.9917293288074,-29.7622889250586,27.5
-71.9876833786487,-29.758516105371,31.25
-71.9856587017199,-29.7566279556868,33.125
-71.9836328889419,-29.7547386446828,35
-71.9827702222006,-29.753934074501,35.6662888829499
-71.9819072471114,-29.7531291982138,36.332647874741
-71.9801803712805,-29.7515185266759,37.6655762291114
-71.9767229127351,-29.7482935032,40.3322747310044
-71.9697931338318,-29.7418286981827,45.6690413893526
-71.9628434731119,-29.7353441455152,51.0103056534594
-71.955873851319,-29.7288397608702,56.3560732113143
-71.9489768983991,-29.722402004554,61.6354556803995
-71.9420603551708,-29.71594477365,66.9192339716901
-71.9351241443062,-29.7094679857901,72.2074135776759
-71.9281681880815,-29.7029715581542,77.5
-71.9205150228782,-29.6958225899022,83.3107978594423
-71.912837900246,-29.6886497781856,89.126912393105
-71.905136715928,-29.6814530117798,94.9483509011809
-71.8974113650788,-29.6742321787866,100.775120697231
-71.882243261616,-29.6600503343026,112.178010498598
-71.8718002492781,-29.6502830181271,120
-71.8606647788136,-29.6398650576306,128.316210957766
-71.8494888571723,-29.6294061490092,136.638571687629
-71.8415077485006,-29.6219351809003,142.567164179106
-71.8280863299606,-29.6093680639291,152.509498489537
-71.8146064643483,-29.5967417062429,162.460614540196
-71.8111590992178,-29.5935118923455,165
-71.795283974657,-29.5786347730007,176.664936727765
-71.7873159484503,-29.5711652993297,182.501932901358
-71.779327514879,-29.5636751081688,188.341950740003
-71.764478611138,-29.5497481154399,199.16578174378
-71.7570276658157,-29.5427577016372,204.581591531031
-71.7495589788704,-29.5357492552709,210
-71.7417480377276,-29.5284181591597,215.644922069009
-71.7338718290991,-29.5210242664908,221.314420010072
-71.720512509338,-29.5084794994411,230.879491175603
-71.7069639703836,-29.4957525101278,240.514923480173
-71.6932225968361,-29.4828397086866,250.221496159884
-71.6792846858785,-29.4697374153459,260
-71.6630721950944,-29.4544908209401,271.290854387338
-71.649226180579,-29.4414645300209,280.863666446062
-71.6351864335318,-29.4282510987178,290.505624974055
-71.6209492959384,-29.4148468787645,300.217481876511
-71.6065110223432,-29.4012481314321,310
-71.589758066551,-29.3854627801614,321.268118876023
-71.5754111224703,-29.3719389160723,330.84840112145
-71.5608657928658,-29.3582228107696,340.49665633665
-71.5509311490701,-29.348851506795,347.049681671167
-71.5461183589272,-29.3443107393356,350.213610508655
-71.5352333172841,-29.3340387991822,357.344016141245
-71.5311650464843,-29.330198916089,360
-71.5193035759118,-29.3190009787607,367.716111905669
-71.5031373119636,-29.3037334113764,378.166853394176
-71.4867297641174,-29.2882313110999,388.697138499809
-71.4700760667971,-29.2724897813155,399.307878836069
-71.4531712300457,-29.2565037951722,410
-71.4508166092614,-29.2542765927729,411.421817664446
-71.4484566647739,-29.2520442160399,412.845326953464
-71.4437207405216,-29.2475638750969,415.697432495386
-71.438963326483,-29.2430626409963,418.556340878194
-71.4341842914636,-29.2385403819263,421.42207647015
-71.4262311895672,-29.2310133349515,426.177513909115
-71.418217960715,-29.2234277867711,430.951810835079
-71.4101439926111,-29.2157831214897,435.745079662605
-71.4020086650791,-29.2080787149786,440.55743370145
-71.3938113499386,-29.2003139347418,445.388987165494
-71.3855514108801,-29.1924881397792,450.239855181777
-71.3772282033369,-29.1846006804473,455.110153799645
-71.3688410743551,-29.1766508983169,460
-71.3512834210756,-29.1600031076443,470.179032946135
-71.3334433523235,-29.143079660386,480.443297181012
-71.3153147281433,-29.1258743503653,490.793867695779
-71.2968912392484,-29.1083807932895,501.231837635871
-71.2813043219528,-29.0935740178492,510
-71.2710792839001,-29.08385746128,515.721110339925
-71.2566598388148,-29.0701506481501,523.748093657487
-71.2553894181028,-29.0689427649688,524.453026404614
-71.2494868407096,-29.0633302186775,527.723442650462
-71.2491756157827,-29.0630342620788,527.895662281578
-71.2488643084721,-29.0627382247199,528.067905554689
-71.2482414465834,-29.0621459076038,528.412463046378
-71.2469947329182,-29.0609603029462,529.101861948018
-71.245746697823,-29.0597734027829,529.791639667362
-71.2444973394134,-29.058585205198,530.481796516729
-71.2419946451673,-29.0562049101501,531.863248856533
-71.2395870311238,-29.0539148977149,533.190887958526
-71.2394866349651,-29.0538194023358,533.246221472873
-71.2389267636012,-29.0532868561518,533.554754032585
-71.2383666270895,-29.0527540499333,533.863362308618
-71.2372455579533,-29.0516876567113,534.480806121155
-71.2350002305173,-29.0495517423317,535.716603569497
-71.2295227274848,-29.044340625939,538.726620490491
-71.2240198719472,-29.0391046360721,541.743844590016
-71.2184915058094,-29.033843611812,544.768301784382
-71.2129374697299,-29.0285573909176,547.800018114301
-71.2030273687043,-29.0191232418807,553.192741540924
-71.1904614078852,-29.0071572615331,560
-71.1649335746013,-28.9828361571069,573.724799718285
-71.1424424205112,-28.9613947062296,585.703166460287
-71.1195377921057,-28.9395461012939,597.794365946859
-71.1184099202286,-28.9384698919056,598.386997236882
-71.1004233617687,-28.9213029214615,607.803266391352
-71.0962093571474,-28.9172797673402,610
-71.0952903924129,-28.9164023632521,610.478581138349
-71.0756673830796,-28.897661782675,620.658098913648
-71.0717444977577,-28.8939141528678,622.6840416075
-71.0504268682086,-28.8735421746624,633.641205778202
-71.0477615824536,-28.8709943231491,635.004994961893
-71.0246889605555,-28.8489308822728,646.754516626808
-71.0233306543811,-28.8476315731931,647.44308825296
-70.9984403696352,-28.823814223666,660
-70.994783610869,-28.8203137919018,661.719773662561
-70.9911163625143,-28.8168029836158,663.442128107172
-70.9837502361321,-28.8097500718498,666.894602614602
-70.9763416619935,-28.8026551504796,670.357470241551
-70.9688903099396,-28.7955178796451,673.830777988988
-70.9562971144241,-28.7834523466551,679.679239165515
-70.9435810743117,-28.7712650974739,685.557420936635
-70.9431363529582,-28.7708387965735,685.762506287605
-70.9170937102938,-28.7458662314265,697.714649662011
-70.9168668633601,-28.7456486310856,697.818265601651
-70.9035343781274,-28.7328573385628,703.893262828064
-70.8900677030891,-28.71993279604,710
-70.8694470883732,-28.7001335335484,719.29425629553
-70.8485088594338,-28.6800184394907,728.662576868828
-70.827246384778,-28.6595806389089,738.10585056905
-70.8056528566101,-28.6388130653395,747.624980525305
-70.7773387385363,-28.6115643129592,760
-70.7700872590809,-28.6045824606344,763.151704332378
-70.7628195235049,-28.5975836383735,766.3058592348
-70.7482350834251,-28.5835348552858,772.621532191134
-70.7188689079002,-28.5552311152383,785.282411049003
-70.7047963615516,-28.5416600604901,791.323321138095
-70.6906632189423,-28.5280255882157,797.373209296456
-70.6622137055382,-28.5005647435806,809.5
-70.6325310318852,-28.4718920321844,822.080138932514
-70.6175913720065,-28.457452368638,828.384305116467
-70.6025856311314,-28.4429432204377,834.697897215213
-70.5736237723758,-28.4149238982631,846.831503704974
-70.5590502478781,-28.4008167265442,852.91138122816
-70.5444145092249,-28.386643988883,859
-70.513987202591,-28.3571621125336,871.60348931928
-70.4986736931423,-28.3423156665746,877.918955197763
-70.4832930762321,-28.3273982594646,884.243595131338
-70.4537141278481,-28.2986935027765,896.354941210249
-70.4388312935826,-28.284242252674,902.423247724747
-70.4238857364126,-28.2697245262818,908.5
-70.3927925250577,-28.2395034943763,921.087941193903
-70.3771454059711,-28.2242861425628,927.395103104456
-70.3614307445121,-28.208996942876,933.711083816563
-70.3311261737922,-28.1794954107886,945.839249902263
-70.3158794058278,-28.1646439839117,951.91554374812
-70.3005691655873,-28.1497248821616,958
-70.2687970449688,-28.1187457594363,970.572443581608
-70.2367541674637,-28.0874770744694,983.178802118096
-70.2057078986323,-28.0571564320923,995.323620858176
-70.1744057668429,-28.0265615076391,1007.5
-70.1419069257709,-27.9947709884457,1020.07004160769
-70.1091340843486,-27.9626856966764,1032.67290433428
-70.0773628083785,-27.9315553201815,1044.82116506304
-70.0453323187429,-27.9001454087894,1057
-70.0121248457313,-27.8675542321946,1069.5546440837
-69.9786406048455,-27.8346635044486,1082.1409665081
-69.9460930850672,-27.8026660241377,1094.30565081738
-69.9132823377059,-27.7703829536195,1106.5
-69.8792798083185,-27.736898864591,1119.06540313811
-69.8449960587743,-27.7031085739957,1131.66158906888
-69.7781859276181,-27.6371756263988,1156
-69.7440467353461,-27.6034415796395,1168.33192261882
-69.7096331793064,-27.5694069327108,1180.69249676883
-69.6749421410751,-27.5350678901041,1193.08182241803
-69.6399704551891,-27.5004205932822,1205.5
-69.6093279687569,-27.4700372067215,1216.32268603573
-69.5784709351708,-27.4394173665293,1227.16682464455
-69.5761848595273,-27.4371479165573,1227.96806731163
-69.5738976026465,-27.4348771631919,1228.76942721957
-69.5693195417419,-27.4303317420658,1230.37249886094
-69.5647367455233,-27.4257810946451,1231.97603977464
-69.560149207065,-27.421225212427,1233.58005016674
-69.5509598758312,-27.4120977096682,1236.78948021112
-69.5417514921936,-27.402949165233,1240.00079064521
-69.5325240002602,-27.3937795104429,1243.21398312205
-69.5232773439216,-27.3845886763248,1246.42905929664
-69.5047263138977,-27.3661431941246,1252.86486936871
-69.4985596217991,-27.3600096829599,1255
-69.4813292343914,-27.3428669681977,1260.95463912357
-69.4640331475479,-27.3256514250904,1266.91556486065
-69.4466710058478,-27.3083626146343,1272.88278717215
-69.4379650521116,-27.299690595466,1275.86876266185
-69.4292424502161,-27.2910000932531,1278.85631604003
-69.4274732723954,-27.2892371941507,1279.46176837359
-69.4257034090342,-27.2874735336675,1280.0672855322
-69.4078510169072,-27.2696793316851,1286.16558487831
-69.3899287491672,-27.2518074698403,1292.27046329956
-69.3538730400628,-27.2158288474816,1304.5
-69.3305521098531,-27.1925404752345,1312.37329995064
-69.3071140258958,-27.1691214198174,1320.25731532995
-69.2835579505902,-27.1455706383787,1328.15206802809
-69.2598830383417,-27.1218870771,1336.05757999491
-69.2058259601916,-27.0677577590459,1354
-69.1926137129918,-27.0545167534938,1358.36264868231
-69.1584120167025,-27.0202203575913,1369.61505306817
-69.1239656626185,-26.9856490929885,1380.88870621486
-69.0892721498875,-26.9507998176176,1392.1836683677
-69.0543289433923,-26.9156693419566,1403.5
-69.0155127452033,-26.8766093702677,1416.00091043435
-68.9763897106635,-26.8372025669484,1428.52728207025
-68.9482371766857,-26.8088221928109,1437.49595584382
-68.8992903390313,-26.7594321220643,1453
-68.8523908043444,-26.7120517934425,1467.75058586692
-68.805054273845,-26.6641743266612,1482.53582354711
-68.7729344258507,-26.6316555893882,1492.51001140198
-68.7406120175812,-26.5989057926207,1502.5
-68.6589071402742,-26.5160043596713,1527.54507831142
-68.6085620821624,-26.4648391071058,1542.83118695309
-68.578189077133,-26.4339407171888,1552
-68.5329895730568,-26.3879167859253,1565.57126913744
-68.4874047637239,-26.3414489473318,1579.170417641
-68.4497910728172,-26.3030676444216,1590.32581136295
-68.4119132488858,-26.2643811960518,1601.5
-68.3264822493368,-26.1769951961972,1626.48639000535
-68.2570582141565,-26.1058486134139,1646.57372505332
-68.2416704314965,-26.0900627856067,1651
-68.1967767983206,-26.0439741852384,1663.8601754062
-68.1515203959993,-25.9974624001468,1676.74440637374
-68.1095860362006,-25.9543193305566,1688.61198033775
-68.0673380338278,-25.9108093514863,1700.5
-67.9778598090129,-25.8185118314899,1725.4548124004
-67.8944262265515,-25.7322701512923,1748.45502649824
-67.8887882939331,-25.7264362270967,1750
-67.8425233714908,-25.6785331791401,1762.63439076853
-67.7958899471404,-25.6301948003713,1775.29117016255
-67.7510591380025,-25.5836740536892,1787.3853461322
-67.7058853304148,-25.536746935798,1799.5
-67.6121903473775,-25.4392540580819,1824.39975341869
-67.5667321520661,-25.3918748208032,1836.37139519048
-67.5209291801946,-25.3440844477418,1848.36269448377
-67.5197083447662,-25.3428099288923,1848.68134029567
-67.5184872635135,-25.3415351164793,1849
-67.4945563655083,-25.3165437344929,1855.23500903794
-67.47053100772,-25.2914394399207,1861.47531612652
-67.4221947296589,-25.2408891646449,1873.9718514899
-67.3745044620827,-25.1909578161379,1886.22570701501
-67.326441535305,-25.1405793651247,1898.5
-67.2778058673941,-25.0895424254573,1910.84442848281
-67.2287880602043,-25.0380453138504,1923.2092043829
-67.179383679628,-24.9860820006814,1935.59437804998
-67.1295882203687,-24.9336463504305,1948
-67.082027786409,-24.8835070726754,1959.77676083581
-67.0341079781777,-24.8329324822681,1971.5719790383
-67.0313139946967,-24.8299819629554,1972.25753325194
-67.0285187848912,-24.8270299559456,1972.94314986794
-67.003476917944,-24.8005747703988,1979.07486614926
-66.9783364198179,-24.773999832811,1985.21157586195
-66.953096715834,-24.7473043556132,1991.35328510815
-66.9277572266752,-24.7204875442982,1997.5
-66.8766249958187,-24.6663260760425,2009.84502897631
-66.8250859119717,-24.6116684946872,2022.2100063482
-66.7207679546946,-24.5008384712191,2047
-66.6639563548079,-24.4403678468333,2060.36870830591
-66.6146694728484,-24.3878423336746,2071.89234040359
-66.508429713387,-24.2744187410618,2096.5
-66.3917753673755,-24.1495574717814,2123.16098513565
-66.2905377770786,-24.0409273970565,2146
-66.2851886775712,-24.0351807236401,2147.19913328747
-66.1769023392638,-23.918695523671,2171.31202186828
-66.0668755225393,-23.8000446854168,2195.5
-66.0098594939979,-23.7384434925235,2207.91232549126
-65.9523704459823,-23.676251017018,2220.34447117778
-65.8979346523745,-23.6172874022899,2232.04013039989
-65.837211700669,-23.5514285952825,2245
-65.7202404833277,-23.4243115036122,2269.71064065429
-65.601299761813,-23.2947135295228,2294.5
-65.5520577271949,-23.2409589730148,2304.66492071891
-65.5024735971927,-23.1867716508796,2314.84316635167
-65.4804515720259,-23.1626861113483,2319.34536379588
-65.3588751411017,-23.0295066938515,2344
-65.2184477112582,-22.8752331971662,2372.0612614952
-65.1096572373955,-22.7553895445047,2393.5
-65.0986824733428,-22.7432839327723,2395.64836841572
-65.084228007755,-22.7273356521744,2398.47391666304
-65.069745041199,-22.7113508907797,2401.3004964165
-65.0406932644638,-22.679271435376,2406.95675270202
-65.0115264535604,-22.6470445755359,2412.61714179685
-64.9822439145027,-22.6146693127993,2418.28166823218
-64.9180749521369,-22.543651151548,2430.63099049315
-64.8533465662625,-22.4719139324384,2443
-64.7219075500354,-22.3259343073873,2467.84827539613
-64.6560538794251,-22.2526403948779,2480.16420665138
-64.5896176449309,-22.1785933621544,2492.5
-64.455083015447,-22.0283250806545,2517.20988262419
-64.3181221878638,-21.8749055212698,2542
-64.2400463215905,-21.7872484046354,2555.96968856544
-64.1611659955402,-21.698541821171,2569.96536136428
-64.1592640657726,-21.6964011514592,2570.30136722411
-64.1573616656747,-21.6942598670146,2570.63738807489
-64.1535554537747,-21.6899754528852,2571.3094747533
-64.145937378151,-21.6813992363531,2572.65382804564
-64.1306785794666,-21.6642171915701,2575.34325459725
-64.1000700698951,-21.6297341840849,2580.72498936814
-64.0384868009928,-21.5602886960973,2591.5
-63.9671406219108,-21.479722330949,2603.89554466347
-63.8951317017959,-21.3982863446194,2616.31173760945
-63.7956878394273,-21.2856239011131,2633.30425228385
-63.7503066029485,-21.234133449644,2641
-63.6770614590121,-21.1509265530421,2653.34395023328
-63.6031268515866,-21.0668094996836,2665.70856565713
-63.5284926612295,-20.9817674175802,2678.09389820886
-63.4531485520266,-20.8957850999485,2690.5
-63.4230234414998,-20.8613696086644,2695.43330787115
-63.3547966139046,-20.7833482553761,2706.54938086619
-63.2859792087572,-20.704542430942,2717.68249439006
-63.1465406255646,-20.5445300553905,2740
-63.1151593780964,-20.5084568528397,2744.97932763395
-63.0444846198857,-20.427132300211,2756.13924688407
-62.9732788935132,-20.3450808597898,2767.30765889383
-62.9015356687623,-20.2622926221947,2778.48457336147
-62.8292482950757,-20.1787574897775,2789.67
-62.7732296793025,-20.1139405244586,2798.28585062775
-62.6386947796624,-19.9579837817208,2818.79348811137
-62.5022503243678,-19.799394182647,2839.33
-62.4280600363518,-19.7129861208474,2850.3872878975
-62.2973686980301,-19.5604708389849,2869.68099414036
-62.2313594655056,-19.4832930510192,2879.33733150893
-62.1649012515741,-19.4054917539219,2889
-62.1641112752007,-19.4045663505358,2889.1000846569
-62.163321190153,-19.4036408058992,2889.20017366278
-62.1617406939443,-19.4017892927476,2889.40036472264
-62.1585783964418,-19.3980845700386,2889.80079904268
-62.1522485760293,-19.3906683318513,2890.60187654757
-62.1395679929471,-19.375808627093,2892.20486752515
-62.1141227312781,-19.3459798434387,2895.41419742546
-62.0628931904604,-19.2858810598714,2901.84628168333
-62.0112064880555,-19.2251867436139,2908.29632769777
-61.9590563874935,-19.1638880868535,2914.76441081194
-61.8594001736556,-19.0465816912725,2927.01472392131
-61.7580284184329,-18.9270306039066,2939.33
-61.6510426208034,-18.800613119653,2952.17095087527
-61.596830683351,-18.736458770937,2958.61750086836
-61.5421305858764,-18.6716614793595,2965.08152815299
-61.43745289356,-18.5474788733662,2977.33921702579
-61.3309617846084,-18.4209000898965,2989.66
-61.2186387283939,-18.287122735033,3002.49571543133
-61.1042803359758,-18.1506413722153,3015.39890143113
-60.9942081227525,-18.0190097948509,3027.66381416945
-60.8822122931899,-17.8848116687313,3039.99
-60.7641592021674,-17.7430661836395,3052.81908434385
-60.6439476739708,-17.59842546188,3065.71352997519
-60.5280437506358,-17.4586790898276,3077.98700900047
-60.4100907356352,-17.3161726675602,3090.32
-60.285777452246,-17.1656676585224,3103.14955388861
-60.1591631276569,-17.0120470284968,3116.04247592231
-60.0369605606252,-16.8634653736344,3128.32235675033
-59.9125663510378,-16.711904265661,3140.66
-59.7815525080239,-16.5519366107709,3153.48051912725
-59.6480769399573,-16.3886054854418,3166.3623986169
-59.5190229285438,-16.2303438844952,3178.6481624524
-59.3876125120473,-16.0688503610225,3190.99
-59.1081023841664,-15.7242159385362,3216.69183982688
-58.9715980734543,-15.5553500353248,3228.97873402073
-58.8325474660526,-15.3829623193388,3241.32
-58.5440830090123,-15.0241551604,3266.37483646147
-58.2443380981504,-14.6496485145156,3291.65
-58.135648947412,-14.5134363089462,3300.62894076405
-58.056926140547,-14.4146425587654,3307.07193322699
-57.9302272260435,-14.2554022484733,3317.33618064189
-57.6616930204831,-13.916934865318,3338.6688674973
-57.619363863768,-13.8634639345031,3341.98
-57.4356466659282,-13.6310204714584,3356.19208780315
-57.2476662413716,-13.3925688841756,3370.47067351015
-57.101788889836,-13.2071019954726,3381.37088028597
-56.9532591516073,-13.0178879557022,3392.31
-56.9525158967624,-13.0169401692215,3392.36434000005
-56.8148381855824,-12.8412148388104,3402.36247766525
-56.3601513890152,-12.2586352740264,3434.44472730291
-56.2406943140836,-12.1050187696404,3442.64
-55.8816178317444,-11.6418993625448,3466.70910756626
-55.5604447312128,-11.2259746224455,3487.5369695979
-55.4749854759121,-11.1150408472177,3492.97
-55.3776395080377,-10.9885448094617,3499.1039710572
-54.8438161881421,-10.2924257186847,3531.7293278752
-54.6476089735092,-10.0355579757647,3543.3
-54.2769662978833,-9.54890589711711,3564.56143118921
-53.886185026257,-9.03387723958537,3586.15679406558
-53.7471772273116,-8.85021146694782,3593.64
-53.6740522629834,-8.75349965745849,3597.53542656682
-53.0274142618684,-7.8955593014734,3630.78033222899
-52.7587945469202,-7.53779103495302,3643.97
-52.3314130212033,-6.96702661149033,3664.23116754033
-51.7993118691987,-6.25394138849805,3688.25154454241
-51.6605738584919,-6.06759454670051,3694.3
-51.5774092691534,-5.9558124418351,3697.88393367011
-50.7514970889658,-4.84272072273971,3731.82301655774
-50.4197577719741,-4.39425516885381,3744.63
-49.8384336306084,-3.60677039417703,3765.97595971175
-49.0095087544596,-2.48096270864318,3794.08314579437
-48.9823153218818,-2.44398250249167,3794.96
-48.8134438780271,-2.21427870011302,3800.34253176438
-47.6336844985771,-0.60753376048923,3835.00544199814
-47.2465645952283,-0.0798839565816836,3845.29
-46.2275265499699,1.30886584832634,3869.90796215946
-46.0832271312066,1.50540792825211,3873.11357344114
-45.9356467403155,1.70637227124375,3876.32157748084
-45.6298079413987,2.12266471622973,3882.74477455844
-44.9681144718721,3.02228166905258,3895.62
-44.8305065024168,3.20914997236895,3898.12496232423
-44.5156634287122,3.636364792335,3903.63740321895
-43.7953147715783,4.61178711388876,3915.12230326423
-42.9508902742323,5.75084679304967,3926.63688105051
-40.9420295627093,8.4354216547496,3945.95
-38.226221238516,11.9878479338067,3955.15761064358
-35.4381636613684,15.5134278351898,3945.95
-33.278873196507,18.1419976552597,3926.63688105051
-32.3454236461314,19.2478439251473,3915.12230326423
-31.536727771661,20.1902544286748,3903.63740321895
-31.179635062841,20.6016641157883,3898.12496232423
-31.0228608449634,20.7813586524377,3895.62
-30.2630118469259,21.6441987406254,3882.74477455844
-29.9084268860076,22.0422032506499,3876.32157748084
-29.7365549683098,22.2340483199925,3873.11357344114
-29.5680179721077,22.4214874590277,3869.90796215946
-28.3640242184808,23.7406436629486,3845.29
-27.9002525157137,24.2393840703025,3835.00544199814
-26.4648944452557,25.7494407539529,3800.34253176438
-26.2567028241129,25.9642307677235,3794.96
-26.2231132461452,25.9987839669838,3794.08314579437
-25.1906084159457,27.04719571151,3765.97595971175
-24.4565122201121,27.7764108005577,3744.63
-24.0338733706099,28.1901280174677,3731.82301655774
-22.9698539887131,29.2119202692026,3697.88393367011
-22.8617772275845,29.3141266955283,3694.3
-22.681097720794,29.4843420998656,3688.25154454241
-21.9837008394037,30.1337281003934,3664.23116754033
-21.418446634376,30.6512093855854,3643.97
-21.0608377219026,30.9745124467616,3630.78033222899
-20.192584988021,31.7463680517649,3597.53542656682
-20.0937407733821,31.8330657499358,3593.64
-19.9054729108509,31.9975376942953,3586.15679406558
-19.373622030215,32.4574987950093,3564.56143118921
-18.8656516427634,32.8903995259246,3543.3
-18.5953576554064,33.118209412402,3531.7293278752
-17.8551021935187,33.7331407620221,3499.1039710572
-17.719346173773,33.8444941854539,3492.97
-17.5999725360735,33.9420481747097,3487.5369695979
-17.1497180049175,34.3069661155954,3466.70910756626
-16.6432937407175,34.7117009255304,3442.64
-16.4741089099532,34.8455747633008,3434.44472730291
-15.8269188339096,35.3515420065394,3402.36247766525
-15.6299464366579,35.5036094788541,3392.36434000005
-15.6288818132204,35.5044289660464,3392.31
-15.4158583587834,35.6678784472536,3381.37088028597
-15.2061119373464,35.8277971399293,3370.47067351015
-14.9350599437816,36.0329697490574,3356.19208780315
-14.6693207473232,36.2324994024862,3341.98
-14.6079767103505,36.2783321620781,3338.6688674973
-14.2177973911829,36.5678649236522,3317.33618064189
-14.033096431438,36.7037294566357,3307.07193322699
-13.9181389680682,36.7879058629231,3300.62894076405
-13.7591760040997,36.9038191016939,3291.65
-13.3193095376899,37.2216374596858,3266.37483646147
-12.8939605326236,37.5249061230438,3241.32
-12.6882164468248,37.6701765065091,3228.97873402073
-12.4857924200266,37.8122023722442,3216.69183982688
-12.0699252697798,38.101198927015,3190.99
-11.8737699656419,38.2362183337054,3178.6481624524
-11.6807370463793,38.3682832744764,3166.3623986169
-11.4806801193678,38.5043142525951,3153.48051912725
-11.2839083489706,38.637281296397,3140.66
-11.0967090419099,38.7630187522395,3128.32235675033
-10.9124584612807,38.8860538559242,3116.04247592231
-10.7211919876447,39.0130194553601,3103.14955388861
-10.5330422889329,39.1371692524205,3090.32
-10.3541910200018,39.2544995629064,3077.98700900047
-10.1781368404628,39.3693463971289,3065.71352997519
-9.99521616164431,39.4879936188609,3052.81908434385
-9.81526058549886,39.6040450996908,3039.99
-9.6442470837705,39.7137142350531,3027.66381416945
-9.47589545414087,39.821092507023,3015.39890143113
-9.3007001559913,39.9322231025414,3002.49571543133
-9.12833823912194,40.04094890958,2989.66
-8.96466599646964,40.1436376480126,2977.33921702579
-8.80353561415406,40.2442048648032,2965.08152815299
-8.71923932094639,40.2966096015639,2958.61750086836
-8.63563017773018,40.3484466461024,2952.17095087527
-8.47044004563165,40.4504529723847,2939.33
-8.3136865972094,40.5467472879278,2927.01472392131
-8.15936711751607,40.6410703466172,2914.76441081194
-8.0785255461275,40.6902943176864,2908.29632769777
-7.99834405361764,40.7389890231839,2901.84628168333
-7.91881463411168,40.7871626696282,2895.41419742546
-7.87929197134362,40.8110566235005,2892.20486752515
-7.85959072797415,40.8229558160093,2890.60187654757
-7.84975507575673,40.8288935197436,2889.80079904268
-7.84484098547445,40.8318594051465,2889.40036472264
-7.842384873474,40.8333416070631,2889.20017366278
-7.8411570506571,40.8340825229289,2889.1000846569
-7.83992938325706,40.8348233154392,2889
-7.73660143336437,40.8970670248453,2879.33733150893
-7.63387747153658,40.9587397666387,2869.68099414036
-7.43021926234921,41.08040207709,2850.3872878975
-7.31444514855924,41.1492041938029,2839.33
-7.10121789112594,41.2752413959846,2818.79348811137
-6.89058939006526,41.3988816864326,2798.28585062775
-6.80277408352239,41.4501781509522,2789.67
-6.68935855019073,41.516210271199,2778.48457336147
-6.57668884143976,41.5815649238999,2767.30765889383
-6.46475730492453,41.646251976384,2756.13924688407
-6.35355640705598,41.7102811053898,2744.97932763395
-6.3041474763406,41.7386554014484,2740
-6.0843597633054,41.8643148345795,2717.68249439006
-5.97574041401491,41.9260798163229,2706.54938086619
-5.86795770639199,41.987150074623,2695.43330787115
-5.82033677652316,42.0140630157324,2690.5
-5.70115422353584,42.0812331251813,2678.09389820886
-5.58298133413135,42.1475725882217,2665.70856565713
-5.46580537516945,42.2130959163233,2653.34395023328
-5.34961384453204,42.2778172876379,2641
-5.27756999719482,42.3178219142623,2633.30425228385
-5.11955680299023,42.4052283594098,2616.31173760945
-5.00501428638864,42.4683013711552,2603.89554466347
-4.89142487692374,42.5306118793629,2591.5
-4.7932982792243,42.5842500766829,2580.72498936814
-4.74449907365764,42.6108593657557,2575.34325459725
-4.72016508630657,42.6241120085704,2572.65382804564
-4.70801444586415,42.6307253853703,2571.3094747533
-4.70194320764546,42.6340288445645,2570.63738807489
-4.69890860824997,42.6356797677265,2570.30136722411
-4.69587468836487,42.6373301535944,2569.96536136428
-4.56998419602235,42.7056642160504,2555.96968856544
-4.4452583646171,42.7730824040602,2542
-4.22617920170546,42.8908205137667,2517.20988262419
-4.01063011283937,43.0058183077649,2492.5
-3.90405976397456,43.0623671475228,2480.16420665138
-3.79834127792915,43.1182635643495,2467.84827539613
-3.58709048703965,43.2293621000639,2443
-3.48293895826272,43.2838449328406,2430.63099049315
-3.37961044536873,43.3377077650961,2418.28166823218
-3.33243260762329,43.3622378886711,2412.61714179685
-3.28542542475766,43.3866402961778,2406.95675270202
-3.23858799622921,43.4109159224733,2401.3004964165
-3.21523265903747,43.4230064829862,2398.47391666304
-3.19191942573518,43.435065694723,2395.64836841572
-3.17421594184179,43.4442167852038,2393.5
-2.9986054479499,43.5346940591271,2372.0612614952
-2.7716068106017,43.6508494988766,2344
-2.57479222234933,43.7508351491242,2319.34536379588
-2.53911333521634,43.7688889344935,2314.84316635167
-2.45874805876846,43.8094738707293,2304.66492071891
-2.37889383481078,43.8496904648772,2294.5
-2.18583400453704,43.9464675066233,2269.71064065429
-1.99572789694359,44.0411403750721,2245
-1.89694428631663,44.0900913139263,2232.04013039989
-1.80833409188386,44.133859813234,2220.34447117778
-1.71469816118233,44.179966039531,2207.91232549126
-1.6217764318738,44.2255739272497,2195.5
-1.44230313932151,44.3132507250716,2171.31202186828
-1.26546796692668,44.3991092360653,2147.19913328747
-1.25672757619286,44.4033393547478,2146
-1.09121546721637,44.4832019106774,2123.16098513565
-0.900286603841238,44.5747616799455,2096.5
-0.726207587404616,44.657714215623,2071.89234040359
-0.645385759032791,44.6960574125683,2060.36870830591
-0.552175582683006,44.7401442096617,2047
-0.380886084505107,44.8207890028491,2022.2100063482
-0.296194546673888,44.8604850456296,2009.84502897631
-0.212129581207208,44.8997715334232,1997.5
-0.170454250524415,44.9192051409683,1991.35328510815
-0.128932896161217,44.9385388209813,1985.21157586195
-0.0875647084208566,44.9577732908107,1979.07486614926
-0.0463488833351562,44.9769092611511,1972.94314986794
-0.0417476986580425,44.9790438195049,1972.25753325194
-0.0371484095185508,44.9811771550474,1971.5719790383
0.041753450009395,45.0177215815003,1959.77676083581
0.120099214148581,45.0539086627875,1948
0.20216457014233,45.0917073732135,1935.59437804998
0.283623503350668,45.1291193107058,1923.2092043829
0.364482366617054,45.1661499858166,1910.84442848281
0.444747423757477,45.2028048079652,1898.5
0.524102875620045,45.2389426679778,1886.22570701501
0.60287785897377,45.274716497835,1873.9718514899
0.682755146531193,45.3108896956105,1861.47531612652
0.722470978547776,45.32883751783,1855.23500903794
0.762039306021094,45.3466936994137,1849
0.764058522772018,45.3476042523934,1848.68134029567
0.766077355419597,45.3485145673121,1848.36269448377
0.841835526142646,45.3826279569986,1836.37139519048
0.917054455805754,45.4164083622191,1824.39975341869
1.07218687055682,45.4857944590634,1799.5
1.14702823641946,45.5191328000284,1787.3853461322
1.22133093332509,45.5521438658264,1775.29117016255
1.29865241689618,45.5864039036053,1762.63439076853
1.37539410895791,45.6203142300648,1750
1.38474811683739,45.624441229854,1748.45502649824
1.52322796640942,45.6853785149648,1725.4548124004
1.67185114716084,45.75044623732,1700.5
1.74206449583973,45.7810662892739,1688.61198033775
1.81178147603721,45.8113941301813,1676.74440637374
1.88704911826289,45.8440520067674,1663.8601754062
1.96174167029805,45.8763737025881,1651
1.9873498048493,45.8874352642018,1646.57372505332
2.10292503976403,45.937232734564,1626.48639000535
2.24523910813241,45.9982687094683,1601.5
2.30836920522854,46.0252445696245,1590.32581136295
2.37107830977628,46.0519801214717,1579.170417641
2.44710233075239,46.0843117730614,1565.57126913744
2.52251127066994,46.1162947141867,1552
2.57319961976899,46.1377443081909,1542.83118695309
2.6572455349733,46.1732235900695,1527.54507831142
2.79371457070118,46.2306045390254,1502.5
2.84772577795606,46.2532366795074,1492.51001140198
2.90141196888921,46.2756889502282,1482.53582354711
2.98055618278343,46.3087088040155,1467.75058586692
3.05899821838685,46.3413426224074,1453
3.14089449723384,46.3753148111551,1437.49595584382
3.18801222631622,46.3948145683548,1428.52728207025
3.2535074899766,46.4218646568718,1416.00091043435
3.31850814526626,46.4486470268363,1403.5
3.37703934049379,46.4727097759237,1392.1836683677
3.43516735979568,46.4965562118292,1380.88870621486
3.49289605761673,46.5201890306962,1369.61505306817
3.55022924047543,46.5436108856102,1358.36264868231
3.57238112629284,46.5526473370498,1354
3.66303645196932,46.5895526525162,1336.05757999491
3.70275120980415,46.6056819739082,1328.15206802809
3.74227337318951,46.6217099128722,1320.25731532995
3.78160423687778,46.6376373534669,1312.37329995064
3.8207450843166,46.6534651698669,1304.5
3.8812722979719,46.6778967416489,1292.27046329956
3.91136444450376,46.6900232308332,1286.16558487831
3.94134307632902,46.7020907235742,1280.0672855322
3.94431532635765,46.70328644226,1279.46176837359
3.94728646234738,46.7044815829295,1278.85631604003
3.96193563915838,46.7103723226257,1275.86876266185
3.97655775718285,46.7162490356016,1272.88278717215
4.00572109185777,46.727960566013,1266.91556486065
4.03477701954736,46.7396165436499,1260.95463912357
4.06372608793461,46.7512173341401,1255
4.07408770232392,46.7553665679687,1252.86486936871
4.1052608552138,46.7678401438101,1246.42905929664
4.12080044539834,46.7740528135177,1243.21398312205
4.13630882678828,46.7802494808388,1240.00079064521
4.15178608611357,46.7864302029954,1236.78948021112
4.16723230979177,46.7925950369465,1233.58005016674
4.17494381032819,46.795671513631,1231.97603977464
4.1826475842183,46.7987440395055,1230.37249886094
4.19034364217713,46.8018126216167,1228.76942721957
4.19418878104347,46.8033454359659,1227.96806731163
4.1980319949363,46.8048772670095,1227.16682464455
4.24991293651902,46.8255348935419,1216.32268603573
4.30144406127032,46.846014340756,1205.5
4.36026876973575,46.8693450822582,1193.08182241803
4.41863525977756,46.8924443027006,1180.69249676883
4.47654845168292,46.9153151810823,1168.33192261882
4.53401319754745,46.9379608405626,1156
4.64650922610049,46.9821546723008,1131.66158906888
4.70425615840675,47.0047693484787,1119.06540313811
4.76154229580253,47.0271560079895,1106.5
4.81683266691138,47.0487178865869,1094.30565081738
4.87169114576912,47.0700678454701,1082.1409665081
4.92814053297049,47.0919917946626,1069.5546440837
4.98413536110462,47.1136940056151,1057
5.03815683520568,47.1345887897782,1044.82116506304
5.09175202129731,47.1552774009236,1032.67290433428
5.14704806056528,47.1765795205611,1020.07004160769
5.20189306786521,47.1976647556896,1007.5
5.25472906780851,47.2179370569186,995.323620858176
5.30714336541469,47.2380082728285,983.178802118096
5.36125077366451,47.2586868473566,970.572443581608
5.41491152891018,47.2791536466957,958
5.44077312111001,47.2890029493622,951.91554374812
5.46652990114947,47.2988029095764,945.839249902263
5.51773133249077,47.3182561606832,933.711083816563
5.54428592080538,47.3283305835538,927.395103104456
5.57072888026822,47.3383527462938,921.087941193903
5.62328246090466,47.3582417803029,908.5
5.64854684742464,47.3677892718267,902.423247724747
5.67370744575739,47.3772885926344,896.354941210249
5.72371959062323,47.3961440563495,884.243595131338
5.74972863304514,47.4059360020526,877.918955197763
5.77562654134483,47.4156766491601,871.60348931928
5.82709153028276,47.4350055225144,859
5.8518498032454,47.4442908113501,852.91138122816
5.87650493429321,47.4535288671421,846.831503704974
5.92550809828337,47.4718645977534,834.697897215213
5.95090088945668,47.4813526925307,828.384305116467
5.97618404259035,47.4907908494532,822.080138932514
6.02642399804701,47.5095187912692,809.5
6.07458475395481,47.5274385473909,797.373209296456
6.09851294394116,47.5363297546211,791.323321138095
6.12234044748054,47.5451756097308,785.282411049003
6.17206908459779,47.5636116449529,772.621532191134
6.19676940911869,47.5727560580421,766.3058592348
6.20907885890912,47.5773100209294,763.151704332378
6.22136127483752,47.5818518806755,760
6.26932394397427,47.5995676871086,747.624980525305
6.30590735496205,47.6130588829136,738.10585056905
6.34193417377581,47.6263266588092,728.662576868828
6.37741572197558,47.6393760263632,719.29425629553
6.41236303221592,47.6522118548467,710
6.43518814859362,47.6605861801161,703.893262828064
6.45778747252412,47.6688705597207,697.818265601651
6.45817200521421,47.6690114592007,697.714649662011
6.50232054575987,47.6851746597632,685.762506287605
6.50307450944223,47.6854504590366,685.557420936635
6.52463356672168,47.6933334206636,679.679239165515
6.54598580704493,47.7011344332521,673.830777988988
6.55862053790679,47.705747551218,670.357470241551
6.57118323431713,47.7103321841664,666.894602614602
6.58367444675284,47.7148885709633,663.442128107172
6.58989341837538,47.7171562464853,661.719773662561
6.59609472303302,47.7194169488912,660
6.63830806083864,47.7347918501241,647.44308825296
6.64061187714027,47.7356302373315,646.754516626808
6.67974777177326,47.7498611075587,635.004994961893
6.68426895063035,47.7515037721444,633.641205778202
6.72043277104812,47.7646329311998,622.6840416075
6.72708810529815,47.7670471697492,620.658098913648
6.76038139516329,47.7791152525905,610.478581138349
6.76194063644104,47.7796800698824,610
6.7690907891309,47.7822697032051,607.803266391352
6.79961142371614,47.7933157364183,598.386997236882
6.80152535743559,47.7940080016609,597.794365946859
6.84039562251829,47.8080564114942,585.703166460287
6.87856868988612,47.8218326850225,573.724799718285
6.9219011165011,47.8374467362477,560
6.94323339266312,47.8451239962295,553.192741540924
6.9600579842387,47.8511745991278,547.800018114301
6.96948756267932,47.8545640524527,544.768301784382
6.97887382393236,47.857936728763,541.743844590016
6.9882170345473,47.8612927407209,538.726620490491
6.997517459013,47.8646322000287,535.716603569497
7.0013299457338,47.8660007901938,534.480806121155
7.00323349780517,47.8666840448815,533.863362308618
7.00418460200424,47.8670254125426,533.554754032585
7.00513525868551,47.8673666072395,533.246221472873
7.0053057307707,47.8674277890859,533.190887958526
7.00939387119911,47.868894889811,531.863248856533
7.01364351114655,47.8704197056025,530.481796516729
7.01576497439147,47.8711808168159,529.791639667362
7.01788420399103,47.871941065335,529.101861948018
7.02000120309894,47.8727004524881,528.412463046378
7.02105886721009,47.8730798234694,528.067905554689
7.02158749057597,47.8732694283833,527.895662281578
7.02211597488026,47.8734589796067,527.723442650462
7.03213917111894,47.8770532731593,524.453026404614
7.03429651799715,47.8778267131665,523.748093657487
7.05878366303416,47.8866012580951,515.721110339925
7.07614893098024,47.8928188461343,510
7.10262203878732,47.9022895634229,501.231837635871
7.13391549488475,47.9134724420715,490.793867695779
7.1647109097939,47.9244643302102,480.443297181012
7.1950188558916,47.9352696304459,470.179032946135
7.2248496248308,47.9458926173065,460
7.23910041869162,47.9509631778676,455.110153799645
7.25324318256078,47.9559925743157,450.239855181777
7.26727901159781,47.9609812589306,445.388987165494
7.28120898703904,47.9659296777028,440.55743370145
7.29503417641057,47.9708382704388,435.745079662605
7.30875563373765,47.9757074708654,430.951810835079
7.32237439975049,47.9805377067315,426.177513909115
7.33589150208603,47.985329399908,421.42207647015
7.34401420701975,47.9882076363705,418.556340878194
7.35210035051708,47.9910720299413,415.697432495386
7.3601501528333,47.9939226707878,412.845326953464
7.36416149494413,47.9953428620978,411.421817664446
7.36816383359971,47.9967596487019,410
7.39689968086945,48.006925476644,399.307878836069
7.42521091035377,48.0169301652991,388.697138499809
7.45310589484053,48.0267771636648,378.166853394176
7.48059280055722,48.0364698275464,367.716111905669
7.50076176748193,48.043575490314,360
7.50767962116511,48.0460114324142,357.344016141245
7.52618964490831,48.0525260809027,350.213610508655
7.53437410259063,48.055405147764,347.049681671167
7.55126918747506,48.061345517297,340.49665633665
7.57600673510174,48.0700363841625,330.84840112145
7.60040853678889,48.0786012206134,321.268118876023
7.62890463976619,48.0885929788054,310
7.65346534385242,48.097196079709,300.217481876511
7.67768550868385,48.1056719548565,290.505624974055
7.70157143349684,48.1140231427214,280.863666446062
7.72512927178217,48.122252117869,271.290854387338
7.75271537355299,48.1318787359989,260
7.77643283467684,48.1401471688349,250.221496159884
7.79981733122979,48.1482921403559,240.514923480173
7.82287509746016,48.1563161361852,230.879491175603
7.84561222166352,48.1642215788336,221.314420010072
7.85901791224386,48.1688793444503,215.644922069009
7.87231298339071,48.1734963010391,210
7.885025936639,48.1779088954651,204.581591531031
7.89770911455113,48.1823090016974,199.16578174378
7.92298653423195,48.191071947789,188.341950740003
7.93658600720903,48.1957829577898,182.501932901358
7.95015121987727,48.2004796391601,176.664936727765
7.97717934665307,48.2098302603592,165
7.98304889450027,48.2118595944293,162.460614540196
8.00600082054842,48.2197905685256,152.509498489537
8.02885458189209,48.2276806437391,142.567164179106
8.04244531464757,48.2323694334273,136.638571687629
8.06147717257106,48.2389312709877,128.316210957766
8.08044106742011,48.2454648791325,120
8.09822652880098,48.2515881335878,112.178010498598
8.12406071191523,48.2604749411551,100.775120697231
8.1372191138515,48.2649979432094,94.9483509011809
8.15033678961481,48.269504655669,89.126912393105
8.1634139128259,48.2739951601439,83.3107978594423
8.17645065615609,48.2784695377181,77.5
8.18830011336875,48.2825344655727,72.2074135776759
8.20011628532437,48.2865861189009,66.9192339716901
8.2118993008017,48.2906245580073,61.6354556803995
8.2236492879405,48.2946498428437,56.3560732113143
8.23552342736241,48.298715799117,51.0103056534594
8.24736390882445,48.302768368499,45.6690413893526
8.25917086371186,48.3068076122977,40.3322747310044
8.26506180977037,48.3088222562322,37.6655762291114
8.26800415705685,48.3098283370215,36.332647874741
8.26947455015024,48.3103310675347,35.6662888829499
8.27094442321324,48.310833591617,35
8.27439616840792,48.3120135708364,33.125
8.27784600771679,48.3131927408138,31.25
8.28473997497238,48.3155486562896,27.5
8.29162633755345,48.3179013445288,23.75
8.29506667101279,48.3190764804562,21.875
8.29678612646985,48.319663746725,20.9375
8.29764567646583,48.3199573044797,20.46875
8.29850510800598,48.3202508119982,20
8.29883288567511,48.3203627499382,19.8
8.30288199258975,48.3217454256764,17.3283812080545
8.30725542017154,48.3232386055357,14.6567624161089
8.3132480685483,48.3252842101536,10.9925718120812
8.31923423223797,48.3273271266494,7.32838120805445
8.3252139217404,48.3293673602133,3.66419060402677
8.3282013419464,48.3303864725141,1.83209530201384
8.32969444648538,48.3308957778269,0.916047651006011
8.33044084743531,48.3311503678092,0.458023825503005
8.33118714753276,48.3314049160222,0
