-76.55,-11.61,90
-76.5431395524242,-11.6024527184134,94.9483509011809
-76.535043902986,-11.5935458393926,100.775120697231
-76.519146347464,-11.5760529512855,112.178010498598
-76.5081992675748,-11.5640055464144,120
-76.4965246679499,-11.5511559015229,128.316210957766
-76.4848059835853,-11.538256080638,136.638571687629
-76.4764362415247,-11.5290417312443,142.567164179106
-76.4623593454403,-11.5135424043068,152.509498489537
-76.4482187056342,-11.4979704914828,162.460614540196
-76.444601959606,-11.4939872831693,165
-76.4279447664092,-11.4756402921046,176.664936727765
-76.4195829226343,-11.4664289209428,182.501932901358
-76.4111988017,-11.457192167417,188.341950740003
-76.3956121013005,-11.4400181214429,199.16578174378
-76.3877898169553,-11.4313981214938,204.581591531031
-76.3799481522015,-11.4227560300342,210
-76.3717460785704,-11.4137159548967,215.644922069009
-76.363474362533,-11.4045983080401,221.314420010072
-76.3494416548773,-11.3891286370972,230.879491175603
-76.3352069169547,-11.3734338485572,240.514923480173
-76.3207662055487,-11.3575094937242,250.221496159884
-76.3061154795382,-11.3413510119532,260
-76.289069436718,-11.3225474932121,271.290854387338
-76.2745077791495,-11.3064817730661,280.863666446062
-76.2597388315888,-11.2901847850599,290.505624974055
-76.2447585910043,-11.2736520053047,300.217481876511
-76.2295629559548,-11.2568787971495,310
-76.211926467834,-11.2374079141666,321.268118876023
-76.196818815174,-11.2207259776623,330.84840112145
-76.1814984213979,-11.2038063867237,340.49665633665
-76.1710321751878,-11.1922460492591,347.049681671167
-76.1659612030954,-11.1866445190569,350.213610508655
-76.1544906683538,-11.1739727482089,357.344016141245
-76.1502030123695,-11.1692356768059,360
-76.1377001671649,-11.1554211010653,367.716111905669
-76.120655595669,-11.1365853555531,378.166853394176
-76.103351711514,-11.1174595696014,388.697138499809
-76.0857831529385,-11.0980376630056,399.307878836069
-76.0679444167605,-11.0783133928362,410
-76.0654570700487,-11.0755628418309,411.421817664446
-76.062963989422,-11.0728058778609,412.845326953464
-76.0579605555288,-11.067272630684,415.697432495386
-76.0529339705851,-11.0617134876008,418.556340878194
-76.0478840896148,-11.0561282843259,421.42207647015
-76.0394792510538,-11.0468318173027,426.177513909115
-76.0310096001608,-11.0374628319262,430.951810835079
-76.0224744596519,-11.0280205603697,435.745079662605
-76.0138731432405,-11.0185042244575,440.55743370145
-76.0052049554914,-11.0089130354944,445.388987165494
-75.9964691916712,-10.9992461940916,450.239855181777
-75.9876651375967,-10.9895028899899,455.110153799645
-75.9787920694797,-10.9796823018785,460
-75.9602125938596,-10.9591158499504,470.179032946135
-75.9413279396221,-10.9382074994286,480.443297181012
-75.9221312868293,-10.9169495046369,490.793867695779
-75.9026156208544,-10.8953338955746,501.231837635871
-75.8860993371036,-10.8770369936755,510
-75.8752619667561,-10.8650295480239,515.721110339925
-75.8599754090843,-10.8480902636455,523.748093657487
-75.8586283897228,-10.8465974812509,524.453026404614
-75.8523694935309,-10.8396610280387,527.723442650462
-75.8520394613835,-10.8392952558164,527.895662281578
-75.8517093399078,-10.8389293833464,528.067905554689
-75.8510488288421,-10.8381973375157,528.412463046378
-75.8497267333398,-10.8367320412524,529.101861948018
-75.8484032049133,-10.8352651368469,529.791639667362
-75.8470782414588,-10.8337966219049,530.481796516729
-75.8444240011089,-10.8308547508969,531.863248856533
-75.8417639953037,-10.8279064088962,533.246221472873
-75.8411701760168,-10.8272482104452,533.554754032585
-75.8405760691324,-10.826589689186,533.863362308618
-75.8393869918235,-10.8252716773918,534.480806121155
-75.8370053777802,-10.8226317707058,535.716603569497
-75.8311949720231,-10.8161909386258,538.726620490491
-75.8253570584705,-10.8097192261401,541.743844590016
-75.8194914604458,-10.8032164320767,544.768301784382
-75.813597999827,-10.7966823535938,547.800018114301
-75.8030806997245,-10.7850208421007,553.192741540924
-75.7897419317623,-10.7702290949557,560
-75.7626341960934,-10.7401623088138,573.724799718285
-75.7387400090526,-10.7136529463743,585.703166460287
-75.7143958678212,-10.6866377370659,597.794365946859
-75.7131968321065,-10.6853069686512,598.386997236882
-75.6940718541782,-10.6640786211569,607.803266391352
-75.6895901673267,-10.6591034406976,610
-75.6886127793141,-10.6580183991371,610.478581138349
-75.6677380663268,-10.6348418906214,620.658098913648
-75.6635639930563,-10.6302069658334,622.6840416075
-75.6408757847344,-10.6050103713151,633.641205778202
-75.638038475149,-10.601858965012,635.004994961893
-75.61347051431,-10.5745675005575,646.754516626808
-75.6120238303749,-10.5729602324083,647.44308825296
-75.5855072499045,-10.5434961237319,660
-75.5816022907549,-10.5391564338667,661.719773662561
-75.5776858238787,-10.5348037842236,663.442128107172
-75.5698181839917,-10.5260593964607,666.894602614602
-75.5619039567861,-10.5172625336523,670.357470241551
-75.5539427666951,-10.5084127664771,673.830777988988
-75.5404850290666,-10.4934513582828,679.679239165515
-75.52689232592,-10.4783378606152,685.557420936635
-75.5264168776532,-10.4778091805467,685.762506287605
-75.4985669604715,-10.4468367749793,697.714649662011
-75.4983243025137,-10.4465668728182,697.818265601651
-75.4840604722376,-10.4307004386219,703.893262828064
-75.4696489140416,-10.4146673933814,710
-75.4475733351349,-10.390103578636,719.29425629553
-75.4251476423106,-10.3651446871957,728.662576868828
-75.4023642362713,-10.3397820107582,738.10585056905
-75.3792153055286,-10.3140065940917,747.624980525305
-75.3488451665774,-10.2801817498962,760
-75.3410642527648,-10.2715141089883,763.151704332378
-75.333264967776,-10.2628253402807,766.3058592348
-75.3176110415882,-10.2453841322584,772.621532191134
-75.2860800458313,-10.2102449999189,785.282411049003
-75.2709646973113,-10.1933961516336,791.323321138095
-75.2557807347433,-10.1764683268102,797.373209296456
-75.2252052199463,-10.1423736776786,809.5
-75.1932890977249,-10.1067733598117,822.080138932514
-75.1772194058814,-10.0888445338266,828.384305116467
-75.1610746443507,-10.0708291596933,834.697897215213
-75.1299030888758,-10.0360380065596,846.831503704974
-75.1142119967376,-10.0185209532687,852.91138122816
-75.0984501029415,-10.0009222127132,859
-75.0656693147066,-9.96431276694943,871.60348931928
-75.0491650851641,-9.94587658934602,877.918955197763
-75.0325843062676,-9.92735199198735,884.243595131338
-75.0006853689057,-9.89170525383748,896.354941210249
-74.9846292752426,-9.87375866589775,902.423247724747
-74.9685015035906,-9.85572922488182,908.5
-74.9349359102802,-9.81819705000554,921.087941193903
-74.9180380308457,-9.79929780583872,927.395103104456
-74.9010627696962,-9.78030900480366,933.711083816563
-74.8683146372223,-9.74366791012265,945.839249902263
-74.8518321890373,-9.72522186796792,951.91554374812
-74.8352768858699,-9.70669144733973,958
-74.8009074416661,-9.66821250323336,970.572443581608
-74.7662265705253,-9.6293725078809,983.178802118096
-74.7326065495255,-9.59170874937946,995.323620858176
-74.6986916614312,-9.55370289321358,1007.5
-74.6634612505878,-9.51421036216385,1020.07004160769
-74.6279142597243,-9.4743501219797,1032.67290433428
-74.5934348187203,-9.43567470050206,1044.82116506304
-74.5586552828179,-9.39665047111879,1057
-74.5225778089607,-9.35615700455076,1069.5546440837
-74.4861790669315,-9.31528969299326,1082.1409665081
-74.4507787131419,-9.27553061963047,1094.30565081738
-74.4150721779442,-9.23541500942907,1106.5
-74.3780475838883,-9.19380521452793,1119.06540313811
-74.3406950045842,-9.15181307690182,1131.66158906888
-74.2678414592775,-9.06987091214293,1156
-74.2305818769531,-9.02794305540332,1168.33192261882
-74.1930007199278,-8.98563965059794,1180.69249676883
-74.1550939781336,-8.9429558877337,1193.08182241803
-74.1168575739252,-8.89988687489856,1205.5
-74.0833354979212,-8.86211646846907,1216.32268603573
-74.0495607380661,-8.82405048117524,1227.16682464455
-74.0470577805288,-8.82122907896365,1227.96806731163
-74.0445534303119,-8.8184060471439,1228.76942721957
-74.0395405473856,-8.81275508932974,1230.37249886094
-74.0345220802934,-8.80709759693415,1231.97603977464
-74.0294980200465,-8.80143355916275,1233.58005016674
-74.0194330842351,-8.79008580442108,1236.78948021112
-74.0093456674518,-8.77871173805162,1240.00079064521
-73.9992356970802,-8.76731127284303,1243.21398312205
-73.9891031001868,-8.75588432120007,1246.42905929664
-73.9687697351254,-8.7329506081245,1252.86486936871
-73.9620091061891,-8.72532452579073,1255
-73.9446002356605,-8.7056850967133,1260.48731188676
-73.9431153470591,-8.70400982060192,1260.95463912357
-73.924143841051,-8.68260402548803,1266.91556486065
-73.9050941240101,-8.6611065825892,1272.88278717215
-73.8955397896442,-8.65032331693149,1275.86876266185
-73.8859657267562,-8.6395169280644,1278.85631604003
-73.8840236716595,-8.63732479666709,1279.46176837359
-73.8820808039032,-8.63513171268836,1280.0672855322
-73.8624799729185,-8.61300457660747,1286.16558487831
-73.8427962566874,-8.5907802676771,1292.27046329956
-73.8031781389504,-8.5460376905594,1304.5
-73.7775396677583,-8.51707522800256,1312.37329995064
-73.7517618107924,-8.48794919274184,1320.25731532995
-73.7258434643483,-8.45865825716965,1328.15206802809
-73.6997835128371,-8.42920107930101,1336.05757999491
-73.6402397608342,-8.36187182119567,1354
-73.6256778287729,-8.34540097187425,1358.36264868231
-73.5879664559132,-8.30273711212828,1369.61505306817
-73.5499621720648,-8.25972890328728,1380.88870621486
-73.5116616470564,-8.21637233658501,1392.1836683677
-73.4730614989919,-8.17266334078042,1403.5
-73.430154780436,-8.12406225189694,1416.00091043435
-73.3868787329898,-8.07502633919586,1428.52728207025
-73.355718941046,-8.03970910943373,1437.49595584382
-73.3015060201082,-7.97824269516873,1453
-73.2495157811952,-7.91927235465633,1467.75058586692
-73.1969964195966,-7.85967816570203,1482.53582354711
-73.1613341315502,-7.81919836166667,1492.51001140198
-73.1254259226371,-7.77842845504967,1502.5
-73.0345625204391,-7.67521407118599,1527.54507831142
-72.9785065433111,-7.61150387488296,1542.83118695309
-72.944663106377,-7.57302658323064,1552
-72.8942640970339,-7.51570936039215,1565.57126913744
-72.8433929470016,-7.45783400892783,1579.170417641
-72.8013850295577,-7.41002629478953,1590.32581136295
-72.759052522864,-7.3618346929285,1601.5
-72.6634648123321,-7.25296399757369,1626.48639000535
-72.5856747744321,-7.16431048527085,1646.57372505332
-72.5684189660923,-7.14463841590979,1651
-72.5180468918112,-7.08719961028332,1663.8601754062
-72.4672246839422,-7.0292275111287,1676.74440637374
-72.4200942975845,-6.97544878729252,1688.61198033775
-72.3725735344012,-6.92120737814288,1700.5
-72.2718019368646,-6.80612740608723,1725.4548124004
-72.1776826562445,-6.69857557692644,1748.45502649824
-72.1713172150629,-6.69129929953403,1750
-72.1190562871195,-6.63154904844175,1762.63439076853
-72.0663319358507,-6.57124873523765,1775.29117016255
-72.0156008128675,-6.51320904114038,1787.3853461322
-71.9644369050287,-6.45465548490564,1799.5
-71.8581743256838,-6.33298590909321,1824.39975341869
-71.8065485271261,-6.27384629259466,1836.37139519048
-71.754484548053,-6.21418600653868,1848.36269448377
-71.7530961890764,-6.21259482569712,1848.68134029567
-71.7517075171362,-6.21100327292746,1849
-71.7244854099429,-6.17980142687035,1855.23500903794
-71.6971429175707,-6.14845649783713,1861.47531612652
-71.6420935596406,-6.08533353078169,1873.9718514899
-71.5877281700726,-6.02297481361545,1886.22570701501
-71.5328857059628,-5.96004890919125,1898.5
-71.4773361098058,-5.89629140529932,1910.84442848281
-71.4212952826543,-5.8319496572233,1923.2092043829
-71.364756601833,-5.7670157357816,1935.59437804998
-71.3077133186422,-5.70148156447394,1948
-71.253176646446,-5.63880786077185,1959.77676083581
-71.198174550487,-5.57558043459367,1971.5719790383
-71.1949659743954,-5.57189144931629,1972.25753325194
-71.191755807004,-5.5682005707256,1972.94314986794
-71.1629882236511,-5.53512230398406,1979.07486614926
-71.1340925169961,-5.5018915927348,1985.21157586195
-71.1050678151225,-5.46850739564276,1991.35328510815
-71.0759132377328,-5.43496866163291,1997.5
-71.0170363261428,-5.36722243492648,2009.84502897631
-70.9576280949826,-5.29884387920516,2022.2100063482
-70.8371881768786,-5.16015460418329,2047
-70.771486349383,-5.0844621979945,2060.36870830591
-70.7144233728429,-5.01870240884953,2071.89234040359
-70.5912203007184,-4.8766604884152,2096.5
-70.4556196435577,-4.72022992925255,2123.16098513565
-70.3376652201694,-4.58407736881226,2146
-70.3314257062723,-4.57687321347222,2147.19913328747
-70.2049586676332,-4.4308116286415,2171.31202186828
-70.0761535106747,-4.28196823121547,2195.5
-70.0092843017958,-4.2046646502776,2207.91232549126
-69.9417752210633,-4.12660000290219,2220.34447117778
-69.877772340888,-4.05257032299875,2232.04013039989
-69.8062858836306,-3.96986270571928,2245
-69.6683067960942,-3.81016129068149,2269.71064065429
-69.5276307448985,-3.64725459328132,2294.5
-69.4692787743083,-3.57965744939444,2304.66492071891
-69.4104549955773,-3.51149989597059,2314.84316635167
-69.3843078581456,-3.48119950481866,2319.34536379588
-69.2397188221793,-3.31359607851521,2344
-69.0722013314437,-3.1193175575686,2372.0612614952
-68.9420437039888,-2.96829888947056,2393.5
-68.9288948219777,-2.95303937319681,2395.64836841572
-68.9115716758552,-2.9329346710024,2398.47391666304
-68.8942084026949,-2.91278240463343,2401.3004964165
-68.8593608885959,-2.87233449804186,2406.95675270202
-68.8243510924488,-2.83169427509762,2412.61714179685
-68.7891778163937,-2.79086034591096,2418.28166823218
-68.7120136024401,-2.70126407575185,2430.63099049315
-68.6340557108108,-2.61072786320833,2443
-68.4753748645838,-2.42638967204088,2467.84827539613
-68.3956802440241,-2.33378280337554,2480.16420665138
-68.3151493480136,-2.24018719026798,2492.5
-68.1516649162341,-2.05013061804914,2517.20988262419
-67.9846642225099,-1.85592247049661,2542
-67.8892039073638,-1.74488329567274,2555.96968856544
-67.7925660561222,-1.63245613158538,2569.96536136428
-67.7902335428845,-1.6297422997958,2570.30136722411
-67.7879003384328,-1.62702765377419,2570.63738807489
-67.7832318545756,-1.62159591753978,2571.3094747533
-67.7738865778396,-1.6107226578125,2572.65382804564
-67.7551627144349,-1.58893690516741,2575.34325459725
-67.7175811540327,-1.54520779056317,2580.72498936814
-67.6418778979273,-1.45711365830705,2591.5
-67.5540211422673,-1.3548649896806,2603.89554466347
-67.4651813222809,-1.25146020738915,2616.31173760945
-67.342215787632,-1.10831670191678,2633.30425228385
-67.2859922487853,-1.04286073038658,2641
-67.1951033586085,-0.9370392517154,2653.34395023328
-67.1031767567931,-0.830000672571088,2665.70856565713
-67.0101930991967,-0.721723202418003,2678.09389820886
-66.916132506752,-0.612184489644294,2690.5
-66.8784693818941,-0.568321938724259,2695.43330787115
-66.7930544754241,-0.468844298639817,2706.54938086619
-66.7067359249809,-0.368310311042551,2717.68249439006
-66.5313249134467,-0.164002936834549,2740
-66.4917534290403,-0.11791159442592,2744.97932763395
-66.4025098810242,-0.0139635023528012,2756.13924688407
-66.3124220431364,0.0909681167357762,2767.30765889383
-66.2214762886033,0.196898161296893,2778.48457336147
-66.1296586590831,0.303841859701532,2789.67
-66.0583785136384,0.386862776316111,2798.28585062775
-65.8867348017261,0.586768408983504,2818.79348811137
-65.711987907875,0.790268051813264,2839.33
-65.6166853938126,0.901240533890359,2850.3872878975
-65.4483074671946,1.09728040904475,2869.68099414036
-65.3630205013383,1.19656571149506,2879.33733150893
-65.2769868750922,1.29671025647818,2889
-65.2759278134807,1.2979429556137,2889.1000846569
-65.2748685688639,1.29917586611357,2889.20017366278
-65.2727495304084,1.30164232143598,2889.40036472264
-65.2685092551667,1.30657777098446,2889.80079904268
-65.2600198997906,1.31645883861871,2890.60187654757
-65.243005876619,1.33626175173237,2892.20486752515
-65.2088358330668,1.3760315239707,2895.41419742546
-65.1399216999189,1.45623361168306,2901.84628168333
-65.0702303243867,1.53733230454518,2908.29632769777
-64.9997472023928,1.61934375939349,2914.76441081194
-64.8645847021863,1.77658784550963,2927.01472392131
-64.7264472530488,1.93725501200218,2939.33
-64.5799373221039,2.1076145135706,2952.17095087527
-64.5054099682164,2.19425445087374,2958.61750086836
-64.430012391775,2.28189205308518,2965.08152815299
-64.2851604903763,2.45021765091127,2977.33921702579
-64.1370211376274,2.62230347563514,2989.66
-63.9799007203143,2.8047511998407,3002.49571543133
-63.8189970922602,2.99151113776683,3015.39890143113
-63.663209217983,3.17225026925274,3027.66381416945
-63.5037537281209,3.35715473580939,3039.99
-63.334617673835,3.55317983761131,3052.81908434385
-63.1612470740883,3.75399419000861,3065.71352997519
-62.9929664231276,3.94879188494594,3077.98700900047
-62.8205462827244,4.14825131149332,3090.32
-62.6375233060492,4.35982510429876,3103.14955388861
-62.4496959964715,4.57678277581764,3116.04247592231
-62.2670137760682,4.78762442371282,3128.32235675033
-62.0795966838844,5.00374543738032,3140.66
-61.8805658025618,5.23304429674096,3153.48051912725
-61.6760076565971,5.46847047615162,3166.3623986169
-61.4764469059972,5.69790017778337,3178.6481624524
-61.271377303984,5.93340084990018,3190.99
-60.8286266963105,6.44089645657835,3216.69183982688
-60.6089760322311,6.69215678013285,3228.97873402073
-60.3827830393166,6.95052909033308,3241.32
-59.9052178936459,7.49473447263149,3266.37483646147
-59.3960981355268,8.07283512177753,3291.65
-59.2079786685506,8.28587483760196,3300.62894076405
-59.0704940960446,8.4413710464765,3307.07193322699
-58.8469646350997,8.69381412313606,3317.33618064189
-58.3634155020721,9.23828670616202,3338.6688674973
-58.2859071839626,9.32534769057501,3341.98
-57.9451860410127,9.70734119448045,3356.19208780315
-57.5888535519785,10.1055469972925,3370.47067351015
-57.3065326415422,10.4200764879852,3381.37088028597
-57.0134688981087,10.7456424878548,3392.31
-57.0119874609598,10.7472857695022,3392.36434000005
-56.7349031789881,11.0541994579898,3402.36247766525
-55.777917574075,12.107212668782,3434.44472730291
-55.5143089553536,12.3952892455688,3442.64
-54.6852387161989,13.295441522327,3466.70910756626
-53.8875631679824,14.152736297416,3487.5369695979
-53.6645087623813,14.3908635832728,3492.97
-53.4040968231468,14.6679670657197,3499.1039710572
-51.8240464831252,16.3276069405686,3531.7293278752
-51.154481163227,17.0192132776067,3543.3
-49.6688746488686,18.5275849229909,3564.56143118921
-47.4165264015737,20.7423051475786,3586.15679406558
-46.0284294316282,22.0619406578575,3593.64
-44.1006119566195,23.835354376695,3597.33334443026
-42.1197105659193,25.5841310659242,3593.64
-40.6246022230913,26.8540430992098,3586.15679406558
-38.0667229724298,28.9263675713969,3564.56143118921
-36.2843157513826,30.295797770106,3543.3
-35.4548867653313,30.9123133682005,3531.7293278752
-33.4305538914338,32.3623211985921,3499.1039710572
-33.0876353066702,32.6003399082597,3492.97
-32.7917771543368,32.8039383031574,3487.5369695979
-31.7174369736253,33.5296695202434,3466.70910756626
-30.5733306734278,34.2793322508251,3442.64
-30.2035854190005,34.5165439324326,3434.44472730291
-28.8366703551723,35.3723147079184,3402.36247766525
-28.4336051010126,35.6183573212648,3392.36434000005
-28.4314412249985,35.6196705367857,3392.31
-28.001510127658,35.8789681119102,3381.37088028597
-27.5838164376034,36.1278120687931,3370.47067351015
-27.0516579088954,36.4404932652623,3356.19208780315
-26.5376014813497,36.7379393652865,3341.98
-26.4199476750383,36.8053852901449,3338.6688674973
-25.6799337634357,37.2242510393288,3317.33618064189
-25.3343334467749,37.4167260523538,3307.07193322699
-25.1206593160624,37.5347336601217,3300.62894076405
-24.8269189207478,37.6957266175306,3291.65
-24.0239774660098,38.1285692240237,3266.37483646147
-23.2601732545769,38.5305910052053,3241.32
-22.8948028369975,38.7195866421069,3228.97873402073
-22.5377781568758,38.9022119767051,3216.69183982688
-21.8114560167723,39.2675308372423,3190.99
-21.4720205252883,39.4354268694054,3178.6481624524
-21.1398640182635,39.597992264303,3166.3623986169
-20.7975059583297,39.7637706504997,3153.48051912725
-20.462567986132,39.9242184976175,3140.66
-20.1455238245271,40.074521102624,3128.32235675033
-19.8349492634621,40.2202818388019,3116.04247592231
-19.5140431806696,40.3693673275979,3103.14955388861
-19.1998011517411,40.513864678027,3090.32
-18.9023706473505,40.6492794863072,3077.98700900047
-18.6107790812478,40.7807667371014,3065.71352997519
-18.3090245504862,40.915521182604,3052.81908434385
-18.0133284723576,41.0462793597711,3039.99
-17.7333720461461,41.1689065218843,3027.66381416945
-17.4587464164248,41.2880981531474,3015.39890143113
-17.1739546959353,41.4105569872411,3002.49571543133
-16.8947357026077,41.5294938132272,2989.66
-16.6304625479849,41.6410429787909,2977.33921702579
-16.3711041630304,41.7495569308297,2965.08152815299
-16.2357333195861,41.805818864014,2958.61750086836
-16.1016757337332,41.8612814332412,2952.17095087527
-15.837417159907,41.9698746281055,2939.33
-15.5873866474212,42.0717251614942,2927.01472392131
-15.3419226674288,42.1708722992215,2914.76441081194
-15.2136004200509,42.2223726719329,2908.29632769777
-15.0865042106516,42.273157559369,2901.84628168333
-14.9606151508399,42.323241432504,2895.41419742546
-14.8981174891685,42.3480249141155,2892.20486752515
-14.8669793854622,42.360352796608,2890.60187654757
-14.8514378930294,42.3665008664785,2889.80079904268
-14.8436740214578,42.3695709451447,2889.40036472264
-14.8397938024373,42.3711049968526,2889.20017366278
-14.8378541218816,42.3718717759803,2889.1000846569
-14.8359147272059,42.3726383906922,2889
-14.6782022792999,42.4348079778077,2879.33733150893
-14.5215385584083,42.4962286673709,2869.68099414036
-14.2113121732683,42.6168715798169,2850.3872878975
-14.0351757793693,42.6847898734179,2839.33
-13.7111883355569,42.8086305204708,2818.79348811137
-13.3916703875628,42.9293880107527,2798.28585062775
-13.2586087088365,42.979276232829,2789.67
-13.0868879148322,43.0433119431991,2778.48457336147
-12.916442503515,43.1064867833177,2767.30765889383
-12.7472574480601,43.168816129559,2756.13924688407
-12.5793180019362,43.2303149985227,2744.97932763395
-12.5047439597137,43.2575053816868,2740
-12.1733787651694,43.377446889137,2717.68249439006
-12.0098410283969,43.4361153419295,2706.54938086619
-11.8477081252777,43.4939381267116,2695.43330787115
-11.7761199032053,43.5193612204512,2690.5
-11.597076105369,43.582656069987,2678.09389820886
-11.4197211381894,43.6449480607742,2665.70856565713
-11.2440308003516,43.7062584910866,2653.34395023328
-11.0699814078313,43.7666080732053,2641
-10.962145262277,43.803805691225,2633.30425228385
-10.7258480925382,43.8847999781151,2616.31173760945
-10.5547454889559,43.9430074917121,2603.89554466347
-10.3852215255467,44.0003144782201,2591.5
-10.2388983312513,44.0494884963057,2580.72498936814
-10.1661730508243,44.0738291467543,2575.34325459725
-10.1299187315773,44.0859385231379,2572.65382804564
-10.1118185581968,44.0919780533557,2571.3094747533
-10.1027752063656,44.0949940388223,2570.63738807489
-10.098255212705,44.096501087873,2570.30136722411
-10.0937363399935,44.0980075082688,2569.96536136428
-9.90632454996675,44.1602592679839,2555.96968856544
-9.72083070628308,44.2214438092939,2542
-9.39545447170336,44.3277389309956,2517.20988262419
-9.07586660274072,44.4308734701391,2492.5
-8.91805709001277,44.4813386064265,2480.16420665138
-8.76163866939332,44.531058829697,2467.84827539613
-8.44946306969669,44.6293994860054,2443
-8.29574179091067,44.6773904480138,2430.63099049315
-8.14335772365878,44.7246824263788,2418.28166823218
-8.07382255880005,44.7461695589537,2412.61714179685
-8.00456415269113,44.7675133926748,2406.95675270202
-7.93558088577807,44.788715188587,2401.3004964165
-7.90119192509758,44.7992632131868,2398.47391666304
-7.8668711479861,44.8097761948334,2395.64836841572
-7.84081294081439,44.8177488027456,2393.5
-7.58252013217397,44.8963355215404,2372.0612614952
-7.24916193012947,44.9965868638133,2344
-6.96060148101806,45.0823032405995,2319.34536379588
-6.90833747751438,45.0977231022645,2314.84316635167
-6.79066737067582,45.13232262031,2304.66492071891
-6.6738174915826,45.1665200414738,2294.5
-6.3916108136095,45.2484517143311,2269.71064065429
-6.11412998748665,45.3281058662694,2245
-5.97010406375149,45.3690977319805,2232.04013039989
-5.84100368453248,45.4056375091839,2220.34447117778
-5.70467633827951,45.4440138565775,2207.91232549126
-5.5694855306344,45.4818588479429,2195.5
-5.30864434300027,45.5542849801019,2171.31202186828
-5.05198823570875,45.6247893661115,2147.19913328747
-5.03931158028576,45.6282522218652,2146
-4.79942098249732,45.6934381746633,2123.16098513565
-4.52307011200003,45.7677229365002,2096.5
-4.27146086829515,45.8346073945856,2071.89234040359
-4.15475758390936,45.8653885881699,2060.36870830591
-4.02025616254086,45.9006747359451,2047
-3.77333862904085,45.9649265278384,2022.2100063482
-3.65137429661715,45.996412763691,2009.84502897631
-3.53039104520806,46.0274823375771,1997.5
-3.47044252443835,46.0428174594253,1991.35328510815
-3.41073470279805,46.0580514163999,1985.21157586195
-3.35126620237334,46.0731850760351,1979.07486614926
-3.29203565588028,46.0882192965884,1972.94314986794
-3.28542454541034,46.0898949589824,1972.25753325194
-3.2788163937845,46.0915693888252,1971.5719790383
-3.16548867259357,46.1202102966142,1959.77676083581
-3.05302817477693,46.148492033762,1948
-2.93530162360643,46.1779489603695,1935.59437804998
-2.81851907308125,46.2070192667649,1923.2092043829
-2.70266977732865,46.2357095272776,1910.84442848281
-2.58774315416954,46.2640261774057,1898.5
-2.47418945373484,46.2918628741412,1886.22570701501
-2.36153580657498,46.3193400320882,1873.9718514899
-2.24737642875222,46.3470435810931,1861.47531612652
-2.19064165552761,46.3607589862591,1855.23500903794
-2.13413508437334,46.374384508551,1849
-2.13125195794184,46.3750787931832,1848.68134029567
-2.12836942542614,46.3757728447152,1848.36269448377
-2.02023315894489,46.401744692341,1836.37139519048
-1.91292995558146,46.4273913859625,1824.39975341869
-1.69182596793101,46.4798458439163,1799.5
-1.58525370133539,46.5049408805994,1787.3853461322
-1.47951048617163,46.5297200827214,1775.29117016255
-1.36953671381465,46.5553634174008,1762.63439076853
-1.26045374248865,46.5806711069581,1750
-1.24716217981398,46.5837461056909,1748.45502649824
-1.05050427133057,46.6290224474455,1725.4548124004
-0.839680958931282,46.6771025143144,1700.5
-0.740168958261975,46.6996330335661,1688.61198033775
-0.641415320288999,46.7218880680155,1676.74440637374
-0.534860596512942,46.7457853730084,1663.8601754062
-0.429183039451971,46.7693674511768,1651
-0.392966243788905,46.7774221568117,1646.57372505332
-0.229603805802384,46.8135825984518,1626.48639000535
-0.0286538550061834,46.857678174361,1601.5
0.0604136957949351,46.8770872743082,1590.32581136295
0.148842636856443,46.8962750418636,1579.170417641
0.255987853392526,46.9194144208208,1565.57126913744
0.362201558580949,46.9422343449101,1552
0.433560008302976,46.9574996045115,1542.83118695309
0.551814507628904,46.9826803465059,1527.54507831142
0.743658503655652,47.0232219995775,1502.5
0.819527289855003,47.039149762906,1492.51001140198
0.894906571814118,47.0549157578116,1482.53582354711
1.00597081329452,47.0780384352614,1467.75058586692
1.11597918326004,47.1008157774543,1453
1.23075683860596,47.1244476739099,1437.49595584382
1.29675757838623,47.1379753668254,1428.52728207025
1.38845867805578,47.156696373365,1416.00091043435
1.47941872909355,47.1751808300287,1403.5
1.56128415198445,47.1917446088923,1392.1836683677
1.6425467135121,47.2081185561974,1380.88870621486
1.72321259905971,47.2243054944471,1369.61505306817
1.80328791148375,47.2403081944685,1358.36264868231
1.83421657998139,47.2464716372424,1354
1.96073143398684,47.2715819174809,1336.05757999491
2.01612585394514,47.2825251326094,1328.15206802809
2.07123357289042,47.2933807440255,1320.25731532995
2.12605665663186,47.3041496632519,1312.37329995064
2.18059715164215,47.3148327901243,1304.5
2.26490342211055,47.3312869169305,1292.27046329956
2.30680194974504,47.3394374897776,1286.16558487831
2.34853199936357,47.3475376160436,1280.0672855322
2.35266878391531,47.3483396375652,1279.46176837359
2.3568039156922,47.349141165552,1278.85631604003
2.37719067540766,47.3530902774959,1275.86876266185
2.39753729980568,47.3570274220973,1272.88278717215
2.4381105795737,47.3648659975028,1266.91556486065
2.47852463301778,47.3726572674974,1260.95463912357
2.48168812593595,47.3732664486089,1260.48731188676
2.51878032924488,47.3804016036463,1255
2.5331865141722,47.3831690697057,1252.86486936871
2.5765203208157,47.3914809798957,1246.42905929664
2.59811768758183,47.3956165220572,1243.21398312205
2.61966887941503,47.3997385328717,1240.00079064521
2.64117403359077,47.4038470700785,1236.78948021112
2.66263328685483,47.4079421911131,1233.58005016674
2.67334574344559,47.409984738472,1231.97603977464
2.68404677584915,47.4120239531892,1230.37249886094
2.69473640101093,47.4140598423593,1228.76942721957
2.70007694118904,47.4150765420814,1227.96806731163
2.70541463589646,47.4160924130687,1227.16682464455
2.77745330011916,47.4297747645758,1216.32268603573
2.84897523070568,47.4433073212924,1205.5
2.9305823581559,47.4586852862675,1193.08182241803
3.01151387218668,47.4738699075551,1180.69249676883
3.09177752153005,47.4888643493936,1168.33192261882
3.17138094008446,47.5036717123087,1156
3.32710482640746,47.5324552841791,1131.66158906888
3.40698400677921,47.5471259442438,1119.06540313811
3.48618712966598,47.5616096057349,1106.5
3.5625943480411,47.5755227586814,1094.30565081738
3.63836914118504,47.5892633674899,1082.1409665081
3.71630441763944,47.6033361958508,1069.5546440837
3.79357503646087,47.6172294504785,1057
3.86808743017063,47.6305706706353,1044.82116506304
3.94197772900439,47.6437461633069,1032.67290433428
4.01817733665804,47.6572768103413,1020.07004160769
4.09371967748636,47.6706340529458,1007.5
4.16646113387108,47.6834427536003,995.323620858176
4.23858925218578,47.6960918755968,983.178802118096
4.31301305362867,47.7090898054694,970.572443581608
4.38678814267645,47.7219205746458,958
4.42233152725315,47.7280830592392,951.91554374812
4.45772292976879,47.7342068428676,945.839249902263
4.52805334241903,47.7463395759942,933.711083816563
4.56451647286949,47.7526107148686,927.395103104456
4.60081796059428,47.7588410828008,921.087941193903
4.6729399246807,47.7711808894731,908.5
4.70759978626782,47.7770929151534,902.423247724747
4.74210965749586,47.7829676569654,896.354941210249
4.81068297343502,47.7946065181776,884.243595131338
4.84633298565053,47.8006391597007,877.918955197763
4.88182261099092,47.8066323085019,871.60348931928
4.95232463968516,47.8185014794402,859
4.98622974008843,47.8241921789191,852.91138122816
5.01998626325371,47.8298467862568,846.831503704974
5.08705712902018,47.8410489226063,834.697897215213
5.12180099869776,47.8468345669801,828.384305116467
5.15638714670305,47.8525822567281,822.080138932514
5.2250901811429,47.8639650755133,809.5
5.29092133388956,47.8748289540842,797.373209296456
5.32361845551382,47.8802091676195,791.323321138095
5.3561711128702,47.8855552809033,785.282411049003
5.42408726450628,47.8966759670361,772.621532191134
5.45781025443988,47.9021811674587,766.3058592348
5.47461341128889,47.9049201221593,763.151704332378
5.4913778393114,47.9076500325873,760
5.55682014862168,47.9182805217799,747.624980525305
5.60671061721439,47.9263568589272,738.10585056905
5.65582050535751,47.9342832751787,728.662576868828
5.70416625701239,47.9420635414604,719.29425629553
5.75176387854012,47.9497013092192,710
5.78284047995427,47.9546761991596,703.893262828064
5.81360126066555,47.9595913337157,697.818265601651
5.81412459014125,47.9596748751701,697.714649662011
5.8741924384741,47.9692461909354,685.762506287605
5.87521799387508,47.9694093020436,685.557420936635
5.90453909767032,47.9740684272162,679.679239165515
5.93357145055782,47.9786734906407,673.830777988988
5.9507472244367,47.9813940526953,670.357470241551
5.96782249599079,47.9840958736458,666.894602614602
5.98479805877059,47.9867791291261,663.442128107172
5.99324869703804,47.988113849423,661.719773662561
6.00167470209523,47.9894439932715,660
6.05889658090418,47.9984590277944,647.44308825296
6.06201873478743,47.9989500001841,646.754516626808
6.11504402778286,48.0072741166272,635.004994961893
6.12116831661803,48.008233786509,633.641205778202
6.17014411355566,48.0158952525446,622.6840416075
6.17915516183119,48.017302369367,620.658098913648
6.22422305088899,48.024328202672,610.478581138349
6.22633333564342,48.0246567054462,610
6.23600992631805,48.0261624877344,607.803266391352
6.27730622788926,48.0325785187953,598.386997236882
6.27989543938027,48.0329802473921,597.794365946859
6.3324682677477,48.0411232394969,585.703166460287
6.38407640730212,48.0490909876173,573.724799718285
6.44263370333934,48.0581006478558,560
6.47145092477894,48.0625224038094,553.192741540924
6.49417410591828,48.0660034656187,547.800018114301
6.50690781025777,48.0679520321128,544.768301784382
6.51958172006421,48.069889905193,541.743844590016
6.53219621349591,48.0718171646359,538.726620490491
6.54475166569082,48.0737338894658,535.716603569497
6.54989810583265,48.0745191124486,534.480806121155
6.55246761300359,48.0749110624626,533.863362308618
6.55375143976151,48.0751068723941,533.554754032585
6.55503464916382,48.0753025723869,533.246221472873
6.56078281963626,48.0761790220777,531.863248856533
6.56651861353437,48.0770532691482,530.481796516729
6.56938188058088,48.0774895690689,529.791639667362
6.572242066942,48.0779253211568,529.101861948018
6.5750991770867,48.0783605263484,528.412463046378
6.5765265799826,48.0785779241517,528.067905554689
6.57723999362884,48.0786865719062,527.895662281578
6.57795321549916,48.0787951855818,527.723442650462
6.5914793547763,48.0808541043416,524.453026404614
6.59439046616309,48.0812969981004,523.748093657487
6.62742848825427,48.0863176858838,515.721110339925
6.65085235225132,48.0898710091641,510
6.68655319591403,48.0952766107345,501.231837635871
6.72874137387984,48.1016487687251,490.793867695779
6.77024412410437,48.1079007945567,480.443297181012
6.8110763737529,48.1140357518586,470.179032946135
6.85125264144986,48.1200566059488,460
6.87044111489196,48.1229267709697,455.110153799645
6.8894811975802,48.125771266316,450.239855181777
6.90837443166274,48.1285904036228,445.388987165494
6.92712233909388,48.1313844897474,440.55743370145
6.94572642195389,48.1341538268576,435.745079662605
6.96418816276314,48.1368987125182,430.951810835079
6.98250902478991,48.1396194397756,426.177513909115
7.0006904523531,48.1423162972403,421.42207647015
7.01161476742482,48.1439351894961,418.556340878194
7.02248895724493,48.1455455241988,415.697432495386
7.03331333110161,48.1471473628255,412.845326953464
7.03870693375461,48.1479451152752,411.421817664446
7.04408819730803,48.1487407665067,410
7.08268342639637,48.1544392136211,399.307878836069
7.12069738412548,48.1600379738844,388.697138499809
7.15814180425265,48.1655394062271,378.166853394176
7.19502812297112,48.1709457993536,367.716111905669
7.22208754909823,48.1749036467958,360
7.23136752611849,48.1762593798203,357.344016141245
7.25619466884528,48.1798824096265,350.213610508655
7.26717084706661,48.1814822982215,347.049681671167
7.28982598125758,48.1847808929191,340.49665633665
7.32299034360649,48.1896008427735,330.84840112145
7.35569647902805,48.1943439680558,321.268118876023
7.39388008442624,48.1998686038684,310
7.42678161443504,48.2046179019978,300.217481876511
7.45921898096927,48.2092901483911,290.505624974055
7.49120095559515,48.2138870344572,280.863666446062
7.52273610175962,48.21841020486,271.290854387338
7.55965407732478,48.223693478439,260
7.59138652450045,48.2282243443414,250.221496159884
7.62266606981245,48.232681214354,240.514923480173
7.65350136768383,48.2370657232989,230.879491175603
7.68390086500524,48.2413794605216,221.314420010072
7.70182099367899,48.2439182610368,215.644922069009
7.71959086531899,48.2464327760722,210
7.73658048122661,48.2488340903159,204.581591531031
7.75352866414079,48.2512268303937,199.16578174378
7.78730129672552,48.2559867493227,188.341950740003
7.80546857340001,48.258542790763,182.501932901358
7.82358820340848,48.2610890239171,176.664936727765
7.85968522288744,48.2661522636074,165
7.86752322661359,48.2672500557898,162.460614540196
7.89816910818305,48.2715367588293,152.509498489537
7.92867857495841,48.2757955792757,142.567164179106
7.94681949315896,48.2783237105696,136.638571687629
7.97222005765312,48.2818583373764,128.316210957766
7.99752623551252,48.2853737818714,120
8.02125647436345,48.2886648195551,112.178010498598
8.05571977445081,48.293434929168,100.775120697231
8.07327063226442,48.2958598670005,94.9483509011809
8.0881440777123,48.2979126060837,90
8.09076535144349,48.2982741618698,89.126912393105
8.10820418016307,48.3006778762551,83.3107978594423
8.1255873651896,48.3030710721789,77.5
8.14138586811879,48.3052436335005,72.2074135776759
8.15713851757479,48.3074075510247,66.9192339716901
8.17284549748642,48.3095628707641,61.6354556803995
8.18850699083517,48.3117096384266,56.3560732113143
8.20433248560376,48.3138765432528,51.0103056534594
8.2201116399454,48.3160347584511,45.6690413893526
8.23584464136907,48.3181843306515,40.3322747310044
8.24369389334029,48.3192558901515,37.6655762291114
8.24761421727753,48.3197908657702,36.332647874741
8.24957330499811,48.3200581528606,35.6662888829499
8.251531677033,48.3203253062576,35
8.25612014714245,48.3209511061206,33.125
8.26070596983045,48.3215763472377,31.25
8.26986968203219,48.3228251558801,27.5
8.27902283179218,48.3240717374678,23.75
8.28359545141838,48.3246941947628,21.875
8.28588077340733,48.3250052153232,20.9375
8.28702318756925,48.3251606736176,20.46875
8.28816543722318,48.3253160972683,20
8.29397654136324,48.3261066129282,17.3283812080545
8.2997828751153,48.3268961628359,14.6567624161089
8.30773865663346,48.3279774821782,10.9925718120812
8.31568549067711,48.3290569919619,7.32838120805445
8.32362339224044,48.3301346962762,3.66419060402677
8.32758899801853,48.330672872657,1.83209530201384
8.32957096547385,48.3309417921261,0.916047651006011
8.33056174044509,48.331076209708,0.458023825503005
8.33155237628425,48.3312105991989,0
