-72.54,-28.72,10
-72.5390513626362,-28.7191054577273,10.9925718120812
-72.5355469121323,-28.7158006548928,14.6567624161089
-72.5329893303724,-28.7133885890678,17.3283812080545
-72.5304296948357,-28.7109744267646,20
-72.5299270714846,-28.7105003505454,20.46875
-72.5294243776152,-28.7100262016571,20.9375
-72.5284187782617,-28.7090776858061,21.875
-72.5264067326771,-28.7071797813388,23.75
-72.5223792506403,-28.7033804775933,27.5
-72.5183472410432,-28.6995765069457,31.25
-72.5163295360042,-28.6976727688459,33.125
-72.5143106961863,-28.6957678607927,35
-72.513450932976,-28.6949565875482,35.6662888829499
-72.5125908619094,-28.6941450057911,36.332647874741
-72.5108697955988,-28.6925209160874,37.6655762291114
-72.5074239619908,-28.6892690273413,40.3322747310044
-72.5005174565288,-28.6827503757585,45.6690413893526
-72.493591100632,-28.6762118213019,51.0103056534594
-72.4866448149938,-28.6696532790164,56.3560732113143
-72.4797709198019,-28.6631619289946,61.6354556803995
-72.4728774647078,-28.6566509514107,66.9192339716901
-72.4659643723313,-28.6501202632837,72.2074135776759
-72.4590315648953,-28.6435697811774,77.5
-72.4514038276286,-28.636361339579,83.3107978594423
-72.4437521692539,-28.6291288673949,89.126912393105
-72.4360764854382,-28.6218722525737,94.9483509011809
-72.4283766712583,-28.6145913823858,100.775120697231
-72.4132585791467,-28.6002916568465,112.178010498598
-72.4028499003609,-28.590443179095,120
-72.3917509523363,-28.5799386741082,128.316210957766
-72.3806115955682,-28.5693929060934,136.638571687629
-72.3726565437689,-28.5618599083864,142.567164179106
-72.3592788396761,-28.5491884788036,152.509498489537
-72.3458427474583,-28.5364573534143,162.460614540196
-72.3424065558573,-28.5332007458971,165
-72.3265827741576,-28.5182002411197,176.664936727765
-72.3186404489656,-28.5106688374817,182.501932901358
-72.3106777359571,-28.5031165574119,188.341950740003
-72.2958765184429,-28.4890741528922,199.16578174378
-72.2884494409407,-28.4820258268227,204.581591531031
-72.2810046381408,-28.4749593299817,210
-72.2732186241758,-28.4675675152238,215.644922069009
-72.2653674975412,-28.4601123880878,221.314420010072
-72.2520505980385,-28.4474637380234,230.879491175603
-72.2385449221813,-28.4346313691642,240.514923480173
-72.2248468591351,-28.4216116623335,250.221496159884
-72.2109527106421,-28.4084009077137,260
-72.1947909116718,-28.3930281176236,271.290854387338
-72.1809880086438,-28.3798940220532,280.863666446062
-72.1669918058439,-28.3665712500311,290.505624974055
-72.1527986492723,-28.3530561235035,300.217481876511
-72.1384047974612,-28.3393448732152,310
-72.1217031568321,-28.3234289455269,321.268118876023
-72.1073999631829,-28.3097932258671,330.84840112145
-72.0928988051479,-28.2959636878432,340.49665633665
-72.0829942246148,-28.2865148901897,347.049681671167
-72.07819596738,-28.2819365761105,350.213610508655
-72.0673437197876,-28.2715797046235,357.344016141245
-72.0632876790466,-28.2677080740861,360
-72.0514617836012,-28.2564175598587,367.716111905669
-72.0353438068702,-28.2410237839069,378.166853394176
-72.0189850320693,-28.2253935517407,388.697138499809
-72.0023805972897,-28.2095219267509,399.307878836069
-71.9855255161413,-28.1934038410268,410
-71.9831777357483,-28.1911581686022,411.421817664446
-71.9808246419967,-28.1889072790302,412.845326953464
-71.976102450294,-28.1843897834339,415.697432495386
-71.9713588103192,-28.1798512218004,418.556340878194
-71.9665935909675,-28.175291461224,421.42207647015
-71.9586634339555,-28.1677019959232,426.177513909115
-71.9506732644658,-28.160053545316,430.951810835079
-71.9426224705922,-28.1523454883935,435.745079662605
-71.9345104325407,-28.1445771958442,440.55743370145
-71.9263365225057,-28.1367480299192,445.388987165494
-71.9181001045444,-28.1288573442938,450.239855181777
-71.9098005344483,-28.1209044839273,455.110153799645
-71.9014371596131,-28.1128887849192,460
-71.8839290225032,-28.0961029593283,470.179032946135
-71.8661389737472,-28.0790391952401,480.443297181012
-71.8480608760781,-28.0616912348669,490.793867695779
-71.8296884226888,-28.044052640803,501.231837635871
-71.8141444366642,-28.0291231064359,510
-71.803947438704,-28.0193259935707,515.721110339925
-71.7895673704453,-28.0055055436869,523.748093657487
-71.7883004097217,-28.0042876465765,524.453026404614
-71.7824138882384,-27.9986285697227,527.723442650462
-71.7821035089884,-27.9983301595147,527.895662281578
-71.7817930474882,-27.9980316678777,528.067905554689
-71.7811718776205,-27.9974344401974,528.412463046378
-71.7799285495988,-27.9962390063728,529.101861948018
-71.7786839022827,-27.995042266311,529.791639667362
-71.777437933788,-27.9938442180803,530.481796516729
-71.774942025781,-27.9914441894351,531.863248856533
-71.7724408103658,-27.9890389048414,533.246221472873
-71.7718824550226,-27.9885019436489,533.554754032585
-71.7713238349567,-27.9879647202676,533.863362308618
-71.7702057999873,-27.9868894862519,534.480806121155
-71.7679665459864,-27.9847358643725,535.716603569497
-71.7625038394136,-27.9794815460523,538.726620490491
-71.7570158205899,-27.9742021481894,541.743844590016
-71.7515023314436,-27.9688975085233,544.768301784382
-71.7459632126546,-27.9635674634596,547.800018114301
-71.7360796569581,-27.9540551031135,553.192741540924
-71.7235472232929,-27.9419899224206,560
-71.6980870450395,-27.9174671923362,573.724799718285
-71.6756549912676,-27.8958479890832,585.703166460287
-71.6528100610301,-27.8738182562122,597.794365946859
-71.6516851160614,-27.87273312488,598.386997236882
-71.6337450721495,-27.8554238372346,607.803266391352
-71.6295419211693,-27.8513673303329,610
-71.6286253211079,-27.8504826523761,610.478581138349
-71.6090526154813,-27.8315867076849,620.658098913648
-71.6051397429069,-27.8278080088965,622.6840416075
-71.583876270228,-27.8072671395879,633.641205778202
-71.5812177253429,-27.8046981652819,635.004994961893
-71.5582031763313,-27.7824518071053,646.754516626808
-71.5568482732468,-27.7811417259666,647.44308825296
-71.5320200388609,-27.7571269137124,660
-71.5283720949048,-27.7535972167806,661.719773662561
-71.5247136731716,-27.750057055728,663.442128107172
-71.5173652353758,-27.7429451742045,666.894602614602
-71.5099743967981,-27.7357909283383,670.357470241551
-71.5025408270893,-27.7285939753375,673.830777988988
-71.4899775578358,-27.7164275416418,679.679239165515
-71.4772915740046,-27.7041383632887,685.557420936635
-71.4768479008705,-27.7037084967871,685.762506287605
-71.4508662939041,-27.6785270367768,697.714649662011
-71.4506399756223,-27.6783076160112,697.818265601651
-71.4373384696484,-27.6654093064856,703.893262828064
-71.4239029034192,-27.6523766195868,710
-71.4033295681485,-27.6324116645655,719.29425629553
-71.3824389062822,-27.6121282034931,728.662576868828
-71.3612242802875,-27.5915193017198,738.10585056905
-71.3396788757677,-27.5705778313566,747.624980525305
-71.3114271400665,-27.543100857866,760
-71.3041915105427,-27.5360605237048,763.151704332378
-71.2969396160856,-27.5290030824952,766.3058592348
-71.2823868309864,-27.5148366483489,772.621532191134
-71.2530838505647,-27.4862959406124,785.282411049003
-71.2390413304256,-27.4726112934808,791.323321138095
-71.2249381752618,-27.458862716599,797.373209296456
-71.1965485143364,-27.4311721129237,809.5
-71.1669275595857,-27.402259583381,822.080138932514
-71.1520186824245,-27.3876991778369,828.384305116467
-71.1370436707195,-27.3730687274712,834.697897215213
-71.1081405827695,-27.3448152114881,846.831503704974
-71.0935963632032,-27.3305901568779,852.91138122816
-71.0789898735919,-27.3162990078744,859
-71.0486227947137,-27.2865708770937,871.60348931928
-71.0333393002958,-27.2716004546445,877.918955197763
-71.0179886299201,-27.2565584998972,884.243595131338
-70.9884667086586,-27.2276141428815,896.354941210249
-70.9736122870266,-27.2130422969185,902.423247724747
-70.9586950727989,-27.1984034397174,908.5
-70.9276602192097,-27.1679303183172,921.087941193903
-70.9120421570761,-27.1525860633715,927.395103104456
-70.8963564685016,-27.1371693833215,933.711083816563
-70.866107176479,-27.1074219309898,945.839249902263
-70.8508879243995,-27.0924467353462,951.91554374812
-70.8356051151407,-27.0774033212021,958
-70.8038892825087,-27.0461661326979,970.572443581608
-70.7719023010143,-27.0146370593215,983.178802118096
-70.7409093534983,-26.9840640080606,995.323620858176
-70.7096601480233,-26.9532144748781,1007.5
-70.6772153697973,-26.9211594858774,1020.07004160769
-70.6444961316104,-26.8888073632768,1032.67290433428
-70.6127759418147,-26.8574181837008,1044.82116506304
-70.5807960779334,-26.8257472303452,1057
-70.547640160625,-26.792885284542,1069.5546440837
-70.514206945667,-26.7597213915344,1082.1409665081
-70.4817080995236,-26.7274582526006,1094.30565081738
-70.448945495194,-26.6949072390288,1106.5
-70.4149918778147,-26.6611453302994,1119.06540313811
-70.3807564345582,-26.6270747734684,1131.66158906888
-70.3140375191865,-26.5605952259408,1156
-70.2799434446342,-26.5265816503223,1168.33192261882
-70.2455743465988,-26.4922650755148,1180.69249676883
-70.2109270843179,-26.457641675536,1193.08182241803
-70.1759984693884,-26.422707560838,1205.5
-70.1453928473153,-26.392072729592,1216.32268603573
-70.1145721100457,-26.3611995590177,1227.16682464455
-70.1122886904338,-26.3589113357757,1227.96806731163
-70.1100040863959,-26.3566217987449,1228.76942721957
-70.1054313215855,-26.3520387790674,1230.37249886094
-70.1008538086281,-26.3474504914106,1231.97603977464
-70.0962715405452,-26.3428569272033,1233.58005016674
-70.0870927111931,-26.3336539349337,1236.78948021112
-70.0778947772562,-26.3244297331496,1240.00079064521
-70.0686776824138,-26.3151842526189,1243.21398312205
-70.059441370125,-26.3059174238125,1246.42905929664
-70.040910867336,-26.2873194431698,1252.86486936871
-70.0347509321836,-26.2811352285247,1255
-70.0175392482029,-26.2638508158593,1260.95463912357
-70.0002616750732,-26.2464929945127,1266.91556486065
-69.982917854554,-26.2290613219418,1272.88278717215
-69.974220988317,-26.2203176516428,1275.86876266185
-69.9655074247141,-26.2115553509892,1278.85631604003
-69.9637400719694,-26.2097778879769,1279.46176837359
-69.9619720316465,-26.2079996575153,1280.0672855322
-69.9441378747278,-26.1900584661587,1286.16558487831
-69.9262336323515,-26.1720389959048,1292.27046329956
-69.8902133318032,-26.1357632841291,1304.5
-69.8669146955273,-26.1122826585384,1312.37329995064
-69.8434985357798,-26.0886703086886,1320.25731532995
-69.8199640079457,-26.0649251832884,1328.15206802809
-69.7963102593002,-26.0410462199839,1336.05757999491
-69.7422996502903,-25.9864704454097,1354
-69.7290983681789,-25.9731202576635,1358.36264868231
-69.6949243401466,-25.938541115056,1369.61505306817
-69.6605048062936,-25.9036849142439,1380.88870621486
-69.6258372435377,-25.8685484876122,1392.1836683677
-69.5909190940114,-25.833128619673,1403.5
-69.5521294585824,-25.7937469748235,1416.00091043435
-69.5130318414007,-25.7540157359542,1428.52728207025
-69.4848967542332,-25.7254017638711,1437.49595584382
-69.43597856696,-25.6756052766486,1453
-69.3891044767021,-25.6278352001644,1467.75058586692
-69.3417916323199,-25.5795640238488,1482.53582354711
-69.3096867125131,-25.5467779473537,1492.51001140198
-69.2773783914216,-25.5137589686788,1502.5
-69.1957049354901,-25.4301763909934,1527.54507831142
-69.1453762432426,-25.3785909219835,1542.83118695309
-69.1150120042939,-25.3474388276596,1552
-69.0698240009533,-25.3010370823922,1565.57126913744
-69.0242489168156,-25.2541878871275,1579.170417641
-68.9866418309355,-25.2154916672787,1590.32581136295
-68.9487693588763,-25.1764878642664,1601.5
-68.8633456341902,-25.0883852522653,1626.48639000535
-68.793922603122,-25.0166554606755,1646.57372505332
-68.7785344456812,-25.0007402587168,1651
-68.7336384789419,-24.9542739896689,1663.8601754062
-68.6883778519906,-24.9073811483205,1676.74440637374
-68.6464378964248,-24.8638846903207,1688.61198033775
-68.6041826178042,-24.8200183819221,1700.5
-68.5146835412537,-24.7269651879087,1725.4548124004
-68.4312238355783,-24.6400176506405,1748.45502649824
-68.425583904532,-24.6341359855279,1750
-68.3793014664964,-24.5858409667383,1762.63439076853
-68.3326483698445,-24.5371071166899,1775.29117016255
-68.2877967355032,-24.4902058243493,1787.3853461322
-68.2426000421838,-24.4428948878459,1799.5
-68.1488514948666,-24.3446047664106,1824.39975341869
-68.1033643398489,-24.2968381561433,1836.37139519048
-68.0575302193083,-24.2486570893695,1848.36269448377
-68.0563085265552,-24.2473721516565,1848.68134029567
-68.0550865863975,-24.2460869180067,1849
-68.0311385712331,-24.2208912437488,1855.23500903794
-68.0070954842312,-24.1955817437421,1861.47531612652
-67.9587218816521,-24.1446182924588,1873.9718514899
-67.9109926169709,-24.0942788598086,1886.22570701501
-67.8628882013362,-24.0434886996067,1898.5
-67.8142083113759,-23.9920346960541,1910.84442848281
-67.7651436520234,-23.9401167841479,1923.2092043829
-67.7156897257524,-23.8877288811131,1935.59437804998
-67.6658419622426,-23.8348647971844,1948
-67.6182293484813,-23.7843158589728,1959.77676083581
-67.5702547644003,-23.7333280574149,1971.5719790383
-67.5674575188999,-23.7303534314772,1972.25753325194
-67.5646590381074,-23.7273773056929,1972.94314986794
-67.5395875304776,-23.7007059735254,1979.07486614926
-67.5144166655935,-23.6739139106633,1985.21157586195
-67.4891458601562,-23.6470003224827,1991.35328510815
-67.4637745261195,-23.6199644073483,1997.5
-67.4125761409264,-23.5653604126714,2009.84502897631
-67.3609678074261,-23.5102562394294,2022.2100063482
-67.2565017666551,-23.3985205962378,2047
-67.1996050471296,-23.3375558053211,2060.36870830591
-67.1502417559429,-23.2846010196873,2071.89234040359
-67.0438291662231,-23.1702503272703,2096.5
-66.926972204865,-23.0443682201263,2123.16098513565
-66.8255478267247,-22.9348497516368,2146
-66.8201885738741,-22.9290560734613,2147.19913328747
-66.7116905430616,-22.8116179052274,2171.31202186828
-66.6014365833862,-22.6919959903206,2195.5
-66.5442980510809,-22.6298904597634,2207.91232549126
-66.4866821550467,-22.5671886753113,2220.34447117778
-66.4321231618989,-22.5077420655245,2232.04013039989
-66.3712592271042,-22.4413436265286,2245
-66.2540058271038,-22.3131844672378,2269.71064065429
-66.1347637846761,-22.1825233509227,2294.5
-66.0853927355593,-22.1283275895577,2304.66492071891
-66.0356761613119,-22.0736953628724,2314.84316635167
-66.0135944962032,-22.0494120202666,2319.34536379588
-65.8916797413686,-21.9151382964619,2344
-65.7508423201424,-21.7595958881797,2372.0612614952
-65.6417199796547,-21.6387654888365,2393.5
-65.6307110435286,-21.6265601518456,2395.64836841572
-65.6162113767642,-21.6104804752818,2398.47391666304
-65.6016828981366,-21.5943640000713,2401.3004964165
-65.5725391576174,-21.5620201584388,2406.95675270202
-65.5432791183392,-21.5295276256936,2412.61714179685
-65.5139020720918,-21.4968853930475,2418.28166823218
-65.4495228184102,-21.4252813446254,2430.63099049315
-65.3845778568326,-21.3529519284739,2443
-65.2526852331387,-21.2057659958403,2467.84827539613
-65.1865972969773,-21.1318657640246,2480.16420665138
-65.1199199696278,-21.0572057213883,2492.5
-64.9848824278183,-20.9056919400587,2517.20988262419
-64.8473892921648,-20.7509986145164,2542
-64.7690007431546,-20.6626127003062,2555.96968856544
-64.6897976641825,-20.5731678017492,2569.96536136428
-64.6878878671103,-20.5710093049518,2570.30136722411
-64.6859775937426,-20.568850187824,2570.63738807489
-64.6821556173909,-20.5645300915238,2571.3094747533
-64.6745059410999,-20.5558824433509,2572.65382804564
-64.6591836531009,-20.5385572654338,2575.34325459725
-64.6284470055388,-20.5037869069953,2580.72498936814
-64.5666027629494,-20.4337623356796,2591.5
-64.4949489343844,-20.3525234923439,2603.89554466347
-64.4226237124278,-20.2704070273538,2616.31173760945
-64.3227334288034,-20.1568019134288,2633.30425228385
-64.2771447492713,-20.1048801300133,2641
-64.2035598562986,-20.0209755329963,2653.34395023328
-64.1292760964742,-19.9361522709842,2665.70856565713
-64.0542831025023,-19.8503952973427,2678.09389820886
-63.9785702828704,-19.7636892254162,2690.5
-63.9482959170945,-19.7289837665049,2695.43330787115
-63.8797271735409,-19.6503044460598,2706.54938086619
-63.810559415971,-19.5708331817665,2717.68249439006
-63.6703939995479,-19.4094669340191,2740
-63.6388460528012,-19.3730880212682,2744.97932763395
-63.5677917629606,-19.2910737196243,2756.13924688407
-63.4961978905909,-19.2083255840352,2767.30765889383
-63.4240577188271,-19.1248335825752,2778.48457336147
-63.3513644055751,-19.0405874918858,2789.67
-63.2950270657704,-18.9752182793753,2798.28585062775
-63.1597118674632,-18.8179305737812,2818.79348811137
-63.0224545050831,-18.6579842619358,2839.33
-62.9478130534401,-18.5708355546265,2850.3872878975
-62.8163111867601,-18.4170104454466,2869.68099414036
-62.749884890826,-18.3391685733964,2879.33733150893
-62.6830015433202,-18.2606969449893,2889
-62.6822057453687,-18.2597626984219,2889.1000846569
-62.6814098369698,-18.2588283088481,2889.20017366278
-62.6798176887371,-18.2569591005517,2889.40036472264
-62.6766320658821,-18.2532189664562,2889.80079904268
-62.6702555094045,-18.2457318209835,2890.60187654757
-62.6574811116132,-18.2307299626078,2892.20486752515
-62.6318468410346,-18.2006155074925,2895.41419742546
-62.5802336900553,-18.1399398589245,2901.84628168333
-62.5281557757623,-18.0786611872245,2908.29632769777
-62.4756066833885,-18.0167705282007,2914.76441081194
-62.3751760113253,-17.8983260355257,2927.01472392131
-62.273000174381,-17.7776079379488,2939.33
-62.1651478223266,-17.6499484671952,2952.17095087527
-62.1104897093721,-17.5851606717668,2958.61750086836
-62.0553345659664,-17.5197213933307,2965.08152815299
-61.9497723937503,-17.3943021929845,2977.33921702579
-61.8423629026102,-17.2664543650305,2989.66
-61.7290507101064,-17.1313262248752,3002.49571543133
-61.6136635067915,-16.993456474249,3015.39890143113
-61.502580101782,-16.8604757752157,3027.66381416945
-61.3895341081879,-16.7248918235558,3039.99
-61.2703506025576,-16.5816709863731,3052.81908434385
-61.1489630393339,-16.4355122951912,3065.71352997519
-61.0319011147727,-16.2942870718473,3077.98700900047
-60.9127450528749,-16.1502599160653,3090.32
-60.7871367757911,-15.9981346817643,3103.14955388861
-60.6591746455453,-15.8428450366722,3116.04247592231
-60.5356432961917,-15.6926341107326,3128.32235675033
-60.4098679384763,-15.5393955039135,3140.66
-60.277368002286,-15.3776399461993,3153.48051912725
-60.1423448787822,-15.2124645717966,3166.3623986169
-60.0117619575045,-15.0523974404148,3178.6481624524
-59.8787613138832,-14.8890422557848,3190.99
-59.5957549531048,-14.5403681657982,3216.69183982688
-59.4574858788059,-14.369488602234,3228.97873402073
-59.3165981578282,-14.1950211712283,3241.32
-59.0241934842451,-13.8318051543553,3266.37483646147
-58.7201649827534,-13.4525762459671,3291.65
-58.6098736996518,-13.3146146862389,3300.62894076405
-58.5299739893301,-13.2145412722837,3307.07193322699
-58.4013514881698,-13.0532187273069,3317.33618064189
-58.1286180029096,-12.7102427025426,3338.6688674973
-58.0856114754195,-12.6560488976221,3341.98
-57.8989048791228,-12.4204286361376,3356.19208780315
-57.7077810969383,-12.1786585675689,3370.47067351015
-57.5594041868193,-11.9905674698438,3381.37088028597
-57.4082742546973,-11.7986361266843,3392.31
-57.40751784646,-11.7976746251918,3392.36434000005
-57.2673791319276,-11.6193884093803,3402.36247766525
-56.8042092292214,-11.0280521283724,3434.44472730291
-56.6824299356743,-10.87205505057,3442.64
-56.3161297878687,-10.4015680499476,3466.70910756626
-55.9881746967888,-9.9787695250292,3487.5369695979
-55.9008579226797,-9.86595916810939,3492.97
-55.8013683829077,-9.73730043527923,3499.1039710572
-55.2552485573367,-9.0288243716698,3531.7293278752
-55.0542813756675,-8.7671905727197,3543.3
-54.6742750429268,-8.27118181771185,3564.56143118921
-54.2730674568461,-7.74575305773866,3586.15679406558
-54.1302066655389,-7.55824636294822,3593.64
-54.055023472395,-7.45948298445376,3597.53542656682
-53.3891985096344,-6.58241181972768,3630.78033222899
-53.1120546306054,-6.21613237759273,3643.97
-52.6703852745431,-5.63107335170894,3664.23116754033
-52.119147540313,-4.89876853127949,3688.25154454241
-51.9751550350689,-4.70712676722699,3694.3
-51.888785475682,-4.59211101047083,3697.88393367011
-51.0286254889701,-3.44426010666556,3731.82301655774
-50.6817676891068,-2.98032111611707,3744.63
-50.0717954974983,-2.16328718630735,3765.97595971175
-49.1965022454788,-0.989005936733859,3794.08314579437
-49.1676624177775,-0.950289831970656,3794.96
-48.9883717192482,-0.709577439427641,3800.34253176438
-47.7249815671724,0.986913748907004,3835.00544199814
-47.3054063978172,1.55002121281327,3845.29
-46.1847949882728,3.051730718116,3869.90796215946
-46.0237854002303,3.26711826746551,3873.11357344114
-45.858396368048,3.48824126662069,3876.32157748084
-45.5131092880189,3.94944735767047,3882.74477455844
-44.751848183509,4.96385790847256,3895.62
-44.5905585373801,5.17829851340183,3898.12496232423
-44.2167819818431,5.67452026318405,3903.63740321895
-43.3290441793804,6.84852704991912,3915.12230326423
-42.1911126200808,8.34246898083563,3926.63688105051
-38.7947591446675,12.7058940459064,3940.93061658409
-35.2801928780704,17.0246282773356,3926.63688105051
-34.0475093375571,18.4826842490008,3915.12230326423
-33.0657067500421,19.6210081825103,3903.63740321895
-32.6469384117933,20.1001423773235,3898.12496232423
-32.4652373092724,20.3068265311363,3895.62
-31.5994446297337,21.2814721197379,3882.74477455844
-31.2022458190843,21.7229039273165,3876.32157748084
-31.0109879062145,21.9341663342622,3873.11357344114
-30.8241669721329,22.1397108485505,3869.90796215946
-29.5065945476305,23.5661656811414,3845.29
-29.005395707472,24.0980111389612,3835.00544199814
-27.4698620544338,25.6899487910854,3800.34253176438
-27.2487100080248,25.9145343694101,3794.96
-27.2130607775711,25.9506260721513,3794.08314579437
-26.1210558890334,27.0412197815514,3765.97595971175
-25.3484830371881,27.7952505802909,3744.63
-24.9048886462502,28.2216200469484,3731.82301655774
-23.7913740744942,29.2707658022724,3697.88393367011
-23.6785004986988,29.3754296748312,3694.3
-23.4898880868489,29.5496326492444,3688.25154454241
-22.7628186518012,30.2130792918311,3664.23116754033
-22.1745124314154,30.7405438485018,3643.97
-21.802734325001,31.0695714189664,3630.78033222899
-20.9012782820517,31.8536050695267,3597.53542656682
-20.7987529840342,31.9415462038316,3593.64
-20.6035261613052,32.108310560035,3586.15679406558
-20.0523710276977,32.5742321966142,3564.56143118921
-19.5264183400514,33.0121605487401,3543.3
-19.2467245769744,33.2423980496139,3531.7293278752
-18.4812818526517,33.8631599178578,3499.1039710572
-18.340989748595,33.9754599025519,3492.97
-18.2176477087745,34.0738162237322,3487.5369695979
-17.7525909373396,34.4415154047692,3466.70910756626
-17.2298147691197,34.8489385622769,3442.64
-17.0552335788485,34.9836119639818,3434.44472730291
-16.3876915804164,35.4922070463196,3402.36247766525
-16.1846124327714,35.6449448023392,3392.36434000005
-16.1835149094594,35.6457677541486,3392.31
-15.9639313430127,35.8098766820541,3381.37088028597
-15.7477694708832,35.9703801566458,3370.47067351015
-15.468489341742,36.1762164046879,3356.19208780315
-15.1947495743659,36.3762990357176,3341.98
-15.1315677758036,36.4222460396506,3338.6688674973
-14.7297778100575,36.7123906871869,3317.33618064189
-14.5396267605405,36.8484775031417,3307.07193322699
-14.4212917454929,36.932771001104,3300.62894076405
-14.2576764230922,37.048819769626,3291.65
-13.8050439223893,37.3668574675095,3266.37483646147
-13.3674953768115,37.6701290500709,3241.32
-13.1558998102229,37.8153299376278,3228.97873402073
-12.9477495944308,37.9572435733529,3216.69183982688
-12.5202119918222,38.2458771924222,3190.99
-12.3185947159778,38.3806653900918,3178.6481624524
-12.1202130366708,38.5124662249202,3166.3623986169
-11.9146397547515,38.6481860086314,3153.48051912725
-11.7124686149354,38.7808105360262,3140.66
-11.5201566207604,38.9061892276037,3128.32235675033
-11.3308965074973,39.0288404431511,3116.04247592231
-11.1344531412521,39.1553758728863,3103.14955388861
-10.9412338294906,39.2790716516282,3090.32
-10.7575843607396,39.3959424961676,3077.98700900047
-10.5768267152735,39.5103109428943,3065.71352997519
-10.3890395613897,39.6284341822131,3052.81908434385
-10.2043164684863,39.7439438716123,3039.99
-10.0287906550888,39.8530743474243,3027.66381416945
-9.85601425012012,39.9599000446998,3015.39890143113
-9.67623233349001,40.0704325098986,3002.49571543133
-9.49937573009538,40.1785472643803,2989.66
-9.3314515983474,40.2806353189157,2977.33921702579
-9.16615068499662,40.3805920085777,2965.08152815299
-9.07967856412512,40.4326698668063,2958.61750086836
-8.99391538349537,40.4841776766687,2952.17095087527
-8.8244812266443,40.5855189765658,2939.33
-8.66371494032928,40.6811645726815,2927.01472392131
-8.50545860121201,40.7748324102282,2914.76441081194
-8.42256004866283,40.8237066563727,2908.29632769777
-8.34034200302015,40.8720501338475,2901.84628168333
-8.2587961521498,40.9198711531094,2895.41419742546
-8.21827272491549,40.9435883001286,2892.20486752515
-8.1980729460068,40.9553989712507,2890.60187654757
-8.18798848569979,40.9612923854594,2889.80079904268
-8.18295010604481,40.9642361189728,2889.40036472264
-8.18043187799518,40.9657072431731,2889.20017366278
-8.17917300430902,40.9664426197392,2889.1000846569
-8.1779142908086,40.9671778726558,2889
-8.07207311708545,41.0288954305407,2879.33733150893
-7.96685408392432,41.0900399518634,2869.68099414036
-7.75825941886092,41.2106399870906,2850.3872878975
-7.63968512682804,41.2788293949523,2839.33
-7.42131215768597,41.4037215605702,2818.79348811137
-7.20561535416643,41.5262099026586,2798.28585062775
-7.11569129096078,41.5770200346203,2789.67
-6.99955601731065,41.642418810837,2778.48457336147
-6.88418866377984,41.7071384802717,2767.30765889383
-6.76958131804841,41.7711890204557,2756.13924688407
-6.6557261910787,41.834580214809,2744.97932763395
-6.6051392470473,41.8626692889601,2740
-6.38012178056393,41.987046496371,2717.68249439006
-6.26892426885526,42.0481697048465,2706.54938086619
-6.1585874392069,42.1085978884351,2695.43330787115
-6.10983936611905,42.135225491162,2690.5
-5.98783943598454,42.2016770587046,2678.09389820886
-5.86687806490787,42.2672978766193,2665.70856565713
-5.74694209774643,42.3321025812074,2653.34395023328
-5.6280186190384,42.3961054701935,2641
-5.55428328212049,42.4356616770382,2633.30425228385
-5.39256669599268,42.5220768142402,2616.31173760945
-5.27534524269079,42.5844245905573,2603.89554466347
-5.15910386305642,42.6460104269587,2591.5
-5.05869005598944,42.6990182460429,2580.72498936814
-5.00875469633199,42.7253125481088,2575.34325459725
-4.98385448128217,42.7384077513139,2572.65382804564
-4.97142118767754,42.7449424221957,2571.3094747533
-4.96520873784419,42.7482065319538,2570.63738807489
-4.96210356135735,42.7498377812849,2570.30136722411
-4.95899908351518,42.7514684939156,2569.96536136428
-4.83018377375353,42.8189828773371,2555.96968856544
-4.7025658488465,42.8855825491469,2542
-4.47842043183482,43.0018676322057,2517.20988262419
-4.25790375945486,43.1154169861014,2492.5
-4.14888363106739,43.1712428749681,2480.16420665138
-4.04073904936905,43.2264176980165,2467.84827539613
-3.82465260928777,43.3360612352941,2443
-3.71812302343602,43.3898203586331,2430.63099049315
-3.61243918587211,43.4429610854262,2418.28166823218
-3.564187258853,43.4671601533869,2412.61714179685
-3.51611068816138,43.4912318606036,2406.95675270202
-3.46820854465997,43.5151771470575,2401.3004964165
-3.44432259339777,43.5271026743832,2398.47391666304
-3.42047990362144,43.5389969449173,2395.64836841572
-3.40237449800431,43.5480226461928,2393.5
-3.22278340605396,43.637249739721,2372.0612614952
-2.99065630409656,43.7517721396237,2344
-2.78941072189022,43.8503265408214,2319.34536379588
-2.75293012619566,43.8681193538145,2314.84316635167
-2.6707607793775,43.908114769241,2304.66492071891
-2.58911635643071,43.9477432805243,2294.5
-2.3917383483889,44.043089091212,2269.71064065429
-2.19739386348013,44.136339678084,2245
-2.09641329114989,44.1845465408708,2232.04013039989
-2.00583554293169,44.2276446917842,2220.34447117778
-1.91012370784097,44.2730395825502,2207.91232549126
-1.81514521016445,44.3179385624768,2195.5
-1.63170872032904,44.4042377474083,2171.31202186828
-1.45098068523367,44.4887281671352,2147.19913328747
-1.44204819468237,44.492890391244,2146
-1.27290395476173,44.5714624194031,2123.16098513565
-1.07779835319532,44.6615221297342,2096.5
-0.899923543977337,44.7430964954184,2071.89234040359
-0.817343411814306,44.7807964579584,2060.36870830591
-0.722108590772422,44.8241387862235,2047
-0.547107347874473,44.9034081669155,2022.2100063482
-0.460584855650168,44.9424206755808,2009.84502897631
-0.374705278939587,44.9810264221665,1997.5
-0.332131387475499,45.0001217180623,1991.35328510815
-0.289715476261335,45.0191177885989,1985.21157586195
-0.247456711280208,45.0380153518738,1979.07486614926
-0.205354264434291,45.0568151192809,1972.94314986794
-0.200654142392054,45.0589121119439,1972.25753325194
-0.195955965052661,45.0610078906099,1971.5719790383
-0.115358965630492,45.0969069847028,1959.77676083581
-0.0353324613125068,45.1324513514336,1948
0.0484908048819221,45.1695747797841,1935.59437804998
0.13169199580517,45.20631435656,1923.2092043829
0.214277653727294,45.2426755949169,1910.84442848281
0.296254228950772,45.2786639061854,1898.5
0.377299253977313,45.3141408670626,1886.22570701501
0.457748937903276,45.3492567304457,1873.9718514899
0.539321797816328,45.3847608286556,1861.47531612652
0.579879724359046,45.4023752482504,1855.23500903794
0.620286382577333,45.4198987918073,1849
0.622348363257203,45.4207923572306,1848.68134029567
0.624409950043344,45.4216856865961,1848.36269448377
0.701771303507883,45.455160794504,1836.37139519048
0.77857969360609,45.4883057575306,1824.39975341869
0.936982939311207,45.556375980062,1799.5
1.01339874767129,45.5890769430699,1787.3853461322
1.08926227922642,45.621453582507,1775.29117016255
1.16820559909183,45.6550516948475,1762.63439076853
1.24655452876762,45.6883033285515,1750
1.25610427579731,45.6923499230577,1748.45502649824
1.39747767389979,45.7520938841378,1725.4548124004
1.54919749192494,45.8158747024382,1700.5
1.62087057013662,45.8458845800554,1688.61198033775
1.69203492164281,45.8756051647526,1676.74440637374
1.76886288590944,45.9076058823648,1663.8601754062
1.84510148875661,45.9392738508826,1651
1.87123914282793,45.9501109205352,1646.57372505332
1.98920077902207,45.9988929077324,1626.48639000535
2.13444560053777,46.0586733151614,1601.5
2.19887302309783,46.0850904004954,1590.32581136295
2.26286912441189,46.1112698080061,1579.170417641
2.3404511623817,46.1429257709416,1565.57126913744
2.41740307832264,46.1742369165407,1552
2.46912721776734,46.1952340653873,1542.83118695309
2.55488813973062,46.2299616013063,1527.54507831142
2.694135439194,46.2861178073051,1502.5
2.74924400032941,46.3082638286329,1492.51001140198
2.80401969179826,46.330232124435,1482.53582354711
2.88476777179025,46.3625370869057,1467.75058586692
2.96479676266132,46.3944606990119,1453
3.04834702338772,46.427689653165,1437.49595584382
3.09641501946953,46.4467609928562,1428.52728207025
3.16322957626222,46.4732145879299,1416.00091043435
3.22953770659622,46.4994038475727,1403.5
3.28924465970421,46.522931564834,1392.1836683677
3.3485388473736,46.5462457626398,1380.88870621486
3.40742423005881,46.5693491230734,1369.61505306817
3.4659047188093,46.5922442851144,1358.36264868231
3.48849950192424,46.6010770081804,1354
3.58096509560627,46.6371472468428,1336.05757999491
3.62147175715793,46.6529100617825,1328.15206802809
3.66178128868184,46.6685728666724,1320.25731532995
3.70189502017485,46.6841365403748,1312.37329995064
3.74181426998373,46.6996019518641,1304.5
3.80354385636268,46.7234723271937,1292.27046329956
3.83423317425755,46.7353194581374,1286.16558487831
3.8648063222392,46.7471084159767,1280.0672855322
3.86783749403828,46.7482765066282,1279.46176837359
3.87086752576357,46.7494440273627,1278.85631604003
3.88580703006382,46.7551985540948,1275.86876266185
3.9007188435212,46.7609392510869,1272.88278717215
3.93045968032466,46.7723793392977,1266.91556486065
3.96009060426159,46.7837646590863,1260.95463912357
3.98961217777685,46.7950955737016,1255
4.00017861502249,46.7991481603034,1252.86486936871
4.03196769088134,46.8113308063601,1246.42905929664
4.04781415083072,46.8173983576143,1243.21398312205
4.06362867727204,46.8234501369274,1240.00079064521
4.07941135926079,46.8294862011309,1236.78948021112
4.09516228553072,46.8355066067939,1233.58005016674
4.10302586806039,46.8385109553355,1231.97603977464
4.11088154479019,46.8415114103371,1230.37249886094
4.1187293267219,46.8445079787967,1228.76942721957
4.12265026058952,46.8460048077626,1227.96806731163
4.12656922487434,46.84750066771,1227.16682464455
4.17947209614293,46.8676723429622,1216.32268603573
4.23201705652484,46.8876684452268,1205.5
4.29199762680734,46.9104466157055,1193.08182241803
4.35150942317961,46.9329967131792,1180.69249676883
4.4105574966097,46.9553218930829,1168.33192261882
4.46914682783661,46.9774252550783,1156
4.58384003951979,47.0205550859428,1131.66158906888
4.64271258924059,47.0426223703773,1119.06540313811
4.70111385134419,47.0644651955221,1106.5
4.757479067427,47.0855014223999,1094.30565081738
4.81340260334038,47.106329095909,1082.1409665081
4.87094648529735,47.1277148465694,1069.5546440837
4.92802554072375,47.1488824268909,1057
4.98309165621853,47.1692607003784,1044.82116506304
5.03772190183487,47.1894361781749,1032.67290433428
5.09408444938323,47.2102081531085,1020.07004160769
5.14998586052373,47.2307668406788,1007.5
5.20383824084767,47.2505311988532,995.323620858176
5.25725951724938,47.2700978646907,983.178802118096
5.31240508336684,47.2902549023294,970.572443581608
5.36709407163154,47.3102037812036,958
5.39345073401394,47.3198032296236,951.91554374812
5.41970026494552,47.329354190256,945.839249902263
5.47188029879574,47.3483119924411,933.711083816563
5.49894193293984,47.3581292164018,927.395103104456
5.52588947621595,47.367895095922,921.087941193903
5.57944490289421,47.3872742951542,908.5
5.60519044784897,47.3965764594409,902.423247724747
5.63082992722609,47.4058313115781,896.354941210249
5.68179306014018,47.4242003993496,884.243595131338
5.70829619883777,47.433739171327,877.918955197763
5.73468577283685,47.4432275692612,871.60348931928
5.78712686591744,47.462054701788,859
5.81235426421216,47.4710983980757,852.91138122816
5.83747627552415,47.4800957258791,846.831503704974
5.88740652277879,47.4979525793159,834.697897215213
5.91327926483588,47.5071923070708,828.384305116467
5.93903999020738,47.5163830209499,822.080138932514
5.99022801776773,47.534618832028,809.5
6.03929647281564,47.5520662773242,797.373209296456
6.06367522934747,47.5607226227507,791.323321138095
6.08795112976246,47.5693344733582,785.282411049003
6.13861470255024,47.5872817147132,772.621532191134
6.16377896883813,47.5961831320141,766.3058592348
6.17631951500779,47.6006159453786,763.151704332378
6.18883244695407,47.6050368871268,760
6.23769445667963,47.6222801365972,747.624980525305
6.27496292464437,47.6354104797253,738.10585056905
6.31166360568783,47.6483225465994,728.662576868828
6.34780806836056,47.6610212537647,719.29425629553
6.38340758542918,47.6735113775725,710
6.40665828825364,47.6816597397677,703.893262828064
6.42967868579743,47.6897202570672,697.818265601651
6.43007038054526,47.6898573463221,697.714649662011
6.4750406232528,47.7055828346366,685.762506287605
6.47580860988785,47.7058511542945,685.557420936635
6.49776850167247,47.7135201789537,679.679239165515
6.51951746106789,47.7211091876863,673.830777988988
6.5323868153186,47.725596801136,670.357470241551
6.54518270411401,47.7300566040423,666.894602614602
6.55790568974706,47.7344888305445,663.442128107172
6.56424001945764,47.7366946755957,661.719773662561
6.57055633178143,47.7388937132134,660
6.6135490088174,47.753847567647,647.44308825296
6.61589532941326,47.7546629634331,646.754516626808
6.65575281020891,47.768503070485,635.004994961893
6.66035729538685,47.7701005680162,633.641205778202
6.69718705276692,47.7828682673991,622.6840416075
6.70396486192486,47.7852159507878,620.658098913648
6.73787046128332,47.7969509300727,610.478581138349
6.73945836400873,47.7975001403668,610
6.74673993103168,47.8000181977326,607.803266391352
6.77782119088053,47.8107585676633,598.386997236882
6.77977026382236,47.8114316574065,597.794365946859
6.81935373257538,47.8250904387115,585.703166460287
6.85822639098502,47.838483717888,573.724799718285
6.90235197812119,47.853662586039,560
6.92407433736406,47.8611254428964,553.192741540924
6.94120640517222,47.867006871036,547.800018114301
6.950808243913,47.8703014784244,544.768301784382
6.96036592486706,47.8735797234214,541.743844590016
6.96987972012887,47.8768417163124,538.726620490491
6.9793498996861,47.8800875664398,535.716603569497
6.98323195949982,47.8814177778048,534.480806121155
6.9851702459688,47.8820818688891,533.863362308618
6.98613870434993,47.8824136611889,533.554754032585
6.98710670654326,47.8827452848148,533.246221472873
6.99144301474946,47.8842306896646,531.863248856533
6.99577017660101,47.8857127137726,530.481796516729
6.99793033579283,47.886452461337,529.791639667362
7.00008821808923,47.8871913676319,529.101861948018
7.00224382670933,47.887929433957,528.412463046378
7.00332077940286,47.8882981525391,528.067905554689
7.00385904302009,47.8884824332556,527.895662281578
7.0043971648838,47.8886666616158,527.723442650462
7.01460311688182,47.8921599895491,524.453026404614
7.01679979194014,47.892911695057,523.748093657487
7.04173315263975,47.9014394632989,515.721110339925
7.05941465540025,47.9074819613839,510
7.08636953480706,47.916685619131,501.231837635871
7.11823198112553,47.9275525972306,490.793867695779
7.1495867968893,47.9382333870741,480.443297181012
7.18044477189214,47.9487322957054,470.179032946135
7.21081640900195,47.9590535044091,460
7.22532541170951,47.9639798255594,455.110153799645
7.23972431489868,47.9688660290677,450.239855181777
7.25401423610565,47.9737125572419,445.388987165494
7.26819627863793,47.9785198462161,440.55743370145
7.28227153179267,47.9832883260559,435.745079662605
7.29624107107082,47.98801842086,430.951810835079
7.31010595838785,47.992710548861,426.177513909115
7.32386724228016,47.9973651225236,421.42207647015
7.33213663183629,48.0001609406438,418.556340878194
7.34036876309395,48.0029432716445,415.697432495386
7.34856386077809,48.0057122036724,412.845326953464
7.35264759232233,48.007091672597,411.421817664446
7.35672214897289,48.0084678245022,410
7.38597538122171,48.0183415058027,399.307878836069
7.41479591793355,48.0280581850798,388.697138499809
7.44319230155781,48.03762123445,378.166853394176
7.4711728635011,48.0470339345858,367.716111905669
7.49170380118088,48.0539340630672,360
7.49874575878189,48.0562994872491,357.344016141245
7.51758771981078,48.0626253997942,350.213610508655
7.52591888949119,48.0654209904147,347.049681671167
7.54311671670703,48.0711889942019,340.49665633665
7.56829725925336,48.0796273722422,330.84840112145
7.59313572180145,48.0879430150193,321.268118876023
7.62214134722555,48.097643602847,310
7.64714085753702,48.1059956022965,300.217481876511
7.67179342740513,48.114223728502,290.505624974055
7.6961054816304,48.122330461074,280.863666446062
7.72008329617006,48.1303182169842,271.290854387338
7.74816080905606,48.1396622153634,260
7.7723004396596,48.147687530699,250.221496159884
7.79610088310189,48.1555926785246,240.514923480173
7.81956849690486,48.1633800857318,230.879491175603
7.84270948956704,48.1710521173875,221.314420010072
7.85635316870683,48.1755722128759,215.644922069009
7.86988416920578,48.1800525971312,210
7.88282263316377,48.1843345635035,204.581591531031
7.8957307203305,48.1886043174175,199.16578174378
7.92145616302145,48.1971073829939,188.341950740003
7.93529655590241,48.2016785254961,182.501932901358
7.94910199758628,48.2062356572515,176.664936727765
7.97660852067831,48.2153081290396,165
7.98258191515805,48.2172770409145,162.460614540196
8.00593976589072,48.224971681969,152.509498489537
8.02919747683944,48.2326263373224,142.567164179106
8.04302831825008,48.237175080793,136.638571687629
8.06239627179033,48.2435407460746,128.316210957766
8.08169489733071,48.2498788154728,120
8.09979413815088,48.2558186209894,112.178010498598
8.12608383753808,48.2644388546286,100.775120697231
8.13947413290254,48.2688260314655,94.9483509011809
8.15282290400823,48.2731973067075,89.126912393105
8.16613032825398,48.277552760494,83.3107978594423
8.17939658206663,48.2818924724456,77.5
8.19145457889816,48.28583497133,72.2074135776759
8.20347863940412,48.2897645133846,66.9192339716901
8.2154688951596,48.2936811578193,61.6354556803995
8.22742547708543,48.2975849634966,56.3560732113143
8.23950832866711,48.3015281307995,51.0103056534594
8.25155686505634,48.3054582330116,45.6690413893526
8.26357122048553,48.3093753303205,40.3322747310044
8.26956562230951,48.3113290209146,37.6655762291114
8.27255963650624,48.3123046549493,36.332647874741
8.27405584783087,48.3127921695564,35.6662888829499
8.2755515289831,48.3132794827108,35
8.27906361093864,48.3144236537122,33.125
8.28257374841256,48.3155670331396,31.25
8.28958819635369,48.3178514204697,27.5
8.29659488566514,48.3201326510852,23.75
8.3000953248453,48.3212720846154,21.875
8.30184481876732,48.3218415062837,20.9375
8.3027193843988,48.3221261433871,20.46875
8.30359382917726,48.3224107313532,20
8.30804701305985,48.3238598675221,17.3283812080545
8.31249667123839,48.3253076024511,14.6567624161089
8.31859376017994,48.3272909311555,10.9925718120812
8.32024422718176,48.3278277314193,10
8.32468423560172,48.3292716328704,7.32838120805445
8.33076810823506,48.3312497126989,3.66419060402677
8.3338075718532,48.3322377709969,1.83209530201384
8.33532668607255,48.3327315550198,0.916047651006011
8.33608608885783,48.3329783857844,0.458023825503005
8.33684538878796,48.333225175731,0
