-22.1,-58.22,19
-22.0992201625905,-58.2189257421003,20
-22.0988112905438,-58.2183624762659,20.46875
-22.0984023704966,-58.2177991251208,20.9375
-22.0975843863669,-58.2166721668212,21.875
-22.0959478417265,-58.2144172256417,23.75
-22.0926724450039,-58.2099032406135,27.5
-22.0893939680344,-58.2053837770656,31.25
-22.0877535730836,-58.2031219877306,33.125
-22.0861124064216,-58.2008588250234,35
-22.0854139909811,-58.19989561887,35.6662888829499
-22.0847153530165,-58.1989320497527,36.332647874741
-22.0833174091329,-58.1970038218675,37.6655762291114
-22.0805188468595,-58.1931430021648,40.3322747310044
-22.0749110027329,-58.1854038642819,45.6690413893526
-22.0692888242135,-58.1776413127582,51.0103056534594
-22.0636522614714,-58.1698552487406,56.3560732113143
-22.0580762066341,-58.1621491669726,61.6354556803995
-22.0524860490561,-58.1544199986394,66.9192339716901
-22.0468817402257,-58.1466676472046,72.2074135776759
-22.041263231418,-58.1388920156085,77.5
-22.0350835968254,-58.1303356157839,83.3107978594423
-22.0288867515029,-58.1217509557792,89.126912393105
-22.0226726302413,-58.1131379052747,94.9483509011809
-22.0164411675165,-58.1044963331715,100.775120697231
-22.0042124783531,-58.087524951602,112.178010498598
-21.9957980463149,-58.0758370580569,120
-21.9868300050276,-58.0633711427447,128.316210957766
-21.9778338784237,-58.0508568048676,136.638571687629
-21.9714121888114,-58.0419179631369,142.567164179106
-21.9606183327394,-58.0268823596998,152.509498489537
-21.9497839908541,-58.0117767172347,162.460614540196
-21.9470142450421,-58.0079128388613,165
-21.9342650655611,-57.9901158111469,176.664936727765
-21.927869418863,-57.9811807556447,182.501932901358
-21.9214596770874,-57.9722212129295,188.341950740003
-21.9095513215422,-57.9555629466078,199.16578174378
-21.9035788715321,-57.9472020024544,204.581591531031
-21.8975941939859,-57.9388197488503,210
-21.8913374516968,-57.9300519466018,215.644922069009
-21.8850306899827,-57.9212094026916,221.314420010072
-21.8743385941019,-57.9062076278764,230.879491175603
-21.8635017202135,-57.8909890093607,240.514923480173
-21.8525174543525,-57.875549301693,250.221496159884
-21.8413831235203,-57.8598841538884,260
-21.8284406493298,-57.8416567101736,271.290854387338
-21.817394918278,-57.8260848856519,280.863666446062
-21.8062017586994,-57.8102905054025,290.505624974055
-21.7948585473255,-57.7942692590318,300.217481876511
-21.7833626025088,-57.7780167301026,310
-21.7700331568631,-57.7591524307711,321.268118876023
-21.758626134866,-57.7429920466985,330.84840112145
-21.7470689887828,-57.7266031908789,340.49665633665
-21.7391797117984,-57.7154064967162,347.049681671167
-21.7353590729395,-57.709981466607,350.213610508655
-21.726721057938,-57.6977096918435,357.344016141245
-21.7234937093395,-57.6931224066069,360
-21.7140874464793,-57.6797454445475,367.716111905669
-21.7012756135367,-57.6615082882007,378.166853394176
-21.6882821938242,-57.6429925780877,388.697138499809
-21.6751037561165,-57.6241925403643,399.307878836069
-21.6617367880778,-57.6051022489458,410
-21.6598761895288,-57.6024432969407,411.421817664446
-21.6580115853022,-57.5997782028286,412.845326953464
-21.6542703144568,-57.5944295123044,415.697432495386
-21.6505128829636,-57.5890560225846,418.556340878194
-21.6467391980678,-57.583657578348,421.42207647015
-21.6404609922645,-57.5746724918966,426.177513909115
-21.6341376304491,-57.5656179788709,430.951810835079
-21.6277686806746,-57.5564933137287,435.745079662605
-21.6213537058369,-57.5472977613148,440.55743370145
-21.6148922636008,-57.5380305767052,445.388987165494
-21.6083839063257,-57.5286910050498,450.239855181777
-21.6018281809881,-57.5192782814111,455.110153799645
-21.595224629105,-57.5097916306003,460
-21.5814089112214,-57.4899269098008,470.179032946135
-21.5673823064015,-57.4697352873965,480.443297181012
-21.5531405225928,-57.4492094608213,490.793867695779
-21.538679158423,-57.4283419198963,501.231837635871
-21.5264538241159,-57.4106810654894,510
-21.518438707532,-57.3990924447404,515.721110339925
-21.5071420623045,-57.3827459205697,523.748093657487
-21.5061471307714,-57.3813054829008,524.453026404614
-21.5015252756087,-57.3746124863197,527.723442650462
-21.5012816137691,-57.3742595624684,527.895662281578
-21.5010378908875,-57.3739065429378,528.067905554689
-21.5005502619183,-57.3732002166998,528.412463046378
-21.4995742705901,-57.3717864145395,529.101861948018
-21.4985973003155,-57.3703710775805,529.791639667362
-21.4976193497915,-57.3689542035716,530.481796516729
-21.4956605028283,-57.3661158354591,531.863248856533
-21.4940905049358,-57.363840570375,532.969566080225
-21.4936977191778,-57.3632712920287,533.246221472873
-21.493259591154,-57.3626362752429,533.554754032585
-21.492821266823,-57.3620009504155,533.863362308618
-21.4919440287775,-57.3607293758359,534.480806121155
-21.4901871918996,-57.3581825213431,535.716603569497
-21.4859021213162,-57.3519689469035,538.726620490491
-21.481598293956,-57.3457259095979,541.743844590016
-21.4772756007509,-57.339453220399,544.768301784382
-21.4729339318421,-57.3331506887413,547.800018114301
-21.46518979244,-57.3219032590742,553.192741540924
-21.4553752840186,-57.3076382862032,560
-21.4354543228487,-57.2786475901031,573.724799718285
-21.4179222368802,-57.2530929488793,585.703166460287
-21.4000862665991,-57.227056438695,597.794365946859
-21.3992084658763,-57.2257740317589,598.386997236882
-21.3852159576499,-57.2053190600324,607.803266391352
-21.3819393580878,-57.2005256546194,610
-21.3812249003392,-57.1994802829386,610.478581138349
-21.3659759255648,-57.1771533823783,620.658098913648
-21.3629290947962,-57.1726888845014,622.6840416075
-21.3463815826562,-57.148421803716,633.641205778202
-21.3443138182776,-57.1453870154923,635.004994961893
-21.32642422313,-57.1191088380819,646.754516626808
-21.3253716303221,-57.1175614337766,647.44308825296
-21.306094873404,-57.0891984587089,660
-21.3032661671424,-57.0850325211468,661.719773662561
-21.3004298218713,-57.0808543294604,663.442128107172
-21.294734105799,-57.0724609900383,666.894602614602
-21.2890075033619,-57.064018045321,670.357470241551
-21.2832497919432,-57.0555250979439,673.830777988988
-21.2735234013164,-57.0411686951681,679.679239165515
-21.2637078124296,-57.0266686109705,685.557420936635
-21.2633646325696,-57.026161429663,685.762506287605
-21.2432803645054,-56.9964533752613,697.714649662011
-21.2431055235616,-56.9961945331421,697.818265601651
-21.2328327711328,-56.9809795533837,703.893262828064
-21.2224629743637,-56.9656073656942,710
-21.2065967560346,-56.9420610429237,719.29425629553
-21.1905014319238,-56.9181422384797,728.662576868828
-21.1741725916927,-56.8938429299703,738.10585056905
-21.1576057186329,-56.8691548743885,747.624980525305
-21.1359074173985,-56.8367672300534,760
-21.1303547796452,-56.828469548582,763.151704332378
-21.1247914794623,-56.820151997299,766.3058592348
-21.1136327829623,-56.8034570222137,772.621532191134
-21.0911862352224,-56.7698257195302,785.282411049003
-21.0804399504044,-56.7537019427667,791.323321138095
-21.0696541077405,-56.7375039512185,797.373209296456
-21.0479629734328,-56.7048834306117,809.5
-21.0253606055595,-56.6708282454708,822.080138932514
-21.0139957283936,-56.6536798451156,828.384305116467
-21.0025881059258,-56.6364502029156,834.697897215213
-20.9805920959084,-56.6031808268947,846.831503704974
-20.9695343626006,-56.5864321654142,852.91138122816
-20.9584365544822,-56.5696068806076,859
-20.9353873456184,-56.534611131773,871.60348931928
-20.9237987475262,-56.5169900142407,877.918955197763
-20.9121672062591,-56.4992860211711,884.243595131338
-20.8898202812558,-56.4652229893262,896.354941210249
-20.8785872466819,-56.4480760388566,902.423247724747
-20.8673142463725,-56.4308514887341,908.5
-20.8438851835939,-56.3949998546978,921.087941193903
-20.8321069767953,-56.3769493895814,927.395103104456
-20.8202860457408,-56.3588151120033,933.711083816563
-20.7975131877073,-56.3238278120726,945.839249902263
-20.7860671670371,-56.306216777831,951.91554374812
-20.7745811716108,-56.2885268385564,958
-20.7507697030135,-56.2517984408768,970.572443581608
-20.726788748122,-56.2147326185019,983.178802118096
-20.7035856143573,-56.1787962419139,995.323620858176
-20.6802230327209,-56.1425404109412,1007.5
-20.6560009638383,-56.1048737481756,1020.07004160769
-20.6316093513791,-56.0668639999937,1032.67290433428
-20.6079963375055,-56.0299914172639,1044.82116506304
-20.5842236586249,-55.9927936553236,1057
-20.5596123259435,-55.9542032337022,1069.5546440837
-20.5348317526577,-55.915264591765,1082.1409665081
-20.5107788752821,-55.8773896853736,1094.30565081738
-20.4865657814429,-55.8391829663034,1106.5
-20.4615094628015,-55.7995614621573,1119.06540313811
-20.43628319887,-55.7595844462485,1131.66158906888
-20.3872310093952,-55.6815994270428,1156
-20.3622204785945,-55.641709108839,1168.33192261882
-20.3370461801001,-55.6014702283867,1180.69249676883
-20.3117066479582,-55.5608784832107,1193.08182241803
-20.2862003989842,-55.5199295010997,1205.5
-20.2638831266721,-55.484025855131,1216.32268603573
-20.2414392801676,-55.4478483675263,1227.16682464455
-20.23977768781,-55.4451672242176,1227.96806731163
-20.2381154001605,-55.4424845718283,1228.76942721957
-20.2347887374091,-55.4371147350396,1230.37249886094
-20.2314592887105,-55.4317388475368,1231.97603977464
-20.2281270508724,-55.4263568997015,1233.58005016674
-20.221454195108,-55.4155747846587,1236.78948021112
-20.2147701443577,-55.4047683123625,1240.00079064521
-20.208074872909,-55.3939374051403,1243.21398312205
-20.2013683549716,-55.3830819849943,1246.42905929664
-20.1879214770798,-55.3612972939298,1252.86486936871
-20.1834538647138,-55.3540538752796,1255
-20.1709771431943,-55.3338102384445,1260.95463912357
-20.1584621093026,-55.3134823594921,1266.91556486065
-20.1459086015228,-55.2930697424931,1272.88278717215
-20.1396173688149,-55.2828315005658,1275.86876266185
-20.1333164566569,-55.2725718864112,1278.85631604003
-20.1320387494752,-55.2704907422376,1279.46176837359
-20.1307606439983,-55.2684087177425,1280.0672855322
-20.117873964128,-55.2474034627735,1286.16558487831
-20.1049467415681,-55.2263084304583,1292.27046329956
-20.0789699730119,-55.1838468680956,1304.5
-20.062189432882,-55.156366298742,1312.37329995064
-20.0453414239312,-55.1287347697824,1320.25731532995
-20.0284255724446,-55.1009511054491,1328.15206802809
-20.0114415019521,-55.0730141179212,1336.05757999491
-19.9727258564388,-55.0091760031038,1354
-19.9632768037612,-54.9935626986578,1358.36264868231
-19.9388413122984,-54.9531264852181,1369.61505306817
-19.9142669280144,-54.9123732475533,1380.88870621486
-19.8895525583988,-54.8712994511455,1392.1836683677
-19.8646970994189,-54.8299015094771,1403.5
-19.8371299151599,-54.7838815999275,1416.00091043435
-19.8093906805727,-54.737462193438,1428.52728207025
-19.7894582359609,-54.7040370979298,1437.49595584382
-19.7548595864369,-54.6458790964515,1453
-19.7217752083984,-54.5901011457658,1467.75058586692
-19.6884489499805,-54.5337513907557,1482.53582354711
-19.6658735488286,-54.4954859182283,1492.51001140198
-19.6431866226047,-54.4569548535939,1502.5
-19.5859759189356,-54.3594471866246,1527.54507831142
-19.5508215069181,-54.2992874116244,1542.83118695309
-19.5296489041225,-54.2629647410021,1552
-19.4981908825026,-54.2088716045664,1565.57126913744
-19.4665250260694,-54.1542693431368,1579.170417641
-19.4404418697209,-54.1091787591962,1590.32581136295
-19.414217018384,-54.0637384339444,1601.5
-19.3552207855663,-53.9611288699028,1626.48639000535
-19.3074332368407,-53.8776208245128,1646.57372505332
-19.2968598804311,-53.8590962830375,1651
-19.26605096624,-53.8050200194513,1663.8601754062
-19.2350513085796,-53.7504598138483,1676.74440637374
-19.2063792028919,-53.699862547927,1688.61198033775
-19.1775431165055,-53.648845990755,1700.5
-19.1166369949216,-53.5406613663236,1725.4548124004
-19.0600483785905,-53.4396198521354,1748.45502649824
-19.0562315062638,-53.4327863404698,1750
-19.0249437900035,-53.3766830527257,1762.63439076853
-18.9934673055867,-53.3200834494772,1775.29117016255
-18.9632645879277,-53.2656249567061,1787.3853461322
-18.9328871928584,-53.210703508383,1799.5
-18.8700612329239,-53.0966430000821,1824.39975341869
-18.8396668975367,-53.0412322081205,1836.37139519048
-18.809099353533,-52.9853537820526,1848.36269448377
-18.8082853898859,-52.9838637447688,1848.68134029567
-18.8074713031086,-52.9823733737072,1849
-18.7915249566063,-52.9531580900785,1855.23500903794
-18.7755313942683,-52.9238144560231,1861.47531612652
-18.7434018217896,-52.8647388865556,1873.9718514899
-18.7117638924719,-52.8064011651382,1886.22570701501
-18.6799410960367,-52.7475557080308,1898.5
-18.6478026118852,-52.6879560717962,1910.84442848281
-18.6154760704737,-52.6278343256156,1923.2092043829
-18.5829598726545,-52.5671838392468,1935.59437804998
-18.5502523995803,-52.5059978696301,1948
-18.5190747639429,-52.4475063421873,1959.77676083581
-18.4877224227552,-52.3885216972741,1971.5719790383
-18.4858962935543,-52.385080991778,1972.25753325194
-18.4840695700629,-52.3816386017307,1972.94314986794
-18.467713467885,-52.3507909657726,1979.07486614926
-18.4513096505166,-52.3198077628917,1985.21157586195
-18.4348579146942,-52.2886881295515,1991.35328510815
-18.4183580558913,-52.2574311948493,1997.5
-18.3851147080971,-52.1943147276598,2009.84502897631
-18.3516763653113,-52.1306372578125,2022.2100063482
-18.2842080105507,-52.0015702874686,2047
-18.2475839600408,-51.931179116632,2060.36870830591
-18.2158786057946,-51.870053576349,2071.89234040359
-18.147749897527,-51.7381132226117,2096.5
-18.073276558509,-51.5929534703738,2123.16098513565
-18.0089269106527,-51.4667364344258,2146
-18.0055341052328,-51.4600612746834,2147.19913328747
-17.9370063185433,-51.3247964875437,2171.31202186828
-17.8676795509788,-51.1870969405939,2195.5
-17.8318736061307,-51.1156378634964,2207.91232549126
-17.7958526725515,-51.0435149437996,2220.34447117778
-17.7618205195611,-50.9751569101616,2232.04013039989
-17.7239443503108,-50.898828644295,2245
-17.6512393079152,-50.75157420445,2269.71064065429
-17.5776539345959,-50.6015410927335,2294.5
-17.5472901492414,-50.5393386645121,2304.66492071891
-17.5167748768158,-50.4766521917086,2314.84316635167
-17.5032410782418,-50.4487942858077,2319.34536379588
-17.4287359064155,-50.2948156975744,2344
-17.3431195824734,-50.1165754541158,2372.0612614952
-17.277114599011,-49.9782076928841,2393.5
-17.2704715979301,-49.964235492982,2395.64836841572
-17.2617266839192,-49.9458293938881,2398.47391666304
-17.2529694748766,-49.9273826502728,2401.3004964165
-17.2354180661458,-49.8903667034919,2406.95675270202
-17.2178171571076,-49.8531865893099,2412.61714179685
-17.2001665325574,-49.8158412368607,2418.28166823218
-17.1615577634601,-49.7339416897623,2430.63099049315
-17.1227099584152,-49.6512421527836,2443
-17.0441246807918,-49.483045881992,2467.84827539613
-17.0049022531045,-49.3986433039879,2480.16420665138
-16.9654340907866,-49.3134046365916,2492.5
-16.8858201870029,-49.1405207883386,2517.20988262419
-16.8051939527888,-48.9641445182702,2542
-16.7594221053784,-48.8634313632222,2555.96968856544
-16.7133179429199,-48.7615571846584,2569.96536136428
-16.7122080219166,-48.7590993105292,2570.30136722411
-16.7110979074967,-48.7566407568038,2570.63738807489
-16.7088770981966,-48.7517216094585,2571.3094747533
-16.7044331562734,-48.7418751474258,2572.65382804564
-16.695535967265,-48.7221494917536,2575.34325459725
-16.6777042733238,-48.6825667539942,2580.72498936814
-16.6418908544928,-48.6028715393254,2591.5
-16.600505353091,-48.5104486648808,2603.89554466347
-16.5588498006977,-48.4170659704364,2616.31173760945
-16.501511809325,-48.2879384965894,2633.30425228385
-16.4754178002623,-48.2289471886663,2641
-16.4333972404304,-48.133651270286,2653.34395023328
-16.3910997852048,-48.0373533159716,2665.70856565713
-16.348522507005,-47.940037631515,2678.09389820886
-16.3056624276811,-47.841688184497,2690.5
-16.2885597719038,-47.8023344873382,2695.43330787115
-16.2498980835104,-47.7131432281651,2706.54938086619
-16.211002772626,-47.6230907154258,2717.68249439006
-16.1325021859366,-47.4403522135601,2740
-16.1148921017213,-47.3991757880477,2744.97932763395
-16.0753074577378,-47.3063724490632,2756.13924688407
-16.0355309958532,-47.2127762344473,2767.30765889383
-15.9955610322478,-47.1183768172022,2778.48457336147
-15.9553958568941,-47.0231636828445,2789.67
-15.924344372745,-46.9493117210626,2798.28585062775
-15.8500343665189,-46.7717097907116,2818.79348811137
-15.7750474920315,-46.5912457696906,2839.33
-15.7344328455477,-46.4929771344487,2850.3872878975
-15.6631575736436,-46.319626656658,2869.68099414036
-15.6272884554554,-46.2319539313714,2879.33733150893
-15.5912633633535,-46.1436058038686,2889
-15.5908385666552,-46.1425622674951,2889.1000846569
-15.5904137246568,-46.1415185786985,2889.20017366278
-15.5895639047311,-46.1394307437066,2889.40036472264
-15.5878637209624,-46.135253243216,2889.80079904268
-15.5844611761412,-46.1268909129101,2890.60187654757
-15.5776473644246,-46.1101368764874,2892.20486752515
-15.5639847488061,-46.0765108302376,2895.41419742546
-15.5365187116941,-46.0087830494782,2901.84628168333
-15.5088632959972,-45.9404136313995,2908.29632769777
-15.4810165275568,-45.8713936074946,2914.76441081194
-15.4279603749574,-45.7393956940354,2927.01472392131
-15.3742024065169,-45.6049870022777,2939.33
-15.3176974609275,-45.462985169847,2952.17095087527
-15.2891550626178,-45.3909719411431,2958.61750086836
-15.2604166990445,-45.3182712077566,2965.08152815299
-15.2055915096701,-45.1790382136995,2977.33921702579
-15.1500453882639,-45.0372496203498,2989.66
-15.0917061043702,-44.8875415876351,3002.49571543133
-15.0325707045149,-44.7349606401607,3015.39890143113
-14.9758992774841,-44.5879489427177,3027.66381416945
-14.9184855406302,-44.4382207034509,3039.99
-14.8582360392795,-44.2802365718931,3052.81908434385
-14.7971675849773,-44.1192007961221,3065.71352997519
-14.7385561886164,-43.9637834558632,3077.98700900047
-14.679178212244,-43.8054691017445,3090.32
-14.6168912379095,-43.6384588294806,3103.14955388861
-14.55375850431,-43.4681933817967,3116.04247592231
-14.4931181522202,-43.303708629301,3128.32235675033
-14.4316840332602,-43.1361253812801,3140.66
-14.367299434815,-42.9594669168999,3153.48051912725
-14.302039490321,-42.7793284431589,3166.3623986169
-14.2392608102387,-42.6050090474072,3178.6481624524
-14.1756570697025,-42.4273630495613,3190.99
-14.0414417775214,-42.0490525429295,3216.69183982688
-13.9764206458151,-41.8640850744502,3228.97873402073
-13.9105390665633,-41.6755343366693,3241.32
-13.7749919249571,-41.2839823988526,3266.37483646147
-13.635741342675,-40.876611790951,3291.65
-13.5856475627351,-40.7287849153958,3300.62894076405
-13.5494968739457,-40.6216809433597,3307.07193322699
-13.4915468278841,-40.4492489286176,3317.33618064189
-13.3696655845705,-40.0835857056977,3338.6688674973
-13.3505697664179,-40.0259246478288,3341.98
-13.2680551036575,-39.7756059221811,3356.19208780315
-13.1842377080293,-39.5193971255852,3370.47067351015
-13.1196183107485,-39.3205310864139,3381.37088028597
-13.0542041589368,-39.1180243155853,3392.31
-13.0538777838782,-39.1170109123861,3392.36434000005
-12.9935859358654,-38.9292867054402,3402.36247766525
-12.7967870676566,-38.3093450307477,3434.44472730291
-12.7456711767866,-38.1465103088149,3442.64
-12.5934843359974,-37.657239641294,3466.70910756626
-12.4592141400175,-37.2199815600345,3487.5369695979
-12.4237806165693,-37.1037111538285,3492.97
-12.3835684875909,-36.9713138137803,3499.1039710572
-12.1658829447794,-36.24630329129,3531.7293278752
-12.0870733728952,-35.9803549228423,3543.3
-11.9399546053669,-35.4789193124914,3564.56143118921
-11.7873257234346,-34.9518167708609,3586.15679406558
-11.7336480892084,-34.764765754776,3593.64
-11.7055405551532,-34.6664701108474,3597.53542656682
-11.4608746234018,-33.8006650812502,3630.78033222899
-11.3612990867924,-33.4430436319199,3643.97
-11.2053747080358,-32.876910386534,3664.23116754033
-11.0155682480469,-32.1776050314307,3688.25154454241
-10.9668737548744,-31.9963968569349,3694.3
-10.9378429117544,-31.8880126414984,3697.88393367011
-10.6560308844059,-30.8222386380273,3731.82301655774
-10.546208556919,-30.4001897883267,3744.63
-10.3585142200502,-29.6701437052801,3765.97595971175
-10.1016160643493,-28.65305969735,3794.08314579437
-10.0934077167286,-28.620221910713,3794.96
-10.0427504113706,-28.4170998880253,3800.34253176438
-9.70449031393629,-27.0402696760601,3835.00544199814
-9.59969626818269,-26.6065147714866,3845.29
-9.33936645393699,-25.5143273903447,3869.90796215946
-9.30439429604872,-25.3660217977225,3873.11357344114
-9.26912937431928,-25.2160968142369,3876.32157748084
-9.19769206362914,-24.9112287508203,3882.74477455844
-9.05096457876637,-24.2802006827647,3895.62
-9.02183707993813,-24.1541603929243,3898.12496232423
-8.95703716781597,-23.8728457726147,3903.63740321895
-8.81874470578167,-23.2682890250031,3915.12230326423
-8.67522177671341,-22.634884296755,3926.63688105051
-8.42184459086168,-21.5020114886977,3945.95
-8.29163864741263,-20.912693642208,3955.36729693952
-8.27366208407019,-20.8309546925638,3956.64036192071
-8.255586658698,-20.7486747615087,3957.91377751133
-8.23741071103741,-20.6658449702721,3959.18754385624
-8.21913253317549,-20.5824561888957,3960.46166110037
-8.1822624128477,-20.4139638534923,3963.01094886649
-8.14496159767243,-20.2431192586001,3965.5616419708
-8.1072144972584,-20.0698392134272,3968.11374157569
-8.06900454470124,-19.8940353868913,3970.66724884483
-7.99112446745053,-19.5344748829416,3975.77849103703
-7.91116562153787,-19.1636090786935,3980.89537788254
-7.82894984806412,-18.7804914853603,3986.01791873711
-7.74427167878129,-18.3840322436843,3991.1461229772
-7.65689208744898,-17.972965471388,3996.28
-7.47216353969369,-17.0975119424435,4006.60462496822
-7.27249205866316,-16.1417196624161,4016.9514704491
-6.95216181298217,-14.5886746968734,4031.76290879415
-6.56655899366596,-12.6892856912935,4046.62
-6.14200355049529,-10.5642395599494,4059.15515007181
-5.32122250316525,-6.37483883111275,4071.72178746951
-5.08035659062262,-5.12995721170246,4072.41333688484
-4.84042867376394,-3.88498576661273,4071.72178746951
-4.03669169713658,0.30604730076085,4059.15515007181
-3.6291534049473,2.43272345730045,4046.62
-3.26372416805641,4.33404517683393,4031.76290879415
-2.96350473903703,5.88901721383384,4016.9514704491
-2.77788528080143,6.84615621557168,4006.60462496822
-2.60718219197058,7.72295410086567,3996.28
-2.526777434327,8.13468948614513,3991.1461229772
-2.44906592537421,8.5318166018528,3986.01791873711
-2.3738087886756,8.91560134448569,3980.89537788254
-2.30080067912151,9.28713358496813,3975.77849103703
-2.22986353938013,9.64735982168855,3970.66724884483
-2.19512216095512,9.82349625364013,3968.11374157569
-2.16084171519766,9.99710873121171,3965.5616419708
-2.12700564344248,10.168285586259,3963.01094886649
-2.09359836278276,10.3371100102752,3960.46166110037
-2.07705089335083,10.4206647718644,3959.18754385624
-2.06060518067716,10.5036605006614,3957.91377751133
-2.04425951759945,10.5861063266943,3956.64036192071
-2.02801224457334,10.6680111288003,3955.36729693952
-1.91059858379676,11.2585559406232,3945.95
-1.68345023532006,12.3939449452201,3926.63688105051
-1.55556024816408,13.028849681138,3915.12230326423
-1.43285715152525,13.6349024794666,3903.63740321895
-1.37553862082977,13.9169351384112,3898.12496232423
-1.34981057749333,14.0433017139843,3895.62
-1.22055121954403,14.676006571865,3882.74477455844
-1.15782533768162,14.9817109627456,3876.32157748084
-1.12691049789488,15.1320535954676,3873.11357344114
-1.09628467435861,15.2807764949826,3869.90796215946
-0.869316026346869,16.376167580864,3845.29
-0.778449389779979,16.8112602525461,3835.00544199814
-0.487073219177141,18.1925951192172,3800.34253176438
-0.443688591808026,18.3964160907321,3794.96
-0.436664811058726,18.4293677261382,3794.08314579437
-0.217699113876421,19.4500981132263,3765.97595971175
-0.0587633336131255,20.1829095962584,3744.63
0.0338268103007415,20.6066158479161,3731.82301655774
0.270064285678536,21.6767745736837,3697.88393367011
0.29429021168129,21.7856211825599,3694.3
0.334879357987301,21.9676094108811,3688.25154454241
0.492545586980725,22.6700085273006,3664.23116754033
0.62142067083732,23.2387462383453,3643.97
0.703419346629151,23.5980604587647,3630.78033222899
0.903903292022402,24.4681217929848,3597.53542656682
0.926845211670109,24.5669151898554,3593.64
0.970606733747896,24.7549217818798,3586.15679406558
1.09467388277146,25.2847772196182,3564.56143118921
1.2137526010673,25.7889161907299,3543.3
1.27733709531778,26.0563327297774,3531.7293278752
1.45223291127634,26.7854706821725,3499.1039710572
1.48442316577934,26.9186419920301,3492.97
1.51275787054043,27.0355973601013,3487.5369695979
1.61987209292224,27.475476148906,3466.70910756626
1.74079212178432,27.9677651077814,3442.64
1.78129075536918,28.1316249601694,3434.44472730291
1.93667402379371,28.7555664665614,3402.36247766525
1.98410743685403,28.944532845414,3392.36434000005
1.98436398959217,28.9455529941339,3392.31
2.03573698264924,29.1494163727071,3381.37088028597
2.08639431955068,29.3496315632916,3370.47067351015
2.15196662618199,29.6076036591466,3356.19208780315
2.21637143174839,29.8596729280024,3341.98
2.23125529942805,29.9177411681206,3338.6688674973
2.32606883642667,30.2860215133523,3317.33618064189
2.37103768485118,30.459708902091,3307.07193322699
2.39905411197136,30.5675995969861,3300.62894076405
2.43783035017371,30.7165211784144,3291.65
2.54534109843338,31.1269625216295,3266.37483646147
2.64960002704096,31.5215424453126,3241.32
2.70013517688873,31.71157871049,3228.97873402073
2.74992152333049,31.8980211226399,3216.69183982688
2.85241176645059,32.279403779716,3190.99
2.90085111601527,32.458518589341,3178.6481624524
2.94858043221474,32.6342958740353,3166.3623986169
2.99811045162594,32.8159583981851,3153.48051912725
3.04689072750933,32.9941289789104,3140.66
3.09335678788558,33.1631629074032,3128.32235675033
3.13914722860408,33.329087103186,3116.04247592231
3.18674051686003,33.5008590604053,3103.14955388861
3.233617300142,33.6693635415547,3090.32
3.27823203253725,33.8291095901986,3077.98700900047
3.32220134176145,33.9859470836701,3065.71352997519
3.3679407277685,34.1484698659743,3052.81908434385
3.4129937746044,34.3079283642897,3039.99
3.4558590824045,34.4590683081773,3027.66381416945
3.49810602653248,34.6074798856786,3015.39890143113
3.54212203687195,34.7615283697413,3002.49571543133
3.58547786792933,34.9126909634641,2989.66
3.62669568694617,35.0558707211754,2977.33921702579
3.66731918494245,35.1964827835368,2965.08152815299
3.68858977951808,35.2699087601689,2958.61750086836
3.70969936110814,35.3426438915414,2952.17095087527
3.75144282202501,35.4860795734018,2939.33
3.79109927603225,35.6218582068502,2927.01472392131
3.83018303693706,35.7552137089916,2914.76441081194
3.85067452561268,35.8249484647077,2908.29632769777
3.87101037501402,35.894029196599,2901.84628168333
3.89119236221184,35.9624648915793,2895.41419742546
3.90122620874067,35.9964436259626,2892.20486752515
3.90622893937654,36.0133736901884,2890.60187654757
3.90872676821349,36.0218239554522,2889.80079904268
3.9099747999656,36.0260454037011,2889.40036472264
3.91059859535644,36.028155207644,2889.20017366278
3.9109104379532,36.0292098796842,2889.1000846569
3.91122224382611,36.0302643984802,2889
3.93765246716647,36.1195451684308,2879.33733150893
3.96394349157698,36.2081489952631,2869.68099414036
4.01611303172331,36.3833570389851,2850.3872878975
4.04579726376157,36.4826885506384,2839.33
4.10052070666956,36.6651233023474,2818.79348811137
4.15464481869567,36.844688822164,2798.28585062775
4.17723036251443,36.9193644298942,2789.67
4.20641780174779,37.0156456858424,2778.48457336147
4.23543318322243,37.1111110896437,2767.30765889383
4.26427824753406,37.2057711521167,2756.13924688407
4.29295470719697,37.2996361967763,2744.97932763395
4.30570260634218,37.341285901807,2740
4.36245841922813,37.5261412992841,2717.68249439006
4.3905370543091,37.6172470093934,2706.54938086619
4.41841912213494,37.7074879724633,2695.43330787115
4.43074436463785,37.7473069238081,2690.5
4.46160816753326,37.846824741819,2678.09389820886
4.49223462503005,37.945304511084,2665.70856565713
4.52262661586415,38.0427622721761,2653.34395023328
4.55278696585701,38.1392137276946,2641
4.57149963343737,38.1989242678419,2633.30425228385
4.61257418830033,38.3296366281855,2616.31173760945
4.64237668525924,38.4241745780871,2603.89554466347
4.67195453614221,38.517748420639,2591.5
4.69752482789402,38.59844221084,2580.72498936814
4.71024769435059,38.6385230335453,2575.34325459725
4.71659364974101,38.6584974313109,2572.65382804564
4.71976276939645,38.6684681893365,2571.3094747533
4.72134636613658,38.6734494659199,2570.63738807489
4.72213792391222,38.6759390795754,2570.30136722411
4.72292932135896,38.678428010509,2569.96536136428
4.75578279116579,38.781594252101,2555.96968856544
4.78836129115426,38.8835940512133,2542
4.84565547520523,39.0622461359878,2517.20988262419
4.90211523375957,39.2373889797583,2492.5
4.93006260942596,39.3237518517201,2480.16420665138
4.95780831202803,39.4092744658118,2467.84827539613
5.01331627477773,39.5797232932497,2443
5.04071536895166,39.6635405255105,2430.63099049315
5.06791927329279,39.746553617057,2418.28166823218
5.08034716058367,39.7844089486473,2412.61714179685
5.09273453972092,39.8220981700041,2406.95675270202
5.105081613444,39.859622353074,2401.3004964165
5.11124009902768,39.8783228886032,2398.47391666304
5.11738858360443,39.8969825622973,2395.64836841572
5.12205832437872,39.9111474808434,2393.5
5.16841459331527,40.0514344473184,2372.0612614952
5.22842981225797,40.2321758788094,2344
5.28055162735976,40.388341822405,2319.34536379588
5.2900090799618,40.4165981325213,2314.84316635167
5.31132148728094,40.4801841141856,2304.66492071891
5.33251196550784,40.5432832465145,2294.5
5.38379962243326,40.6954963436042,2269.71064065429
5.4343813877971,40.8449142065706,2245
5.46069604827629,40.9223732612479,2232.04013039989
5.48431893427106,40.9917495018615,2220.34447117778
5.50930055795724,41.0649523764845,2207.91232549126
5.53411095870117,41.1374872486256,2195.5
5.58208582451599,41.2772761951672,2171.31202186828
5.62942695449684,41.4146146649018,2147.19913328747
5.63176872718592,41.4213927081448,2146
5.67614683391014,41.5495649298347,2123.16098513565
5.72741879903678,41.6969965684726,2096.5
5.77424046932775,41.8310237927649,2071.89234040359
5.79600334949387,41.8931232833939,2060.36870830591
5.82112139222282,41.9646416906828,2047
5.86733450003493,42.0957913762323,2022.2100063482
5.89021012448215,42.1605040138084,2009.84502897631
5.91293380290217,42.2246515420378,1997.5
5.9242055169628,42.2564209429105,1991.35328510815
5.93543983172025,42.288052018869,1985.21157586195
5.9466369300965,42.3195456427703,1979.07486614926
5.95779699374515,42.3509026801067,1972.94314986794
5.95904312354,42.3544019912209,1972.25753325194
5.96028879239742,42.3578996050515,1971.5719790383
5.98166670493262,42.4178621963352,1959.77676083581
6.00290928975623,42.4773279095883,1948
6.02517687586692,42.539537674807,1935.59437804998
6.04729666939392,42.6012078025078,1923.2092043829
6.06927010763526,42.6623450522328,1910.84442848281
6.0910986082215,42.722956070716,1898.5
6.11269591185218,42.7828047284215,1886.22570701501
6.13415122392095,42.842141549623,1873.9718514899
6.15592310638083,42.9022335048676,1861.47531612652
6.166754467295,42.9320837393505,1855.23500903794
6.17754967624721,42.9618045646668,1849
6.17810067731481,42.963320756147,1848.68134029567
6.17865158418807,42.9648366110798,1848.36269448377
6.19933245526844,43.0216854135585,1836.37139519048
6.2198809846954,43.0780626697589,1824.39975341869
6.26230757849911,43.1941258940055,1799.5
6.28279847901149,43.2500181055235,1787.3853461322
6.30315667871221,43.3054433388453,1775.29117016255
6.32435770587576,43.3630521067674,1762.63439076853
6.34541567416184,43.4201601771082,1750
6.3479835075036,43.4271163787496,1748.45502649824
6.386026352693,43.5299797852122,1725.4548124004
6.42691400557735,43.6401313708474,1700.5
6.44625149765356,43.6920813779208,1688.61198033775
6.46546578252465,43.7436081786002,1676.74440637374
6.48622501646213,43.7991749381336,1663.8601754062
6.50684127009314,43.8542531675967,1651
6.51391309322999,43.8731219437596,1646.57372505332
6.54585277316202,43.9581881456015,1626.48639000535
6.58523377354215,44.0627266287034,1601.5
6.60272154074491,44.1090262668597,1590.32581136295
6.6201039906985,44.1549726637923,1579.170417641
6.64119239321075,44.2106154423571,1565.57126913744
6.66212666837094,44.2657439268085,1552
6.67620752974109,44.3027643619119,1542.83118695309
6.69957138069224,44.3640843381251,1527.54507831142
6.73755236234231,44.4634845331194,1502.5
6.75259948422243,44.5027675887065,1492.51001140198
6.76756461725832,44.5417822047226,1482.53582354711
6.78964184311559,44.5992394071548,1467.75058586692
6.81154163711282,44.656118589826,1453
6.83442548708608,44.7154301666311,1437.49595584382
6.84760050016761,44.7495207418291,1428.52728207025
6.86592536782475,44.7968673647133,1416.00091043435
6.88412471265555,44.8438099990884,1403.5
6.90052370067127,44.8860409744089,1392.1836683677
6.91682009321988,44.9279440859412,1380.88870621486
6.93301479162918,44.9695229391969,1369.61505306817
6.94910868663203,45.010781087608,1358.36264868231
6.95532961930919,45.0267124925499,1354
6.98080426858222,45.0918554944075,1336.05757999491
6.99197237888047,45.1203656964467,1328.15206802809
7.00309121085626,45.1487207433997,1320.25731532995
7.01416106888632,45.1769218298613,1312.37329995064
7.02518225484166,45.2049701383513,1304.5
7.04223483605543,45.2483114871642,1292.27046329956
7.05071711430861,45.2698447528666,1286.16558487831
7.05917023762545,45.291287138911,1280.0672855322
7.06000848253487,45.2934125330242,1279.46176837359
7.06084644118222,45.2955370359703,1278.85631604003
7.06497840203004,45.3060105095249,1275.86876266185
7.06910340813975,45.3164623470686,1272.88278717215
7.07733262100464,45.3373013654412,1266.91556486065
7.08553421051704,45.3580545951821,1260.95463912357
7.09370830609347,45.3787225352442,1255
7.09663467306077,45.3861179484044,1252.86486936871
7.1054407797353,45.4083603178598,1246.42905929664
7.10983171889335,45.4194441115136,1243.21398312205
7.11421460924125,45.4305030824332,1240.00079064521
7.1185894713375,45.4415373091099,1236.78948021112
7.12295632567097,45.4525468697091,1233.58005016674
7.1251367563508,45.4580424246694,1231.97603977464
7.12731519274184,45.4635318422756,1230.37249886094
7.12949163738576,45.4690151322077,1228.76942721957
7.13057911360067,45.471754482328,1227.96806731163
7.13166609282997,45.4744923041507,1227.16682464455
7.14634426683802,45.5114358134542,1216.32268603573
7.16093205225097,45.5481019739799,1205.5
7.17759504542981,45.5899234202816,1193.08182241803
7.1941393327877,45.6313829736716,1180.69249676883
7.21056608669218,45.6724850357455,1168.33192261882
7.22687646426452,45.7132339381845,1156
7.25883788514748,45.7929058084409,1131.66158906888
7.27526065474321,45.8337518440543,1119.06540313811
7.29156328350785,45.8742375317154,1106.5
7.30730828970756,45.9132803151122,1094.30565081738
7.32294037692296,45.9519866903268,1082.1409665081
7.33903630307459,45.9917829318947,1069.5546440837
7.35501317665092,46.0312260752469,1057
7.37043700047899,46.0692484273333,1044.82116506304
7.385748854515,46.1069409617549,1032.67290433428
7.40155683340504,46.1457986389214,1020.07004160769
7.41724613654157,46.18430828213,1007.5
7.43237043156322,46.2213780732751,995.323620858176
7.44738345241761,46.258123720813,983.178802118096
7.46289132090522,46.2960268488963,970.572443581608
7.47828112613312,46.3335875452323,958
7.48570173224836,46.3516792866177,951.91554374812
7.4930945643586,46.3696909343604,945.839249902263
7.50779747065186,46.4054759123386,933.711083816563
7.51542642229177,46.4240245749852,927.395103104456
7.52302574254311,46.442488149266,921.087941193903
7.53813611296909,46.4791621928056,908.5
7.54540364439081,46.4967827608431,902.423247724747
7.55264354287981,46.5143245266595,896.354941210249
7.56704100977164,46.5491735991137,884.243595131338
7.57453195458555,46.5672870397108,877.918955197763
7.5819932597345,46.5853163071648,871.60348931928
7.59682758541287,46.6211244829013,859
7.60396727588468,46.6383412388002,852.91138122816
7.61107938287456,46.6554801523335,846.831503704974
7.62522142201945,46.6895263937455,834.697897215213
7.63255300147651,46.7071592380549,828.384305116467
7.63985520985564,46.7247095349367,822.080138932514
7.65437214853968,46.7595646169091,809.5
7.66829678652424,46.7929535469127,797.373209296456
7.67521820167477,46.8095339047287,791.323321138095
7.68211253979169,46.8260388284979,785.282411049003
7.69650780095365,46.8604668499493,772.621532191134
7.70366127880263,46.8775581887322,766.3058592348
7.70722705091243,46.886073425333,763.151704332378
7.71078553870622,46.8945684620027,760
7.72468689595085,46.9277277873595,747.624980525305
7.735296104413,46.953005529567,738.10585056905
7.74574896970931,46.9778864757747,728.662576868828
7.7560485544583,47.0023790114277,719.29425629553
7.76619784633734,47.0264912982994,710
7.77282921514312,47.0422336014179,703.893262828064
7.77939698608284,47.0578153998642,697.818265601651
7.77950875545809,47.0580804866286,697.714649662011
7.79234493757407,47.088506193868,685.762506287605
7.79256421858006,47.0890256432228,685.557420936635
7.79883534491962,47.1038766950309,679.679239165515
7.80504810622876,47.1185810254556,673.830777988988
7.8087252162536,47.1272800049132,670.357470241551
7.81238198281796,47.1359279201919,666.894602614602
7.81601855591881,47.1445251757774,663.442128107172
7.81782931679625,47.1488049323773,661.719773662561
7.81963508492838,47.1530721738974,660
7.83193775472489,47.1821258386222,647.44308825296
7.83260937811166,47.1837109743131,646.754516626808
7.84402166815503,47.2106306904688,635.004994961893
7.84534045691199,47.2137396631584,633.641205778202
7.85589198661399,47.238600654831,622.6840416075
7.85783436923681,47.2431745540708,620.658098913648
7.86755371973351,47.266049212234,610.478581138349
7.86800901670264,47.2671202568485,610
7.87009697578317,47.2720314120391,607.803266391352
7.8790117308847,47.2929894158662,598.386997236882
7.87957089178549,47.2943033900479,597.794365946859
7.89093004051444,47.3209815740821,585.703166460287
7.9020911960915,47.3471674416107,573.724799718285
7.91476778044115,47.3768759565778,560
7.92101108899117,47.3914948070765,553.192741540924
7.92593639700972,47.4030215701566,547.800018114301
7.92869734193058,47.4094807480818,544.768301784382
7.931445951323,47.4159094281535,541.743844590016
7.93418229861745,47.4223078045141,538.726620490491
7.93690645669756,47.4286760697442,535.716603569497
7.93802325870998,47.4312863542272,534.480806121155
7.93858089279718,47.4325896029876,533.863362308618
7.93885951838272,47.4332407547151,533.554754032585
7.9391380164324,47.4338915916124,533.246221472873
7.93938769012868,47.4344750530873,532.969566080225
7.94038563493168,47.4368070117402,531.863248856533
7.94163069609759,47.4397161203895,530.481796516729
7.94225226988327,47.4411683137143,529.791639667362
7.9428732069547,47.4426189360771,529.101861948018
7.94349350818185,47.4440679897716,528.412463046378
7.94380342062745,47.444791929089,528.067905554689
7.94395831735543,47.4451537519896,527.895662281578
7.94411317443809,47.4455154770988,527.723442650462
7.94705039173675,47.4523754362776,524.453026404614
7.94768263681462,47.4538518197942,523.748093657487
7.95486027590003,47.4706065883737,515.721110339925
7.95995179651089,47.4824849845312,510
7.96771604504896,47.5005880218014,501.231837635871
7.97689762644479,47.5219789221293,490.793867695779
7.98593687544554,47.5430204798273,480.443297181012
7.99483672030602,47.563720349845,470.179032946135
8.00360001422973,47.5840859761707,460
8.00778767834133,47.5938121516035,455.110153799645
8.01194439838374,47.6034627321754,450.239855181777
8.01607047860156,47.6130385082399,445.388987165494
8.02016621950355,47.6225402597304,440.55743370145
8.02423191791755,47.6319687563271,435.745079662605
8.02826786704468,47.6413247576193,430.951810835079
8.03227435651256,47.6506090132661,426.177513909115
8.0362516724276,47.6598222631532,421.42207647015
8.03864207571486,47.6653578806276,418.556340878194
8.04102198229954,47.6708679747429,415.697432495386
8.04339145356591,47.676352703906,412.845326953464
8.04457229516722,47.6790856061464,411.421817664446
8.04575055075442,47.6818122259885,410
8.05421396420714,47.7013888166531,399.307878836069
8.06255552441964,47.7206685661185,388.697138499809
8.07077756104164,47.7396575167513,378.166853394176
8.0788823482177,47.758361556175,367.716111905669
8.08483128508608,47.7720814589586,360
8.08687211435345,47.7767864409169,357.344016141245
8.09233367859547,47.7893733109187,350.213610508655
8.0947490198525,47.794937746138,347.049681671167
8.09973582944594,47.8064223708697,340.49665633665
8.10703950822866,47.8232331953535,330.84840112145
8.114246462274,47.8398102694683,321.268118876023
8.12266567343986,47.8591617385048,310
8.12992478436176,47.8758346462333,300.217481876511
8.13708562349364,47.8922708864748,290.505624974055
8.14414995745762,47.908474965741,280.863666446062
8.15111951330546,47.9244512826584,271.290854387338
8.15928367520253,47.9431529167151,260
8.16630536584935,47.9592262143611,250.221496159884
8.17323071071858,47.9750687583141,240.514923480173
8.18006146497267,47.9906849899633,230.879491175603
8.18679934394504,48.0060792432822,221.314420010072
8.19077294686522,48.0151533742905,215.644922069009
8.19471448275124,48.0241509874422,210
8.19848411268421,48.0327531153908,204.581591531031
8.20224553948544,48.0413335396331,199.16578174378
8.20974388354893,48.058429587054,188.341950740003
8.21377908747428,48.0676248583426,182.501932901358
8.21780484380257,48.0767951870498,176.664936727765
8.22582813735212,48.0950613996594,165
8.22757088832734,48.0990272410049,162.460614540196
8.23438692949158,48.1145318426376,152.509498489537
8.24117586651175,48.1299650938002,142.567164179106
8.24521409882372,48.1391405967323,136.638571687629
8.25087027702254,48.1519865791273,128.316210957766
8.25650767091283,48.1647832272749,120
8.26179603898209,48.1767815493368,112.178010498598
8.26947985833914,48.194204270184,100.775120697231
8.27339455549811,48.2030759227887,94.9483509011809
8.27729781887468,48.2119184728149,89.126912393105
8.28118969429572,48.2207320532744,83.3107978594423
8.2850702273522,48.2295167963923,77.5
8.28859793651973,48.2375000879614,72.2074135776759
8.29211629158746,48.2454596227331,66.9192339716901
8.2956253265884,48.2533954991946,61.6354556803995
8.29912507539654,48.2613078153042,56.3560732113143
8.30266236124595,48.2693023999929,51.0103056534594
8.30619017948957,48.2772729885215,45.6690413893526
8.30970856488966,48.285219681207,40.3322747310044
8.31146423115183,48.2891840979449,37.6655762291114
8.31234118455297,48.2911640793353,36.332647874741
8.31277944155546,48.2921535139619,35.6662888829499
8.31321755218151,48.2931425781329,35
8.31424701668134,48.2954665060613,33.125
8.31527595966761,48.2977890361637,31.25
8.31733228270329,48.3024299079426,27.5
8.31938652449227,48.3070652035587,23.75
8.32041286591857,48.309380763452,21.875
8.32092584193933,48.3105380219696,20.9375
8.32118228129841,48.3111165209397,20.46875
8.32143868823161,48.311694933077,20
8.32192772406972,48.3127980800718,19
8.3227449062223,48.3146413350032,17.3283812080545
8.32405016795005,48.3175852252598,14.6567624161089
8.32583881314113,48.321618763989,10.9925718120812
8.32762566424779,48.3256475923954,7.32838120805445
8.32941072399357,48.3296717187388,3.66419060402677
8.33030258295566,48.3316820212127,1.83209530201384
8.33074834485748,48.3326867327253,0.916047651006011
8.33097118393212,48.3331889786067,0.458023825503005
8.33119399509631,48.3336911512596,0
