-71.71,-31.54,30.1
-71.7087554982638,-31.5388713048347,31.25
-71.7067255047059,-31.5370301270187,33.125
-71.7046943764622,-31.535187815284,35
-71.7038296211637,-31.534403417033,35.6662888829499
-71.7029645576041,-31.5336187201582,36.332647874741
-71.7012335050954,-31.5320484299058,37.6655762291114
-71.6977676942619,-31.5289042589519,40.3322747310044
-71.6908212151832,-31.522601519657,45.6690413893526
-71.6838548604032,-31.5162795152994,51.0103056534594
-71.6768685509664,-31.509938163572,56.3560732113143
-71.669955138017,-31.5036617578016,61.6354556803995
-71.6630221415982,-31.4973663532387,66.9192339716901
-71.6560694846805,-31.4910518694882,72.2074135776759
-71.649097089842,-31.4847182257134,77.5
-71.6414259011568,-31.4777483779838,83.3107978594423
-71.6337307647688,-31.4707552691262,89.126912393105
-71.6260115768328,-31.4637387905795,94.9483509011809
-71.6182682329206,-31.4566988331248,100.775120697231
-71.603064997033,-31.4428721871528,112.178010498598
-71.5925979472447,-31.4333494691842,120
-71.581436978691,-31.4231923681195,128.316210957766
-71.5702356025053,-31.4129953085266,136.638571687629
-71.5622363994221,-31.4057113615571,142.567164179106
-71.5487847095273,-31.3934587968618,152.509498489537
-71.5352746391891,-31.3811484225275,162.460614540196
-71.5318195814046,-31.3779994286538,165
-71.5159092002555,-31.3634945376572,176.664936727765
-71.5079235822761,-31.356211924664,182.501932901358
-71.4999175818219,-31.3489090943939,188.341950740003
-71.4850362109546,-31.335330425784,199.16578174378
-71.4775690654377,-31.3285148237833,204.581591531031
-71.4700842009893,-31.3216816244406,210
-71.4622564282023,-31.3145338460987,215.644922069009
-71.4543633380711,-31.3073248448776,221.314420010072
-71.4409755931732,-31.2950937798723,230.879491175603
-71.4273984948664,-31.2826850599102,240.514923480173
-71.4136284319057,-31.2700951856533,250.221496159884
-71.3996617059334,-31.2573205701494,260
-71.3834160589393,-31.2424552961683,271.290854387338
-71.3695420359037,-31.2297548088768,280.863666446062
-71.3554741785535,-31.2168718747891,290.505624974055
-71.3412088341386,-31.203802937775,300.217481876511
-71.3267422628092,-31.1905443535555,310
-71.3099568614311,-31.1751538804075,321.268118876023
-71.2955824639064,-31.1619683386043,330.84840112145
-71.2810096147286,-31.1485953805898,340.49665633665
-71.2710563563604,-31.1394585356933,347.049681671167
-71.2662346015362,-31.135031375693,350.213610508655
-71.2553294123683,-31.1250164404443,357.344016141245
-71.2512536569957,-31.1212726340085,360
-71.2393705058901,-31.1103548847812,367.716111905669
-71.2231750327794,-31.0954693518704,378.166853394176
-71.2067382410933,-31.0803551770329,388.697138499809
-71.1900552752041,-31.065007587735,399.307878836069
-71.1731211557004,-31.04942168456,410
-71.1707626769555,-31.0472503963622,411.421817664446
-71.1683988747504,-31.0450740647719,412.845326953464
-71.1636552359369,-31.040706208592,415.697432495386
-71.1588901087494,-31.0363179880444,418.556340878194
-71.1541033622929,-31.0319092747004,421.42207647015
-71.1461375090217,-31.024571227806,426.177513909115
-71.1381115357269,-31.0171761608091,430.951810835079
-71.1300248315644,-31.0097234736322,435.745079662605
-71.1218767778502,-31.0022125581805,440.55743370145
-71.1136667479388,-30.9946427982117,445.388987165494
-71.1053941070984,-30.9870135692029,450.239855181777
-71.0970582123846,-30.9793242382149,455.110153799645
-71.0886584125111,-30.9715741637541,460
-71.0710746038667,-30.9553446299408,470.179032946135
-71.0532084726583,-30.938846428506,480.443297181012
-71.0350538956956,-30.9220735131376,490.793867695779
-71.0166045814339,-30.9050196641083,501.231837635871
-71.0009962482931,-30.8905851185505,510
-70.9907573774571,-30.8811128558275,515.721110339925
-70.9763187164426,-30.8677506973535,523.748093657487
-70.9750466190685,-30.8665731882476,524.453026404614
-70.9691362863796,-30.8611017825814,527.723442650462
-70.9688246541272,-30.8608132687126,527.895662281578
-70.9685129395424,-30.8605246761354,528.067905554689
-70.9678892632595,-30.8599472547413,528.412463046378
-70.9666409214256,-30.858791466183,529.101861948018
-70.9653912589927,-30.8576344150344,529.791639667362
-70.9641402740825,-30.8564760994292,530.481796516729
-70.9616343293705,-30.8541556674323,531.863248856533
-70.9591230721225,-30.8518301551255,533.246221472873
-70.9585624773214,-30.851311002661,533.554754032585
-70.9580016175454,-30.8507915967697,533.863362308618
-70.9568791024018,-30.8497520240436,534.480806121155
-70.95463088505,-30.8476698301451,535.716603569497
-70.9491463668117,-30.842589783377,538.726620490491
-70.943636513298,-30.837485495336,541.743844590016
-70.9381011669286,-30.8323568092675,544.768301784382
-70.9325401688853,-30.8272035671289,547.800018114301
-70.9226177718361,-30.8180067579082,553.192741540924
-70.9100364525986,-30.8063418433052,560
-70.8844782214644,-30.7826327701337,573.724799718285
-70.8619611790748,-30.7617310078014,585.703166460287
-70.839031048524,-30.7404324594205,597.794365946859
-70.8379019433808,-30.7393833476464,598.386997236882
-70.8198960033468,-30.7226486604364,607.803266391352
-70.8156775357341,-30.7187268248121,610
-70.8147576016645,-30.7178715176928,610.478581138349
-70.7951142294796,-30.6996029568457,620.658098913648
-70.7911873503991,-30.6959497298002,622.6840416075
-70.7698484671884,-30.6760909863686,633.641205778202
-70.7671805775724,-30.6736073310898,635.004994961893
-70.7440859115483,-30.652099878176,646.754516626808
-70.7427263354161,-30.6508333151461,647.44308825296
-70.7178133270899,-30.62761630731,660
-70.7141539875886,-30.624204745443,661.719773662561
-70.7104841755842,-30.6207830757307,663.442128107172
-70.7031129739217,-30.6139092515592,666.894602614602
-70.6956993951607,-30.6069945059304,670.357470241551
-70.6882431107205,-30.6000385080617,673.830777988988
-70.6756418099381,-30.5882794662151,679.679239165515
-70.6629178800107,-30.5764018638473,685.557420936635
-70.6624728880864,-30.5759863953277,685.762506287605
-70.636415033234,-30.5516485252755,697.714649662011
-70.6361880592649,-30.5514364565981,697.818265601651
-70.6228482738692,-30.538970370683,703.893262828064
-70.6093745571343,-30.5263744957491,710
-70.5887438074648,-30.5070788667354,719.29425629553
-70.5677960906684,-30.4874756193558,728.662576868828
-70.546524811128,-30.4675580636611,738.10585056905
-70.5249231986354,-30.4473193236048,747.624980525305
-70.496599792598,-30.4207647434543,760
-70.4893461619738,-30.4139607998842,763.151704332378
-70.4820763435766,-30.4071403178704,766.3058592348
-70.4674879449561,-30.3934495156711,772.621532191134
-70.4381146953805,-30.3658669808983,785.282411049003
-70.4240391843349,-30.3526417248018,791.323321138095
-70.4099033419336,-30.3393546645878,797.373209296456
-70.3814492388544,-30.312593526993,809.5
-70.3517629792774,-30.2846513905813,822.080138932514
-70.3368219789751,-30.270579642352,828.384305116467
-70.3218152052034,-30.2564401772401,834.697897215213
-70.2928522423437,-30.229134761447,846.831503704974
-70.2782786060587,-30.2153870246112,852.91138122816
-70.2636430545536,-30.201575390808,859
-70.2332170963724,-30.1728446701455,871.60348931928
-70.2179047558462,-30.1583764871526,877.918955197763
-70.2025256438625,-30.143839149272,884.243595131338
-70.1729505229627,-30.115865735344,896.354941210249
-70.1580700795926,-30.1017826743255,902.423247724747
-70.1431272371268,-30.087634830112,908.5
-70.1120406794451,-30.0581837652034,921.087941193903
-70.096397422689,-30.0433541169969,927.395103104456
-70.0806869870701,-30.0284544505767,933.711083816563
-70.0503915483538,-29.9997045475741,945.839249902263
-70.0351498650061,-29.9852314997351,951.91554374812
-70.0198450611604,-29.9706925015005,958
-69.9880852781155,-29.9405026532106,970.572443581608
-69.9560562874538,-29.9100306197307,983.178802118096
-69.9250248598094,-29.8804824770578,995.323620858176
-69.8937390757174,-29.8506670448061,1007.5
-69.8612586784855,-29.8196864837352,1020.07004160769
-69.8285059548843,-29.7884186654079,1032.67290433428
-69.7967556407477,-29.7580814403379,1044.82116506304
-69.7647477409201,-29.7274718124098,1057
-69.7315652329242,-29.6957110270189,1069.5546440837
-69.69810775866,-29.6636583339635,1082.1409665081
-69.6655877937267,-29.6324761424984,1094.30565081738
-69.6328063610736,-29.6010156538177,1106.5
-69.5988358405461,-29.5683847665627,1119.06540313811
-69.5645860448795,-29.5354554987944,1131.66158906888
-69.4978469428233,-29.4712026785271,1156
-69.4637465312233,-29.4383282920335,1168.33192261882
-69.4293737701094,-29.4051609912956,1180.69249676883
-69.3947255898077,-29.3716970813554,1193.08182241803
-69.3597988748211,-29.3379328060177,1205.5
-69.3291972513358,-29.3083237989039,1216.32268603573
-69.2983827448762,-29.2784843915448,1227.16682464455
-69.2960998750005,-29.276272786034,1227.96806731163
-69.2938158331566,-29.2740599105129,1228.76942721957
-69.2892442301899,-29.2696303453362,1230.37249886094
-69.284667929156,-29.2651956877354,1231.97603977464
-69.2800869232429,-29.2607559294341,1233.58005016674
-69.2709107696382,-29.2518610777023,1236.78948021112
-69.2617157144482,-29.2429457234107,1240.00079064521
-69.2525017027056,-29.2340097997101,1243.21398312205
-69.2432686792312,-29.2250532394657,1246.42905929664
-69.2247453766982,-29.2070779407181,1252.86486936871
-69.2185880131351,-29.2011007782089,1255
-69.2013839849288,-29.1843950533531,1260.95463912357
-69.1841147937693,-29.1676183667802,1266.91556486065
-69.1667800902773,-29.1507702912027,1272.88278717215
-69.1580880610024,-29.1423193475577,1275.86876266185
-69.1493795214971,-29.1338503948932,1278.85631604003
-69.1476132095024,-29.1321324382513,1279.46176837359
-69.1458462176665,-29.1304137397582,1280.0672855322
-69.1280230470192,-29.1130731821632,1286.16558487831
-69.1101305854802,-29.0956569572849,1292.27046329956
-69.0741362698769,-29.0605956379273,1304.5
-69.0508560673637,-29.0379010501764,1312.37329995064
-69.0274597218754,-29.0150791345501,1320.25731532995
-69.0039464107105,-28.992128876169,1328.15206802809
-68.9803153034052,-28.9690492495057,1336.05757999491
-68.9263613524783,-28.9163003401498,1354
-68.9131749691351,-28.9033970298701,1358.36264868231
-68.8790414258633,-28.8699753610925,1369.61505306817
-68.8446654666586,-28.8362858957545,1380.88870621486
-68.810044637469,-28.8023255765794,1392.1836683677
-68.7751764510186,-28.7680913002338,1403.5
-68.7364457234611,-28.7300278552548,1416.00091043435
-68.6974111123054,-28.6916265180418,1428.52728207025
-68.6693236245484,-28.6639703293128,1437.49595584382
-68.6204927098486,-28.6158406743384,1453
-68.5737076282957,-28.5696696250929,1467.75058586692
-68.5264899774784,-28.5230142816316,1482.53582354711
-68.4944527220637,-28.4913257131246,1492.51001140198
-68.4622150042503,-28.459412063129,1502.5
-68.3807312738984,-28.3786275794376,1527.54507831142
-68.3305275399952,-28.3287691411043,1542.83118695309
-68.3002416669365,-28.298660034058,1552
-68.2551744389669,-28.2538119088085,1565.57126913744
-68.2097262018423,-28.2085314018814,1579.170417641
-68.1722276042511,-28.171130951301,1590.32581136295
-68.1344678828554,-28.1334332908892,1601.5
-68.0493113833591,-28.0482813131018,1626.48639000535
-67.980118741075,-27.9789541490743,1646.57372505332
-67.9647832608122,-27.9635720801501,1651
-67.9200443256986,-27.9186624508025,1663.8601754062
-67.8749470533205,-27.8733406915383,1676.74440637374
-67.8331630020618,-27.8313016700922,1688.61198033775
-67.7910692216015,-27.7889053416948,1700.5
-67.7019268951588,-27.6989709292773,1725.4548124004
-67.6188179100195,-27.6149382354896,1748.45502649824
-67.613202309736,-27.6092537744686,1750
-67.5671225531252,-27.5625781494764,1762.63439076853
-67.5206792159255,-27.5154786481795,1775.29117016255
-67.4760344177646,-27.4701504865112,1787.3853461322
-67.4310512977898,-27.4244266689251,1799.5
-67.3377622607183,-27.3294346700616,1824.39975341869
-67.2925061129307,-27.2832712906454,1836.37139519048
-67.2469101000794,-27.2367076609169,1848.36269448377
-67.2456948274516,-27.235465862696,1848.68134029567
-67.2444793125374,-27.2342237786931,1849
-67.2206579924134,-27.2098740529097,1855.23500903794
-67.1967435803411,-27.1854144091777,1861.47531612652
-67.1486333574907,-27.1361625049215,1873.9718514899
-67.1011698585839,-27.087514025365,1886.22570701501
-67.0533392370866,-27.038430337402,1898.5
-67.0049424986065,-26.9887055074176,1910.84442848281
-66.9561694318435,-26.9385327740982,1923.2092043829
-66.9070157301794,-26.8879062846277,1935.59437804998
-66.8574770189844,-26.8368200838761,1948
-66.8101656500465,-26.7879716127601,1959.77676083581
-66.7625005958251,-26.7386994958241,1971.5719790383
-66.7597215840268,-26.7358249772163,1972.25753325194
-66.7569413655165,-26.7329490108388,1972.94314986794
-66.7320343855979,-26.7071753553937,1979.07486614926
-66.7070303607559,-26.6812851643466,1985.21157586195
-66.6819287336088,-26.6552776735564,1991.35328510815
-66.6567289423517,-26.6291521121839,1997.5
-66.6058818908185,-26.5763871702201,2009.84502897631
-66.5546347110843,-26.5231394850543,2022.2100063482
-66.4509213335461,-26.4151701589392,2047
-66.3944467651403,-26.3562614381706,2060.36870830591
-66.3454567370839,-26.3050932371959,2071.89234040359
-66.2398710202351,-26.1946026527911,2096.5
-66.1239572447564,-26.0729734628253,2123.16098513565
-66.0233814954363,-25.9671582366444,2146
-66.0180678628312,-25.9615605499806,2147.19913328747
-65.9105102878789,-25.8480970323251,2171.31202186828
-65.8012450873272,-25.7325275018539,2195.5
-65.7446321607351,-25.6725274757292,2207.91232549126
-65.6875554141644,-25.6119525370322,2220.34447117778
-65.6335154635123,-25.5545234257185,2232.04013039989
-65.5732403387168,-25.4903796720489,2245
-65.4571504941064,-25.3665762601998,2269.71064065429
-65.3391314216417,-25.2403613518469,2294.5
-65.2902785088513,-25.1880114560048,2304.66492071891
-65.2410906958532,-25.1352409725789,2314.84316635167
-65.2192461380511,-25.1117854821874,2319.34536379588
-65.0986655568059,-24.9820930794224,2344
-64.9594225568388,-24.8318658524715,2372.0612614952
-64.8515750587591,-24.7151707667723,2393.5
-64.8406966596965,-24.7033834615486,2395.64836841572
-64.8263694601846,-24.6878546020518,2398.47391666304
-64.8120144068955,-24.6722903069636,2401.3004964165
-64.7832204121556,-24.6410549362434,2406.95675270202
-64.7543140139836,-24.6096763916832,2412.61714179685
-64.7252945468084,-24.5781537084583,2418.28166823218
-64.6617077845584,-24.5090070281768,2430.63099049315
-64.5975746484823,-24.4391620299545,2443
-64.4673691670185,-24.2970386249084,2467.84827539613
-64.4021461017325,-24.2256838039695,2480.16420665138
-64.3363546086688,-24.1535978287215,2492.5
-64.203152077704,-24.0073156816959,2517.20988262419
-64.0675840729035,-23.857974977962,2542
-63.9903189074259,-23.7726525940932,2555.96968856544
-63.9122700475916,-23.6863119248221,2569.96536136428
-63.910388320377,-23.6842283900128,2570.30136722411
-63.9085061351226,-23.6821442588024,2570.63738807489
-63.9047403898137,-23.6779742061741,2571.3094747533
-63.8972033952194,-23.6696269330377,2572.65382804564
-63.8821073518335,-23.6529036587285,2575.34325459725
-63.8518267407165,-23.6193417438792,2580.72498936814
-63.7909089407906,-23.5517527850816,2591.5
-63.7203433722701,-23.4733428588098,2603.89554466347
-63.6491328637176,-23.3940894807515,2616.31173760945
-63.5508091212684,-23.2844514353338,2633.30425228385
-63.505945837954,-23.2343451448068,2641
-63.4335456891693,-23.1533775843708,2653.34395023328
-63.3604753820768,-23.0715276447989,2665.70856565713
-63.2867252944605,-22.9887810110532,2678.09389820886
-63.2122856032826,-22.905123049292,2690.5
-63.1825254725919,-22.8716389181845,2695.43330787115
-63.1151323844736,-22.7957311645221,2706.54938086619
-63.0471660082729,-22.7190632766488,2717.68249439006
-62.9094829961258,-22.5634016066926,2740
-62.8785025907205,-22.528310994769,2744.97932763395
-62.8087380535358,-22.4492037067587,2756.13924688407
-62.7384598904091,-22.369392303832,2767.30765889383
-62.6676619426562,-22.2888672664983,2778.48457336147
-62.5963379411049,-22.2076188966249,2789.67
-62.5410734604437,-22.1445784909131,2798.28585062775
-62.4083768818745,-21.9929043705677,2818.79348811137
-62.27383632424,-21.8386815493291,2839.33
-62.2006980730025,-21.754657873246,2850.3872878975
-62.0718889829034,-21.6063601730697,2869.68099414036
-62.0068445838527,-21.5313210698563,2879.33733150893
-61.9413674170136,-21.4556788069618,2889
-61.9405910294539,-21.4547812633308,2889.1000846569
-61.9398145370261,-21.4538835838312,2889.20017366278
-61.9382612374816,-21.4520878171057,2889.40036472264
-61.9351533790415,-21.4484946519022,2889.80079904268
-61.9289326199899,-21.4413017877037,2890.60187654757
-61.916470894983,-21.4268898697591,2892.20486752515
-61.8914663102705,-21.3979608386217,2895.41419742546
-61.8411301238044,-21.3396784664147,2901.84628168333
-61.7903530836589,-21.2808234765631,2908.29632769777
-61.7391293300851,-21.221387518002,2914.76441081194
-61.6412673043813,-21.1076600690977,2927.01472392131
-61.5417532097245,-20.9917760540189,2939.33
-61.4367638656898,-20.8692580839056,2952.17095087527
-61.383577742039,-20.8070913263957,2958.61750086836
-61.3299224234721,-20.7443075366323,2965.08152815299
-61.2272715234653,-20.6240007849144,2977.33921702579
-61.1228796367265,-20.5013960085598,2989.66
-61.0128118899622,-20.3718446277665,3002.49571543133
-60.9007934300005,-20.239702523836,3015.39890143113
-60.7930156293057,-20.1122831686201,3027.66381416945
-60.6833972699939,-19.9824073501757,3039.99
-60.5678975703511,-19.8452583275073,3052.81908434385
-60.4503365217432,-19.7053413266053,3065.71352997519
-60.3370368608556,-19.5701914723859,3077.98700900047
-60.2217839116188,-19.4324060212739,3090.32
-60.1003711570366,-19.2869244116041,3103.14955388861
-59.9767695423652,-19.1384714544934,3116.04247592231
-59.8575314427601,-18.9949274676613,3128.32235675033
-59.7362128764733,-18.8485458772883,3140.66
-59.6085023214169,-18.6940904612851,3153.48051912725
-59.4784603875733,-18.5364364122717,3166.3623986169
-59.3527927488812,-18.3837238583545,3178.6481624524
-59.2248986872223,-18.2279426279846,3190.99
-58.9531002625362,-17.8956709671092,3216.69183982688
-58.8204792772923,-17.7329507673354,3228.97873402073
-58.6854651485847,-17.5668984994169,3241.32
-58.405638847819,-17.221482182369,3266.37483646147
-58.1152580664941,-16.8612576326743,3291.65
-58.0100647457879,-16.7303201633529,3300.62894076405
-57.9339078035747,-16.6353794385322,3307.07193322699
-57.811398950814,-16.4823987434052,3317.33618064189
-57.5519968271812,-16.1574429329064,3338.6688674973
-57.511138912184,-16.1061329133126,3341.98
-57.3339089271622,-15.8831683544798,3356.19208780315
-57.1527402260935,-15.6545877738205,3370.47067351015
-57.0122728669568,-15.4769045108165,3381.37088028597
-56.8693650512767,-15.2957295047646,3392.31
-56.8686502208351,-15.294822240083,3392.36434000005
-56.7362881595967,-15.1266538809497,3402.36247766525
-56.2998876028951,-14.5697747303342,3434.44472730291
-56.1854270025685,-14.423107579079,3442.64
-55.8418690468219,-13.9813951704654,3466.70910756626
-55.5352344965969,-13.5853064539507,3487.5369695979
-55.4537521848732,-13.479765267277,3492.97
-55.3609929743558,-13.3594720055996,3499.1039710572
-54.8534284405482,-12.6985500213431,3531.7293278752
-54.6673624345811,-12.4551475379952,3543.3
-54.3166315552393,-11.9947550857103,3564.56143118921
-53.9479633285199,-11.5086456232689,3586.15679406558
-53.8171116579167,-11.3355893406048,3593.64
-53.7483401294059,-11.2445289405099,3597.53542656682
-53.1421663176195,-10.4387779042993,3630.78033222899
-52.8914529022487,-10.1039360573416,3643.97
-52.4939832537872,-9.57128216891161,3664.23116754033
-52.001734919491,-8.9086754389644,3688.25154454241
-51.8738955012222,-8.73608411031507,3694.3
-51.7973688392415,-8.63267099584488,3697.88393367011
-51.0419085899944,-7.60806035051761,3731.82301655774
-50.740972695015,-7.19812957298969,3744.63
-50.2174765118338,-6.48282249101127,3765.97595971175
-49.4805147852921,-5.4715370770566,3794.08314579437
-49.4565470272945,-5.43857070230065,3794.96
-49.308023829854,-5.23418434407006,3800.34253176438
-48.2872442818814,-3.82524229548002,3835.00544199814
-47.9595974152099,-3.37165924068171,3845.29
-47.1180587159245,-2.20438728765016,3869.90796215946
-47.0016661499722,-2.04273350572038,3873.11357344114
-46.8834169192903,-1.8784591299099,3876.32157748084
-46.6410348191693,-1.54161883099047,3882.74477455844
-46.1301948238006,-0.831296410881389,3895.62
-46.0265155395399,-0.687082299624323,3898.12496232423
-45.7929204894552,-0.362123453521046,3903.63740321895
-45.2794598784949,0.352228205926155,3915.12230326423
-44.721428231337,1.12842390268756,3926.63688105051
-43.6531481982034,2.61259435014573,3945.95
-43.0466579036233,3.45339533146869,3955.36729693952
-42.9588452559758,3.57498889395421,3956.64036192071
-42.8694017938271,3.69879887860925,3957.91377751133
-42.7782402558116,3.82494222871133,3959.18754385624
-42.6852652746566,3.95354671173068,3960.46166110037
-42.4934463425983,4.2187131173049,3963.01094886649
-42.2929728430372,4.49559952363897,3965.5616419708
-42.0826476794241,4.78580752171431,3968.11374157569
-41.8609681219182,5.09134641236604,3970.66724884483
-41.3752062336732,5.75955910185912,3975.77849103703
-40.8106185223123,6.53370334046235,3980.89537788254
-40.1129931145386,7.48606322472544,3986.01791873711
-39.101100570578,8.85797771923474,3991.1461229772
-37.6242993490176,10.8366481237527,3993.8921505848
-36.1278729050126,12.8081965443548,3991.1461229772
-35.0793843917172,14.1668235159677,3986.01791873711
-34.345274169963,15.1059273262641,3980.89537788254
-33.7443123605748,15.8668468422919,3975.77849103703
-33.2222868054602,16.5218661189437,3970.66724884483
-32.9825166786269,16.8208200099169,3968.11374157569
-32.754128461725,17.1044508254852,3965.5616419708
-32.5356193938711,17.3747678628758,3963.01094886649
-32.3257923477476,17.6333727095498,3960.46166110037
-32.2238235894112,17.7586993386426,3959.18754385624
-32.1236751264172,17.8815667860695,3957.91377751133
-32.0252515876783,18.0021028188687,3956.64036192071
-31.9284657080182,18.1204243798865,3955.36729693952
-31.2557338493674,18.9370541379469,3945.95
-30.05243802514,20.3718655191933,3926.63688105051
-29.4144479949566,21.1187712175165,3915.12230326423
-28.8216264517409,21.8040082168272,3903.63740321895
-28.55007729546,22.1150276868507,3898.12496232423
-28.429180114975,22.2529149031222,3895.62
-27.8301490256734,22.9307982893532,3882.74477455844
-27.5439618999628,23.2515057829848,3876.32157748084
-27.4038820094019,23.4077352098832,3873.11357344114
-27.2657064237226,23.5613582723014,3869.90796215946
-26.2579195471465,24.6672297863594,3845.29
-25.861363124227,25.0953051968544,3835.00544199814
-24.6107442722179,26.4189246616606,3800.34253176438
-24.4268579465244,26.6101495792469,3794.96
-24.3971375912397,26.6409740994299,3794.08314579437
-23.4770512751757,27.5839515542614,3765.97595971175
-22.8161038530864,28.2478265114484,3744.63
-22.4333726660355,28.6270847141884,3731.82301655774
-21.4636088913728,29.5710974908743,3697.88393367011
-21.3646572480479,29.6660568918401,3694.3
-21.1990621453377,29.8244066305601,3688.25154454241
-20.5579950291751,30.4307734537173,3664.23116754033
-20.0363736676131,30.9163804845263,3643.97
-19.7055162702147,31.2207893400448,3630.78033222899
-18.8997163777203,31.9505208522411,3597.53542656682
-18.807774070791,32.0327375312912,3593.64
-18.6325413332204,32.1888429239139,3586.15679406558
-18.1367603612833,32.6263174247402,3564.56143118921
-17.6622671738351,33.0392342055031,3543.3
-17.4094240420892,33.2569701483541,3531.7293278752
-16.7157610509517,33.8461744697742,3499.1039710572
-16.5883699330146,33.9530906375201,3492.97
-16.4763077579621,34.046811807686,3487.5369695979
-16.0532707100743,34.3978378954548,3466.70910756626
-15.5768142734065,34.7879659520993,3442.64
-15.4174966418691,34.917189053388,3434.44472730291
-14.8074199452291,35.4063712433703,3402.36247766525
-14.6215535076785,35.5536334411001,3392.36434000005
-14.6205486800581,35.5544273275515,3392.31
-14.4194403131649,35.7128337344838,3381.37088028597
-14.2213310463705,35.8679387761253,3370.47067351015
-13.9651826946433,36.0671078516385,3356.19208780315
-13.7139121771977,36.2609823318302,3341.98
-13.6558885305472,36.3055413523529,3338.6688674973
-13.286660191468,36.5872444937145,3317.33618064189
-13.1117782116302,36.7195625845781,3307.07193322699
-13.0029009560516,36.8015822245486,3300.62894076405
-12.8523071111339,36.9145758732153,3291.65
-12.4353705267069,37.2246864647008,3266.37483646147
-12.0318879986035,37.5210012928044,3241.32
-11.8366169081268,37.6630777435633,3228.97873402073
-11.6444323613935,37.8020663312319,3216.69183982688
-11.2494069413478,38.0851407007991,3190.99
-11.0629939144664,38.2175110029726,3178.6481624524
-10.8794941791138,38.347057043534,3166.3623986169
-10.6892619910221,38.4805677505958,3153.48051912725
-10.502099844893,38.6111437516471,3140.66
-10.3239939588843,38.7346859079923,3128.32235675033
-10.1486478636602,38.8556346297294,3116.04247592231
-9.96657791475508,38.9805109460979,3103.14955388861
-9.7874290389791,39.1026801596588,3090.32
-9.61709220839155,39.2181952847699,3077.98700900047
-9.44938025855344,39.3313185836965,3065.71352997519
-9.2750868615564,39.4482403652869,3052.81908434385
-9.10357933192012,39.5626581970001,3039.99
-8.94055833116169,39.6708326282359,3027.66381416945
-8.78004114583479,39.7767936498359,3015.39890143113
-8.61296388886014,39.8865055328322,3002.49571543133
-8.44855455749106,39.9938905463517,2989.66
-8.29240293922273,40.0953558463721,2977.33921702579
-8.13864714991016,40.1947653332299,2965.08152815299
-8.05819750476818,40.2465826230655,2958.61750086836
-7.97839598219581,40.2978492514154,2952.17095087527
-7.82070648184414,40.3987640570669,2939.33
-7.67104346942102,40.4940656931159,2927.01472392131
-7.52367875371074,40.5874519627007,2914.76441081194
-7.44647048062109,40.636201024578,2908.29632769777
-7.3698858776803,40.68443535096,2901.84628168333
-7.29391750728163,40.732162765377,2895.41419742546
-7.25616210399676,40.7558387915872,2892.20486752515
-7.23734120393249,40.7676302974297,2890.60187654757
-7.2279449054478,40.773514474667,2889.80079904268
-7.22325028801063,40.7764536757256,2889.40036472264
-7.22090386148462,40.7779225551582,2889.20017366278
-7.21973086867499,40.7786568146993,2889.1000846569
-7.21855802279839,40.7793909541613,2889
-7.11960399598472,40.8412298144335,2879.33733150893
-7.02122336579573,40.9025125075153,2869.68099414036
-6.82616141575269,41.0234378724914,2850.3872878975
-6.71526535673549,41.0918424228742,2839.33
-6.51100589165597,41.217187521652,2818.79348811137
-6.30921517064813,41.340194660359,2798.28585062775
-6.22507846915511,41.3912418325129,2789.67
-6.11640870289976,41.4569646670531,2778.48457336147
-6.00844772916567,41.522026134138,2767.30765889383
-5.90118834999065,41.5864357139001,2756.13924688407
-5.7946234774482,41.6502027061806,2744.97932763395
-5.74727263452417,41.6784648322109,2740
-5.53662515061818,41.8036580287936,2717.68249439006
-5.43251380379158,41.8652122977091,2706.54938086619
-5.32919844753332,41.9260862351106,2695.43330787115
-5.2835494230218,41.9529164666711,2690.5
-5.16929701931053,42.019890331492,2678.09389820886
-5.05600548030321,42.0860502945903,2665.70856565713
-4.94366280181751,42.1514103606289,2653.34395023328
-4.83225719461832,42.215984217272,2641
-4.76317746693258,42.255904522312,2633.30425228385
-4.61165648087756,42.3431450367669,2616.31173760945
-4.50181243439269,42.406113982299,2603.89554466347
-4.3928760446471,42.4683346485434,2591.5
-4.29876398172968,42.5219058715453,2580.72498936814
-4.25195949421935,42.5484855048108,2575.34325459725
-4.22861975127812,42.5617242628329,2572.65382804564
-4.21696545720131,42.5683309311969,2571.3094747533
-4.21114219855606,42.5716310944377,2570.63738807489
-4.2082315405886,42.5732803841609,2570.30136722411
-4.20532152990907,42.5749291462713,2569.96536136428
-4.0845686310477,42.6432040234658,2555.96968856544
-3.96492529654928,42.7105792722111,2542
-3.75475533513254,42.8282794244128,2517.20988262419
-3.5479494530466,42.9432859583139,2492.5
-3.44569367067372,42.999855831854,2480.16420665138
-3.34424992283138,43.0557839513376,2467.84827539613
-3.14152518042815,43.1669779152196,2443
-3.04156941850943,43.2215234040313,2430.63099049315
-2.94239846608319,43.2754584979274,2418.28166823218
-2.89711722054584,43.3000249444233,2412.61714179685
-2.85199872826682,43.3244656120576,2406.95675270202
-2.80704213674913,43.3487814086689,2401.3004964165
-2.78462428793273,43.3608927623126,2398.47391666304
-2.76224659744118,43.3729732347623,2395.64836841572
-2.74525337077876,43.3821408067826,2393.5
-2.57668034561357,43.4727972458456,2372.0612614952
-2.35875712814625,43.5892261556055,2344
-2.16979171919672,43.6894867141755,2319.34536379588
-2.13553381111798,43.7075940629094,2314.84316635167
-2.0583670605879,43.748303816023,2304.66492071891
-1.98168804304875,43.7886501306225,2294.5
-1.79629250438178,43.8857641033805,2269.71064065429
-1.61371650306639,43.9808007090332,2245
-1.51883908911228,44.0299530679622,2232.04013039989
-1.43372895343877,44.0739094179598,2220.34447117778
-1.34378763887403,44.1202214860038,2207.91232549126
-1.25452832656588,44.1660410625591,2195.5
-1.08211746137773,44.2541475107911,2171.31202186828
-0.91222630053727,44.3404559358667,2147.19913328747
-0.903828753975731,44.3447089722184,2146
-0.744802215111349,44.4250175250967,2123.16098513565
-0.561339095026653,44.517119958849,2096.5
-0.394052212055541,44.6005933417091,2071.89234040359
-0.316379067918149,44.6391867495693,2060.36870830591
-0.226796436247284,44.6835686779823,2047
-0.0621626334006464,44.7647740632186,2022.2100063482
0.0192431370071944,44.8047559578287,2009.84502897631
0.100049945771701,44.8443318274837,1997.5
0.140111261459026,44.8639109747369,1991.35328510815
0.180025370582726,44.883391023552,1985.21157586195
0.219793042769453,44.9027726761698,1979.07486614926
0.259415042236014,44.9220566283899,1972.94314986794
0.263838347274103,44.9242077898459,1972.25753325194
0.268259839942743,44.9263577382861,1971.5719790383
0.344113100175477,44.9631897491356,1959.77676083581
0.41943463165488,44.9996672109903,1948
0.49833525417948,45.0377752214924,1935.59437804998
0.576655957724299,45.0754993468659,1923.2092043829
0.654402783350733,45.1128449869348,1910.84442848281
0.731581687985098,45.1498174435056,1898.5
0.807888936728133,45.186274201318,1886.22570701501
0.883640946722267,45.2223693621085,1873.9718514899
0.960455946006732,45.2588732167435,1861.47531612652
0.998650295606822,45.2769872492469,1855.23500903794
1.0367035314034,45.2950102123753,1849
1.03864545111486,45.2959293081797,1848.68134029567
1.04058700335187,45.2968481673812,1848.36269448377
1.11344656211487,45.3312844130231,1836.37139519048
1.18579019573937,45.365389654603,1824.39975341869
1.33500102068365,45.4354590943631,1799.5
1.40698968189906,45.4691335260524,1787.3853461322
1.4784628417685,45.5024823806431,1775.29117016255
1.55284261958933,45.5370982706177,1762.63439076853
1.62666748053698,45.5713661411853,1750
1.63566614926803,45.5755370180873,1748.45502649824
1.76889033548527,45.6371313828504,1725.4548124004
1.91188310237813,45.7029198887804,1700.5
1.97944018783028,45.7338860346219,1688.61198033775
2.04652203146887,45.7645610498228,1676.74440637374
2.11894736463158,45.7975976735981,1663.8601754062
2.19082202590735,45.830299244356,1651
2.21546467475974,45.8414919648531,1646.57372505332
2.32668641080633,45.8918872120811,1626.48639000535
2.46364868302693,45.9536723101403,1601.5
2.52440789254761,45.9809850676318,1590.32581136295
2.58476384504638,46.0080580519272,1579.170417641
2.6579376484416,46.0408024885268,1565.57126913744
2.73052222174979,46.0731988740268,1552
2.77931365553448,46.0949286092485,1542.83118695309
2.86021709654339,46.1308763359075,1527.54507831142
2.99159096965268,46.1890283585605,1502.5
3.04358817114998,46.2119692260893,1492.51001140198
3.09527390789253,46.2347303575615,1482.53582354711
3.17147165752917,46.2682091444591,1467.75058586692
3.24699643823382,46.3013020554169,1453
3.32585026758896,46.3357580334022,1437.49595584382
3.37121908854321,46.3555381994551,1428.52728207025
3.43428515245328,46.3829805679518,1416.00091043435
3.49687707392113,46.4101551249182,1403.5
3.55324108829338,46.4345734674288,1392.1836683677
3.60921856151923,46.458775331458,1380.88870621486
3.6648131717303,46.4827633834457,1369.61505306817
3.72002855154508,46.5065402476764,1358.36264868231
3.74136262369075,46.5157144530513,1354
3.82867368612401,46.5531869323818,1336.05757999491
3.86692468613683,46.569566444507,1328.15206802809
3.90499098591775,46.5858444013072,1320.25731532995
3.94287382144958,46.6020216780088,1312.37329995064
3.98057441797486,46.6180991401505,1304.5
4.03887597439974,46.6429187569081,1292.27046329956
4.06786229455324,46.6552390692927,1286.16558487831
4.09673973233842,46.6675002473065,1280.0672855322
4.09960282887465,46.6687152012687,1279.46176837359
4.10246485680605,46.6699295758129,1278.85631604003
4.11657614277881,46.6759152329409,1275.86876266185
4.13066147314477,46.6818868286836,1272.88278717215
4.1587545296312,46.6937880189284,1266.91556486065
4.18674455450616,46.7056335126852,1260.95463912357
4.21463207077521,46.7174236722841,1255
4.22461383305021,46.7216408194989,1252.86486936871
4.25464452616093,46.7343191381725,1246.42905929664
4.26961479572125,46.7406341081114,1243.21398312205
4.28455512414394,46.7469330275435,1240.00079064521
4.29946559426412,46.7532159532016,1236.78948021112
4.31434628861999,46.7594829415606,1233.58005016674
4.32177549573723,46.7626104768896,1231.97603977464
4.32919728973108,46.7657340489558,1230.37249886094
4.33661168083594,46.7688536647466,1228.76942721957
4.34031610351542,46.7704119912253,1227.96806731163
4.34401867930222,46.7719693312483,1227.16682464455
4.39400184325477,46.7929722533517,1216.32268603573
4.44364936463015,46.8137963987379,1205.5
4.5003255534981,46.8375227309069,1193.08182241803
4.55656203966545,46.8610166739721,1180.69249676883
4.61236352396863,46.8842813826446,1168.33192261882
4.6677346423901,46.9073199567647,1156
4.77613708382643,46.9522891188361,1131.66158906888
4.83178526156514,46.9753049383813,1119.06540313811
4.88699112502083,46.9980916427892,1106.5
4.94027533864221,47.0200416115427,1094.30565081738
4.99314493082208,47.0417785500233,1082.1409665081
5.04754941840243,47.0641026936136,1069.5546440837
5.10151748364522,47.0862038676638,1057
5.15358520347544,47.1074854312272,1044.82116506304
5.20524359327744,47.1285595877659,1032.67290433428
5.25854298152049,47.1502613813801,1020.07004160769
5.31140924028136,47.1717449249987,1007.5
5.36234050215941,47.1924027258678,995.323620858176
5.41286675049132,47.2128580892449,983.178802118096
5.46502667510845,47.2339350175499,970.572443581608
5.51675758385691,47.254798681232,958
5.54168965049529,47.2648398899615,951.91554374812
5.56652103349273,47.2748313913604,945.839249902263
5.61588395651513,47.2946666254265,933.711083816563
5.64148560133673,47.304939795193,927.395103104456
5.66698000471989,47.3151603024586,921.087941193903
5.71764952554339,47.3354448136834,908.5
5.74200871389576,47.3451830313039,902.423247724747
5.76626818073854,47.3548726857455,896.354941210249
5.81449016331588,47.3741076358413,884.243595131338
5.83956876667331,47.3840975426736,877.918955197763
5.86454058093102,47.3940357174342,871.60348931928
5.91416630656219,47.4137583423055,859
5.93804028459559,47.4232336306732,852.91138122816
5.96181514156623,47.4326612670937,846.831503704974
6.00906972062525,47.4513748999212,834.697897215213
6.03355694114526,47.4610593946449,828.384305116467
6.0579387884498,47.4706934935933,822.080138932514
6.10638881762915,47.4898119436455,809.5
6.15283504225144,47.5081074860831,797.373209296456
6.17591186618037,47.5171859225305,791.323321138095
6.19889190400028,47.526218563879,785.282411049003
6.24685287999716,47.545045533878,772.621532191134
6.27067571739902,47.5543846805851,766.3058592348
6.28254799740587,47.5590358267683,763.151704332378
6.29439428818296,47.5636747474449,760
6.34065501523277,47.5817705675997,747.624980525305
6.37594155746737,47.595552710607,738.10585056905
6.41069232318081,47.6091079286731,728.662576868828
6.44491818267339,47.6224412794566,719.29425629553
6.47862972971519,47.6355576779767,710
6.50064827812425,47.6441157129023,703.893262828064
6.5224494371258,47.6525823431336,697.818265601651
6.52282039250638,47.6527263467308,697.714649662011
6.56541092232489,47.6692466182658,685.762506287605
6.56613829244654,47.6695285273248,685.557420936635
6.58693712421618,47.6775863609628,679.679239165515
6.60753680979384,47.6855608857698,673.830777988988
6.61972640951421,47.6902768245966,670.357470241551
6.63184664306434,47.69496380171,666.894602614602
6.64389803926734,47.699622058493,663.442128107172
6.64989808850288,47.7019404919841,661.719773662561
6.65588112441132,47.7042518347536,660
6.69661688621031,47.7199750027241,647.44308825296
6.69884010104032,47.720832430251,646.754516626808
6.73660738673323,47.7353872748857,635.004994961893
6.74097053008401,47.7370674308896,633.641205778202
6.77587080844337,47.7504969529406,622.6840416075
6.7822937149637,47.7529665606688,620.658098913648
6.81442477894228,47.7653120587617,610.478581138349
6.8159296092462,47.7658898859741,610
6.82283027470341,47.7685391985346,607.803266391352
6.85228639182036,47.7798403459879,598.386997236882
6.85413359316674,47.7805486293625,597.794365946859
6.8916491712516,47.7949228642921,585.703166460287
6.92849293851562,47.8090200655135,573.724799718285
6.97031770729278,47.8249995541615,560
6.99090828304641,47.8328571585564,553.192741540924
7.00714813883725,47.8390502029362,547.800018114301
7.01625008537165,47.8425195686843,544.768301784382
7.02531028502808,47.845971846705,541.743844590016
7.03432899418956,47.8494071511109,538.726620490491
7.04330646726173,47.8528255950482,535.716603569497
7.04698658623933,47.8542265790081,534.480806121155
7.04882405189738,47.8549260111927,533.863362308618
7.04974213721684,47.8552754627576,533.554754032585
7.05065979122234,47.8556247381306,533.246221472873
7.05477057137632,47.8571892263968,531.863248856533
7.05887270378618,47.8587501831147,530.481796516729
7.06092053476668,47.8595293405472,529.791639667362
7.06296621294578,47.8603076191456,529.101861948018
7.0650097413572,47.8610850202556,528.412463046378
7.06603070035383,47.861473392175,528.067905554689
7.06654097871441,47.8616674960488,527.895662281578
7.06705112304557,47.8618615452264,527.723442650462
7.07672652368751,47.8655411803091,524.453026404614
7.07880902233258,47.8663329971935,523.748093657487
7.10244683714866,47.8753163377613,515.721110339925
7.11921006347457,47.8816822257473,510
7.14476579541336,47.8913793921708,501.231837635871
7.17497550216052,47.902830525076,490.793867695779
7.20470512057166,47.9140870022157,480.443297181012
7.2339648232668,47.9251532871134,470.179032946135
7.26276451334761,47.9360337141656,460
7.27652297009821,47.9412274567473,455.110153799645
7.29017727688019,47.9463792274298,450.239855181777
7.30372848764308,47.951489484995,445.388987165494
7.31717764296555,47.9565586818796,440.55743370145
7.33052577025983,47.9615872642818,435.745079662605
7.34377388397178,47.966575672265,430.951810835079
7.35692298577855,47.9715243398607,426.177513909115
7.36997406478149,47.976433695168,421.42207647015
7.37781679130883,47.9793826920482,418.556340878194
7.38562426479085,47.9823175683882,415.697432495386
7.39339669723687,47.985238415703,412.845326953464
7.39726983938911,47.9866936070577,411.421817664446
7.40113430005994,47.9881453251335,410
7.4288827288436,47.9985630586985,399.307878836069
7.45622167676075,48.0088164131654,388.697138499809
7.48315920479608,48.0189088889561,378.166853394176
7.50970317545486,48.0288438924197,367.716111905669
7.52918057322218,48.0361276615866,360
7.53586128550332,48.0386247489306,357.344016141245
7.55373695173361,48.0453031427385,350.213610508655
7.5616409934705,48.0482546765955,347.049681671167
7.57795736202597,48.0543447644909,340.49665633665
7.6018479092569,48.063255151755,330.84840112145
7.62541461135747,48.0720368836758,321.268118876023
7.65293600514866,48.0822823744886,310
7.67665705037244,48.091104550812,300.217481876511
7.70004959726741,48.0997968115362,290.505624974055
7.72311971319969,48.1083617365024,280.863666446062
7.74587332540501,48.1168018409307,271.290854387338
7.77251815886805,48.1266761037279,260
7.79542676447717,48.1351578078617,250.221496159884
7.81801413240723,48.1435133784108,240.514923480173
7.84028626872006,48.1517453431916,230.879491175603
7.86224903910578,48.159856166151,221.314420010072
7.87519833802411,48.164635163936,215.644922069009
7.88804090317517,48.1693724555359,210
7.90032127393893,48.1739002119725,204.581591531031
7.91257295754488,48.178415291639,199.16578174378
7.93699063791365,48.1874076199851,188.341950740003
7.95012768689321,48.1922421726815,182.501932901358
7.96323172649275,48.1970621781796,176.664936727765
7.98934124108821,48.2066587933455,165
7.99501134414319,48.2087415970557,162.460614540196
8.01718352791494,48.2168818216528,152.509498489537
8.03926112673584,48.2249805150105,142.567164179106
8.05239040510786,48.229793490428,136.638571687629
8.07077620822122,48.2365293876991,128.316210957766
8.08909652416671,48.243236614382,120
8.10627855572083,48.2495228632853,112.178010498598
8.13123650584954,48.258646713592,100.775120697231
8.14394873235797,48.2632905812803,94.9483509011809
8.15662169814559,48.2679178726359,89.126912393105
8.16925557019503,48.2725286700112,83.3107978594423
8.18185051457803,48.2771230552318,77.5
8.1932984808688,48.2812971359827,72.2074135776759
8.20471435835796,48.2854577063253,66.9192339716901
8.21609827090701,48.2896048271239,61.6354556803995
8.22745034176408,48.2937385588901,56.3560732113143
8.2389224294059,48.2979141788184,51.0103056534594
8.25036206776949,48.3020761719032,45.6690413893526
8.26176938322916,48.3062246000322,40.3322747310044
8.26746095938455,48.3082937465503,37.6655762291114
8.27030373390126,48.3093270562674,36.332647874741
8.27172436862149,48.3098433956574,35.6662888829499
8.27314450197291,48.3103595248933,35
8.27648011553954,48.3115717010119,33.125
8.27981389247799,48.3127830557882,31.25
8.28185770097065,48.3135256140394,30.1
8.28647594252293,48.31520330458,27.5
8.29313066419641,48.3176202777903,23.75
8.29645528066433,48.3188275380857,21.875
8.29811690346493,48.3194308620111,20.9375
8.29894754358914,48.3197324474626,20.46875
8.29977806956063,48.3200339819235,20
8.30400814016592,48.3215696221249,17.3283812080545
8.30823487785202,48.323103805124,14.6567624161089
8.31402653895736,48.3252056085529,10.9925718120812
8.31981194809558,48.3273046799439,7.32838120805445
8.32559111536889,48.3294010245279,3.66419060402677
8.32847836145724,48.3304481758982,1.83209530201384
8.32992140066499,48.3309714966379,0.916047651006011
8.33064277437848,48.331233093307,0.458023825503005
8.33136405085791,48.3314946475223,0
