41.39,-43.4,10
41.3892767350975,-43.3986588123552,10.9925718120812
41.3866050173861,-43.3937039532278,14.6567624161089
41.3846553341442,-43.3900875991926,17.3283812080545
41.3827042221929,-43.3864681298917,20
41.3823207617559,-43.3857567252705,20.46875
41.3819372527845,-43.3850452126243,20.9375
41.3811700892007,-43.3836218631584,21.875
41.3796351792062,-43.3807738668413,23.75
41.3765630258027,-43.3750726791279,27.5
41.3734877571622,-43.3693645540777,31.25
41.3719489531189,-43.3665078860823,33.125
41.3704093684541,-43.363649478986,35
41.3697524378332,-43.3624297272522,35.6662888829499
41.3690952868292,-43.3612095134877,36.332647874741
41.3677803232663,-43.3587676988933,37.6655762291114
41.365147747073,-43.353878514601,40.3322747310044
41.3598719755796,-43.3440778707301,45.6690413893526
41.3545820012127,-43.3342474207806,51.0103056534594
41.3492777711675,-43.3243870378492,56.3560732113143
41.3440297703355,-43.3146277905641,61.6354556803995
41.3387677860724,-43.304839150448,66.9192339716901
41.3334917669113,-43.2950209935474,72.2074135776759
41.3282016611394,-43.2851731952288,77.5
41.3223823963087,-43.2743363750152,83.3107978594423
41.3165460494943,-43.2634635698749,89.126912393105
41.3106925514051,-43.2525546124312,94.9483509011809
41.3048218323859,-43.2416093342944,100.775120697231
41.2932984898847,-43.2201130777238,112.178010498598
41.2853674118689,-43.2053085382745,120
41.276912762748,-43.1895181548258,128.316210957766
41.2684298285763,-43.1736661031984,136.638571687629
41.2623733619647,-43.1623429681827,142.567164179106
41.2521913068168,-43.1432964723849,152.509498489537
41.2419684329097,-43.1241607656842,162.460614540196
41.2393545829761,-43.1192659567106,165
41.2273207720433,-43.0967200456717,176.664936727765
41.2212826147661,-43.0854005394561,182.501932901358
41.2152302268426,-43.0740498372619,188.341950740003
41.2039833259429,-43.0529452800808,199.16578174378
41.1983414147751,-43.0423524713981,204.581591531031
41.1926871457659,-43.0317325112935,210
41.1867747543298,-43.0206235105701,215.644922069009
41.1808139755816,-43.0094192140712,221.314420010072
41.170705864364,-42.9904092467728,230.879491175603
41.1604575744801,-42.9711227293423,240.514923480173
41.1500664939775,-42.951554199106,250.221496159884
41.1395299495025,-42.9316980560051,260
41.1272778986958,-42.9085917106829,271.290854387338
41.116817626616,-42.8888497575055,280.863666446062
41.106214181731,-42.8688237116853,290.505624974055
41.0954649303148,-42.8485080186357,300.217481876511
41.0845671774898,-42.8278969854031,310
41.0719265763297,-42.8039711593008,321.268118876023
41.0611049901349,-42.7834725015867,330.84840112145
41.0501371585369,-42.7626819198757,340.49665633665
41.0426479513375,-42.748476782385,347.049681671167
41.0390204125944,-42.7415937392263,350.213610508655
41.0308174173957,-42.726022974994,357.344016141245
41.0277520470915,-42.7202021919795,360
41.018816155652,-42.7032272688662,367.716111905669
41.006640863402,-42.6800826020163,378.166853394176
40.9942881326626,-42.6565816796177,388.697138499809
40.9817544842985,-42.6327170373762,399.307878836069
40.969036352943,-42.6084810113697,410
40.9672638062012,-42.6051015868338,411.421817664446
40.96548733605,-42.6017142868571,412.845326953464
40.9619225794143,-42.5949159619816,415.697432495386
40.9583419889732,-42.5880858358398,418.556340878194
40.9547454704332,-42.5812237068167,421.42207647015
40.9487610359233,-42.5698018549645,426.177513909115
40.9427323237386,-42.5582909488885,430.951810835079
40.9366588941638,-42.5466900463187,435.745079662605
40.9305403019763,-42.5349981922956,440.55743370145
40.9243760963627,-42.5232144189618,445.388987165494
40.9181658208333,-42.5113377453494,450.239855181777
40.9119090131356,-42.4993671771623,455.110153799645
40.9056052051659,-42.487301706555,460
40.8924121982834,-42.4620341387223,470.179032946135
40.8790117032806,-42.4363467395995,480.443297181012
40.8653993256208,-42.4102300048755,490.793867695779
40.8515705529493,-42.3836741552443,501.231837635871
40.8398748633877,-42.3611956888274,510
40.8322044320293,-42.3464441610079,515.721110339925
40.8213901471626,-42.3256338388379,523.748093657487
40.8204375052751,-42.3237999265062,524.453026404614
40.8160116917082,-42.3152783733048,527.723442650462
40.8157783463155,-42.3148290164682,527.895662281578
40.8155449405846,-42.3143795365448,528.067905554689
40.8150779480258,-42.3134802072565,528.412463046378
40.8141432379371,-42.3116800696393,529.101861948018
40.8132075600932,-42.3098779575063,529.791639667362
40.8122709131508,-42.30807386792,530.481796516729
40.8103947066395,-42.3044597447144,531.863248856533
40.8085146075538,-42.3008376763049,533.246221472873
40.8080949195147,-42.3000290733656,533.554754032585
40.8076750373409,-42.2992200740777,533.863362308618
40.8068346901124,-42.2976008854113,534.480806121155
40.8051516607747,-42.2943577403622,535.716603569497
40.8010462022606,-42.286445145256,538.726620490491
40.7969221865435,-42.2784946350572,541.743844590016
40.7927795010056,-42.2705059629614,544.768301784382
40.7886180321664,-42.2624788801172,547.800018114301
40.7811938231597,-42.2481528265196,553.192741540924
40.7717820335285,-42.2299814107077,560
40.7526690403992,-42.193045215139,573.724799718285
40.7358375305709,-42.1604796072756,585.703166460287
40.7187041613375,-42.1272929693049,597.794365946859
40.7178606752006,-42.1256582064757,598.386997236882
40.7044118069811,-42.0995806828934,607.803266391352
40.7012615986834,-42.0934690601716,610
40.7005746543748,-42.0921361726482,610.478581138349
40.6859089815972,-42.0636658191182,620.658098913648
40.682977796799,-42.0579722458076,622.6840416075
40.6670531162534,-42.0270207774962,633.641205778202
40.6650625563794,-42.0231496174887,635.004994961893
40.6478351118302,-41.989625243539,646.754516626808
40.6468211545742,-41.9876509150011,647.44308825296
40.6282455713659,-41.9514581775861,660
40.6255120906301,-41.9461285283828,661.719773662561
40.6227709461141,-41.9407829764901,663.442128107172
40.6172655512148,-41.9300439082982,666.894602614602
40.6117291526164,-41.9192404499237,670.357470241551
40.6061615152313,-41.9083720751844,673.830777988988
40.5967535609371,-41.8899981381063,679.679239165515
40.5872559457267,-41.871437584322,685.557420936635
40.5869238215295,-41.8707883269342,685.762506287605
40.5674793214095,-41.8327523214005,697.714649662011
40.5673099871312,-41.8324208681025,697.818265601651
40.5573588743852,-41.8129361889112,703.893262828064
40.547309953784,-41.7932470888866,710
40.5319272798225,-41.7630822885389,719.29425629553
40.5163133012918,-41.7324327769613,728.662576868828
40.500463314465,-41.7012878839442,738.10585056905
40.4843724937489,-41.6696366372297,747.624980525305
40.4632827487873,-41.6281017375045,760
40.4578832340191,-41.6174585056752,763.151704332378
40.4524724826287,-41.6067893463372,766.3058592348
40.4416171417037,-41.5853728929566,772.621532191134
40.419770199186,-41.5422249534532,785.282411049003
40.4093059451386,-41.5215360581081,791.323321138095
40.3987998904214,-41.5007502470825,797.373209296456
40.3776614606199,-41.4588853399648,809.5
40.3556208419968,-41.4151718772184,822.080138932514
40.3445329543458,-41.393157254825,828.384305116467
40.3333996765953,-41.3710364274537,834.697897215213
40.3119222078333,-41.3283170434526,846.831503704974
40.3011199466831,-41.3068082870016,852.91138122816
40.2902750276895,-41.2851992925331,859
40.2677398170796,-41.240247793514,871.60348931928
40.2564039112625,-41.217610737402,877.918955197763
40.2450221331936,-41.1948651831383,884.243595131338
40.2231441741877,-41.1510962851838,896.354941210249
40.212141453329,-41.129060638816,902.423247724747
40.2010959342149,-41.1069233271092,908.5
40.178127956254,-41.0608399382675,921.087941193903
40.1665755738002,-41.0376348534222,927.395103104456
40.1549772614265,-41.0143198782225,933.711083816563
40.1326218869979,-40.9693311279732,945.839249902263
40.1213800272981,-40.946682767026,951.91554374812
40.110095083299,-40.923930871859,958
40.0866882172415,-40.8766861264524,970.572443581608
40.0630980910974,-40.8289983646753,983.178802118096
40.0402571529293,-40.7827550605752,995.323620858176
40.0172433523102,-40.7360920043548,1007.5
39.9933660207001,-40.6876039158878,1020.07004160769
39.9693041695433,-40.6386646535112,1032.67290433428
39.9459937161399,-40.5911803574331,1044.82116506304
39.9225090214826,-40.5432680866148,1057
39.8981782336282,-40.4935522412191,1069.5546440837
39.8736620146677,-40.4433777041075,1082.1409665081
39.8498482846995,-40.3945640835679,1094.30565081738
39.8258585201559,-40.3453130149968,1106.5
39.8010148826797,-40.2942277912491,1119.06540313811
39.7759837738699,-40.2426734597437,1131.66158906888
39.7272563422527,-40.1420727962319,1156
39.702383482955,-40.0905982698117,1168.33192261882
39.6773286750978,-40.038662980128,1180.69249676883
39.6520900202377,-39.9862610290761,1193.08182241803
39.6266655928494,-39.9333864181008,1205.5
39.6044036492054,-39.8870170035066,1216.32268603573
39.5820001091877,-39.8402849438932,1227.16682464455
39.5803408881293,-39.8368212326519,1227.96806731163
39.5786808881557,-39.8333555220739,1228.76942721957
39.5753585493888,-39.8264180963464,1230.37249886094
39.5720330886861,-39.8194726534688,1231.97603977464
39.5687045018549,-39.8125191802045,1233.58005016674
39.5620379331299,-39.798588089697,1236.78948021112
39.5553588093885,-39.7846247180746,1240.00079064521
39.548667096812,-39.7706289583926,1243.21398312205
39.5419627614564,-39.7566007032357,1246.42905929664
39.5285160870703,-39.728446276697,1252.86486936871
39.5240473085988,-39.7190841836853,1255
39.5115640739022,-39.6929174202585,1260.95463912357
39.4990376858903,-39.6666389005976,1266.91556486065
39.4864679303466,-39.640247940582,1272.88278717215
39.4801667219916,-39.6270100792559,1275.86876266185
39.4738545907565,-39.613743848762,1278.85631604003
39.4725744585806,-39.611052728022,1279.46176837359
39.4712938767406,-39.6083604385905,1280.0672855322
39.4583793984669,-39.5811966060528,1286.16558487831
39.4454191097974,-39.5539135556226,1292.27046329956
39.419360171981,-39.4989868078772,1304.5
39.4025153688511,-39.4634321543097,1312.37329995064
39.3855939952097,-39.4276768193137,1320.25731532995
39.3685955486599,-39.3917191747102,1328.15206802809
39.3515195222342,-39.3555575746806,1336.05757999491
39.3125603383047,-39.2729047139629,1354
39.3030446691858,-39.252685327984,1358.36264868231
39.2784238308768,-39.2003119382418,1369.61505306817
39.253643976086,-39.1475160819941,1380.88870621486
39.2287036127046,-39.0942928424769,1392.1836683677
39.2036012290567,-39.0406372262544,1403.5
39.1757370914946,-38.9809765425458,1416.00091043435
39.1476744767467,-38.9207823919076,1428.52728207025
39.1274943892978,-38.8774288310431,1437.49595584382
39.0924354426552,-38.8019762878657,1453
39.0588746683458,-38.7295882112759,1467.75058586692
39.0250325710477,-38.6564347598713,1482.53582354711
39.0020871474201,-38.6067449622217,1492.51001140198
38.9790115556599,-38.5566992501211,1502.5
38.9207456230463,-38.4300027765684,1527.54507831142
38.8848891763308,-38.3517985873896,1542.83118695309
38.8632739545917,-38.304567969149,1552
38.831130726056,-38.2342117447765,1565.57126913744
38.7987417464596,-38.1631707577177,1579.170417641
38.7720376852962,-38.1044878689437,1590.32581136295
38.7451654515868,-38.0453339904644,1601.5
38.6846278005324,-37.9116989692701,1626.48639000535
38.6355048432707,-37.8028806232629,1646.57372505332
38.6246254556557,-37.7787341027526,1651
38.5929029282719,-37.7082309101226,1663.8601754062
38.5609509955869,-37.6370733962257,1676.74440637374
38.531368511651,-37.5710632520991,1688.61198033775
38.5015880224884,-37.5044854135649,1700.5
38.438591737458,-37.3632328540973,1725.4548124004
38.3799442237619,-37.231221368196,1748.45502649824
38.375984401238,-37.222290331975,1750
38.3435053938964,-37.1489518997115,1762.63439076853
38.3107952450034,-37.0749385242788,1775.29117016255
38.2793754513721,-37.0037000546794,1787.3853461322
38.2477408576745,-36.9318310495518,1799.5
38.1822089594627,-36.7824935759771,1824.39975341869
38.1504540176121,-36.7099057342683,1836.37139519048
38.1184840215235,-36.6366789694812,1848.36269448377
38.1176322440431,-36.6347259632496,1848.68134029567
38.1167803133467,-36.632772500613,1849
38.1000877633995,-36.5944755548472,1855.23500903794
38.0833363759734,-36.556003025612,1861.47531612652
38.0496558208514,-36.4785264753217,1873.9718514899
38.0164531901781,-36.4019880845804,1886.22570701501
37.9830188722986,-36.3247536508276,1898.5
37.9492143645572,-36.2464986248505,1910.84442848281
37.915172834951,-36.1675265927352,1923.2092043829
37.8808917059376,-36.087827812396,1935.59437804998
37.8463683580435,-36.0073923602057,1948
37.8134217156708,-35.9304678426987,1959.77676083581
37.7802527954058,-35.8528637330389,1971.5719790383
37.7783196908906,-35.848335945349,1972.25753325194
37.7763858284024,-35.8438058339254,1972.94314986794
37.7590646762508,-35.8032062264212,1979.07486614926
37.7416825844866,-35.7624195162335,1985.21157586195
37.7242392185782,-35.7214444235567,1991.35328510815
37.7067342412354,-35.680279656576,1997.5
37.6714335213582,-35.5971292928511,2009.84502897631
37.6358820108441,-35.5132027933414,2022.2100063482
37.564015434292,-35.3429781431396,2047
37.5249279878899,-35.2500745624738,2060.36870830591
37.4910466230285,-35.1693620164522,2071.89234040359
37.4181046187505,-34.9950216019163,2096.5
37.3381529992505,-34.8030200339503,2123.16098513565
37.2688853282253,-34.6359067409487,2146
37.2652284376164,-34.6270643571074,2147.19913328747
37.1912632714373,-34.4477877448139,2171.31202186828
37.1162335560306,-34.265095532359,2195.5
37.0774016950165,-34.1702116375184,2207.91232549126
37.0382809202337,-34.0743931933986,2220.34447117778
37.0012683712873,-33.9835269703577,2232.04013039989
36.9600157138015,-33.882008706483,2245
36.8806522840644,-33.685983977836,2269.71064065429
36.8000881059468,-33.4860226592967,2294.5
36.766773544232,-33.4030491966769,2304.66492071891
36.7332505740939,-33.3193873920497,2314.84316635167
36.7183692292626,-33.2821942182162,2319.34536379588
36.6362948597725,-33.0764623198287,2344
36.5416617913843,-32.8379829659521,2372.0612614952
36.4684693317224,-32.6526024406308,2393.5
36.4610914510832,-32.6338707045664,2395.64836841572
36.4513759087208,-32.6091912400763,2398.47391666304
36.4416430271038,-32.5844533344628,2401.3004964165
36.4221250413888,-32.5348013600946,2406.95675270202
36.4025370787297,-32.4849130826977,2412.61714179685
36.3828787211455,-32.4347867891232,2418.28166823218
36.3398254083993,-32.3248007348806,2430.63099049315
36.2964318624325,-32.2136596432564,2443
36.2084224353369,-31.9873646359878,2467.84827539613
36.1643806251627,-31.8736777194069,2480.16420665138
36.1199842720702,-31.7587755715423,2492.5
36.0301867380601,-31.5254490820961,2517.20988262419
35.9389120549351,-31.2870191969977,2542
35.8869426004963,-31.1506929459751,2555.96968856544
35.8344827469321,-31.0126602154251,2569.96536136428
35.8332184092514,-31.0093282711967,2570.30136722411
35.8319537847816,-31.0059953258287,2570.63738807489
35.8294236750316,-30.9993264298286,2571.3094747533
35.8243600091839,-30.9859766038199,2572.65382804564
35.8142188671817,-30.9592287118994,2575.34325459725
35.7938811416985,-30.9055391333945,2580.72498936814
35.7529823077736,-30.7973780510928,2591.5
35.7056325912569,-30.6718361704927,2603.89554466347
35.6578782035827,-30.5448725720894,2616.31173760945
35.5919866261577,-30.3691127240087,2633.30425228385
35.5619385268321,-30.2887405965709,2641
35.5134689089621,-30.1588023957658,2653.34395023328
35.4645773494703,-30.027367104256,2665.70856565713
35.4152574260785,-29.8944078089418,2678.09389820886
35.3655025572591,-29.7598969002695,2690.5
35.3456183177746,-29.7060339210874,2695.43330787115
35.3006043466054,-29.5838741621605,2706.54938086619
35.255227686661,-29.4604146925858,2717.68249439006
35.1633656503171,-29.2095096826729,2740
35.1427066006945,-29.15290437013,2744.97932763395
35.0962015545188,-29.0252414868352,2756.13924688407
35.049377296384,-28.8963663801061,2767.30765889383
35.0022296000837,-28.7662605498376,2778.48457336147
34.9547541452284,-28.6349050826459,2789.67
34.9179835421662,-28.5329299252339,2798.28585062775
34.8297448965814,-28.2873725322668,2818.79348811137
34.7403513171905,-28.0373826021772,2839.33
34.6917841269415,-27.9010502634034,2850.3872878975
34.6062950033041,-27.6601968589275,2869.68099414036
34.5631470290439,-27.5382087114715,2879.33733150893
34.5197256604141,-27.4151601088652,2889
34.5191938131428,-27.4136511590416,2889.1000846569
34.5186618904135,-27.4121419518789,2889.20017366278
34.5175978185086,-27.4091227652595,2889.40036472264
34.5154687684071,-27.4030813009004,2889.80079904268
34.5112070389735,-27.3909859921206,2890.60187654757
34.5026690305864,-27.3667457293053,2892.20486752515
34.4855345534418,-27.3180656165647,2895.41419742546
34.4510296348472,-27.219898896497,2901.84628168333
34.4162059399497,-27.1206409307264,2908.29632769777
34.3810583991925,-27.0202722609471,2914.76441081194
34.3138585994537,-26.8278496098907,2927.01472392131
34.2454516340179,-26.6312639381118,2939.33
34.1731970539235,-26.4228483571378,2952.17095087527
34.1365595558221,-26.3168659644609,2958.61750086836
34.0995744236289,-26.2096714499818,2965.08152815299
34.0287448881024,-26.0038067952499,2977.33921702579
33.9566129605525,-25.7933769076498,2989.66
33.8804430020836,-25.5703144049122,3002.49571543133
33.8027941353329,-25.3420216205726,3015.39890143113
33.7279543832691,-25.1211306401774,3027.66381416945
33.6516974431206,-24.8951936249336,3039.99
33.5711896231118,-24.6557191103362,3052.81908434385
33.4890681681343,-24.4104501098681,3065.71352997519
33.4097445684226,-24.1725867183259,3077.98700900047
33.3288626573605,-23.9290919668652,3090.32
33.2434393539579,-23.6708783628647,3103.14955388861
33.1562336692848,-23.4061720401884,3116.04247592231
33.0718611100837,-23.1490074206751,3128.32235675033
32.9857544585129,-22.8854893555426,3140.66
32.8948108730064,-22.6060027047877,3153.48051912725
32.8018738552734,-22.3191590712885,3166.3623986169
32.711724259442,-22.0397365643642,3178.6481624524
32.6196151559933,-21.7530453001643,3190.99
32.4225635838976,-21.1356971804007,3216.69183982688
32.3257194493551,-20.8303015951476,3228.97873402073
32.2266204543509,-20.5164514302074,3241.32
32.0194755136082,-19.8560740235315,3266.37483646147
31.8017390816953,-19.1556973740897,3291.65
31.7220898884032,-18.8979252249919,3300.62894076405
31.6641528488519,-18.7098988930174,3307.07193322699
31.570448332748,-18.4048712027358,3317.33618064189
31.3698274341433,-17.7480223916057,3338.6688674973
31.3379350781779,-17.6431348193361,3341.98
31.1986070056225,-17.1834252275015,3356.19208780315
31.0544114579698,-16.7051408124217,3370.47067351015
30.9412707925086,-16.3281037054469,3381.37088028597
30.8248635704952,-15.9385949119254,3392.31
30.8242778305739,-15.9366309533196,3392.36434000005
30.7152005864597,-15.5702061691016,3402.36247766525
30.3458785866463,-14.3195501589408,3434.44472730291
30.2462031363666,-13.9794576025832,3442.64
29.938690724371,-12.9237063769038,3466.70910756626
29.6517407394027,-11.9300898670178,3487.5369695979
29.5731441261566,-11.6565811938212,3492.97
29.4823271589001,-11.3398488032711,3499.1039710572
28.9548125186349,-9.48619931476071,3531.7293278752
28.744918404771,-8.74258107663566,3543.3
28.3146262023805,-7.20872070975217,3564.56143118921
27.7879192720295,-5.31661366085783,3586.15679406558
27.5712969928932,-4.53466836814651,3593.64
27.4481272431671,-4.08925591270325,3597.53542656682
25.6150781844908,2.56964871764475,3625.39415057264
23.7627269353884,9.2258993143469,3597.53542656682
23.6368615622965,9.67094101429845,3593.64
23.4150663819084,10.4521747518414,3586.15679406558
22.8734741345394,12.3422337070559,3564.56143118921
22.4285808053802,13.8740842838114,3543.3
22.2107636976599,14.616611620274,3531.7293278752
21.6610069468843,16.4671973882202,3499.1039710572
21.5660232731133,16.7833556345323,3492.97
21.48374036667,17.0563563073024,3487.5369695979
21.1826985907736,18.0480303897151,3466.70910756626
20.8589777282125,19.1015465089808,3442.64
20.7538021467029,19.4408803874447,3434.44472730291
20.3630461404595,20.6885787509622,3402.36247766525
20.247320071547,21.0540857242376,3392.36434000005
20.2466982351164,21.0560446995902,3392.31
20.1230340524332,21.4445515443693,3381.37088028597
20.0026810697412,21.8205926707411,3370.47067351015
19.8490661040896,22.2975760230413,3356.19208780315
19.7003941020656,22.7559946498088,3341.98
19.666329356633,22.8605820359408,3338.6688674973
19.4517559289183,23.5155024291725,3317.33618064189
19.3513647206114,23.8196056734639,3307.07193322699
19.2892391656207,24.0070528506592,3300.62894076405
19.2037641804011,24.2640193454452,3291.65
18.9697018849306,24.9621375939545,3266.37483646147
18.7464808056906,25.6202901618338,3241.32
18.6395029037637,25.9330495778701,3228.97873402073
18.5348414411414,26.2373627070993,3216.69183982688
18.3215241427316,26.852457789812,3190.99
18.2216462985849,27.138072617932,3178.6481624524
18.123791005968,27.4164271980146,3166.3623986169
18.0228040904792,27.7021549614354,3153.48051912725
17.9238790811761,27.9805349909403,3140.66
17.8301204581523,28.2429918859408,3128.32235675033
17.738160294886,28.4991040418698,3116.04247592231
17.6430188203603,28.7627093702989,3103.14955388861
17.5497298149813,29.0198314672309,3090.32
17.4613163016562,29.2622808529819,3077.98700900047
17.3745267392401,29.4991077759128,3065.71352997519
17.2845930344307,29.7432920064394,3052.81908434385
17.1963445086612,29.9816914554951,3039.99
17.1126807058087,30.2065995565381,3027.66381416945
17.0305008843748,30.426470694303,3015.39890143113
16.9451622079728,30.6536948213611,3002.49571543133
16.8613754153285,30.8756985850809,2989.66
16.7819633245514,31.08511632314,2977.33921702579
16.7039215092932,31.289978065719,2965.08152815299
16.6631452933567,31.3966453265306,2958.61750086836
16.622735402205,31.5021030102482,2952.17095087527
16.5429916694879,31.7094767495786,2939.33
16.4674338794502,31.90506744463,2927.01472392131
16.3931521500973,32.0965045114139,2914.76441081194
16.3542779209415,32.1963544646633,2908.29632769777
16.31574654692,32.2950963067778,2901.84628168333
16.2775528384208,32.3927494801446,2895.41419742546
16.2585810115519,32.4411737808166,2892.20486752515
16.2491260832613,32.4652863770769,2890.60187654757
16.2444063318251,32.4773179123442,2889.80079904268
16.2420483801109,32.4833275048753,2889.40036472264
16.2408698847347,32.486330759311,2889.20017366278
16.2402807571018,32.4878320013143,2889.1000846569
16.2396917094811,32.4893329866001,2889
16.1915883456189,32.6117296286347,2879.33733150893
16.1437643410726,32.7330665618412,2869.68099414036
16.0489413465294,32.9726198190079,2850.3872878975
15.9950304859589,33.1082076681317,2839.33
15.8957235515861,33.3568161601099,2818.79348811137
15.7976008364206,33.600995818034,2798.28585062775
15.7566823856603,33.702392696751,2789.67
15.703826316775,33.8329979180607,2778.48457336147
15.651307013443,33.9623546466095,2767.30765889383
15.5991202387514,34.0904818079341,2756.13924688407
15.5472618469563,34.2173979138783,2744.97932763395
15.5242159110862,34.2736702264068,2740
15.4216751592845,34.5230851536475,2717.68249439006
15.3709842686515,34.6458029232463,2706.54938086619
15.3206728492042,34.767223215419,2695.43330787115
15.2984403923915,34.8207583738902,2690.5
15.2427878668351,34.9544458512065,2678.09389820886
15.1875909746182,35.0865844691816,2665.70856565713
15.1328431519681,35.2172018411973,2653.34395023328
15.0785379906751,35.346324883664,2641
15.0448573123442,35.4261895146551,2633.30425228385
14.9709600023553,35.6008307250805,2616.31173760945
14.9173692153365,35.7269786485096,2603.89554466347
14.8642040843817,35.8517076548697,2591.5
14.8182592990729,35.9591633110437,2580.72498936814
14.7954045016497,36.0125009647022,2575.34325459725
14.7840062995978,36.0390730912998,2572.65382804564
14.7783144726977,36.052335083927,2571.3094747533
14.7754703746634,36.058960075557,2570.63738807489
14.7740487791116,36.0622710718201,2570.30136722411
14.7726274857225,36.0655810689971,2569.96536136428
14.7136374043944,36.2027005952854,2555.96968856544
14.655164435682,36.3381172122218,2542
14.5523848171981,36.5749375192088,2517.20988262419
14.451165645269,36.8066655720169,2492.5
14.4010846698232,36.9207719773922,2480.16420665138
14.3513789791323,37.0336659290642,2467.84827539613
14.2519777597096,37.2583656610789,2443
14.2029313248409,37.3687149487222,2430.63099049315
14.1542458791624,37.4779119815466,2418.28166823218
14.1320080550541,37.5276768687786,2412.61714179685
14.1098449945274,37.5772043258513,2406.95675270202
14.0877562767425,37.6264960656397,2401.3004964165
14.0767396652757,37.6510540735184,2398.47391666304
14.0657414834052,37.6755537866018,2395.64836841572
14.0573887811297,37.6941489050845,2393.5
13.9744882288046,37.8781686738738,2372.0612614952
13.8672026372002,38.1148740019046,2344
13.7740629830071,38.3190539062634,2319.34536379588
13.7571661916997,38.3559643457688,2314.84316635167
13.7190927772799,38.438987738231,2304.66492071891
13.6812419541302,38.5213246971845,2294.5
13.589649666558,38.7197382722791,2269.71064065429
13.4993420750438,38.9142265641535,2245
13.4523691776891,39.0149415824756,2232.04013039989
13.4102059823289,39.1050844324573,2220.34447117778
13.3656223091895,39.2001355351162,2207.91232549126
13.3213487134076,39.2942549437229,2195.5
13.2357505138312,39.4754620994161,2171.31202186828
13.1512969808397,39.6532644749062,2147.19913328747
13.1471197392071,39.6620337072401,2146
13.0679637347663,39.8277566833297,2123.16098513565
12.9765229938896,40.0181423728521,2096.5
12.8930284908757,40.1909981769606,2071.89234040359
12.8542225860004,40.2710177473819,2060.36870830591
12.8094358421347,40.3631192088913,2047
12.7270399581959,40.5318616238051,2022.2100063482
12.6862555341579,40.6150513093391,2009.84502897631
12.6457429697286,40.697467717065,1997.5
12.6256476786054,40.7382676637669,1991.35328510815
12.6056192539915,40.7788786495782,1985.21157586195
12.5856573494181,40.8193019651773,1979.07486614926
12.5657616211461,40.8595388892289,1972.94314986794
12.5635400779141,40.8640284730954,1972.25753325194
12.5613193580578,40.8685157421112,1971.5719790383
12.5232080523846,40.9454235267432,1959.77676083581
12.4853383473457,41.0216543444848,1948
12.4456415830259,41.1013607155568,1935.59437804998
12.4062083951061,41.1803333182191,1923.2092043829
12.3670360849847,41.2585820662155,1910.84442848281
12.3281219956279,41.3361166916864,1898.5
12.289619813701,41.4126365033568,1886.22570701501
12.2513704263536,41.4884631460551,1873.9718514899
12.2125562062352,41.5652155867447,1861.47531612652
12.1932461858778,41.603327178253,1855.23500903794
12.1740004551608,41.6412639292184,1849
12.1730181242083,41.6431989946902,1848.68134029567
12.1720359607356,41.6451336057011,1848.36269448377
12.1351655081074,41.7176689508699,1836.37139519048
12.0985302623308,41.7895681204938,1824.39975341869
12.0228866400307,41.937478398381,1799.5
11.9863512976096,42.0086555508486,1787.3853461322
11.9500514918336,42.0792049992068,1775.29117016255
11.9122476409152,42.1524990797337,1762.63439076853
11.8746975260839,42.2251213039301,1750
11.8701185238424,42.2339648844033,1748.45502649824
11.802277326936,42.3646776310482,1725.4548124004
11.7293571525322,42.5045279166529,1700.5
11.6948678237051,42.5704402436852,1688.61198033775
11.6605966998703,42.6357876422328,1676.74440637374
11.6235681482936,42.7062274690641,1663.8601754062
11.586792675524,42.776016217948,1651
11.5741774257741,42.7999172784104,1646.57372505332
11.5171980098768,42.907624527383,1626.48639000535
11.4469363215467,43.0398839839302,1601.5
11.4157328071135,43.0984250351306,1590.32581136295
11.3847155276266,43.1564975767114,1579.170417641
11.347083008901,43.2267964688359,1565.57126913744
11.309722917204,43.296414262952,1552
11.2845921903326,43.3431472104364,1542.83118695309
11.2428910208913,43.420523883287,1527.54507831142
11.1750928951917,43.5458704578934,1502.5
11.1482303245659,43.5953797755232,1492.51001140198
11.1215126145,43.6445352017955,1482.53582354711
11.0820946523964,43.7168986860345,1467.75058586692
11.042990079646,43.788501213077,1453
11.0021246663659,43.8631308527842,1437.49595584382
10.9785953130009,43.906009686878,1428.52728207025
10.9458666322674,43.9655423905906,1416.00091043435
10.9133595939868,44.02454482312,1403.5
10.8840660993818,44.0776061655475,1392.1836683677
10.8549537999519,44.1302377789861,1380.88870621486
10.8260210842593,44.1824446436741,1369.61505306817
10.7972663608275,44.2342316632234,1358.36264868231
10.7861509436789,44.254224114501,1354
10.7406301363188,44.335946056711,1336.05757999491
10.720672078644,44.3716987181331,1328.15206802809
10.7008010415632,44.4072487299054,1320.25731532995
10.6810164824524,44.4425977331099,1312.37329995064
10.661317863369,44.4777473512021,1304.5
10.6308370182809,44.5320464420913,1292.27046329956
10.6156743268233,44.5590168479668,1286.16558487831
10.6005631239565,44.5858688222232,1280.0672855322
10.5990646033468,44.5885301708727,1279.46176837359
10.5975665882644,44.5911903585672,1278.85631604003
10.5901798084572,44.604304017327,1275.86876266185
10.5828053101687,44.6173894950893,1272.88278717215
10.5680930428146,44.6434762514419,1266.91556486065
10.5534295535691,44.6694513169252,1260.95463912357
10.5388146122803,44.6953153735353,1255
10.533582242916,44.7045690305055,1252.86486936871
10.5178363848807,44.7323969400631,1246.42905929664
10.509984855385,44.7462622691319,1243.21398312205
10.5021475437079,44.7600953238713,1240.00079064521
10.4943244133023,44.7738962113489,1236.78948021112
10.4865154277499,44.787665038162,1233.58005016674
10.4826162278714,44.7945374621381,1231.97603977464
10.4787205506074,44.8014019107098,1230.37249886094
10.4748283914416,44.8082583970708,1228.76942721957
10.4728836297269,44.8116836585542,1227.96806731163
10.4709397458466,44.8151069344192,1227.16682464455
10.4446891655652,44.8612925025742,1216.32268603573
10.4185982319797,44.9071179295497,1205.5
10.3887932397961,44.9593701164242,1193.08182241803
10.3591979750603,45.0111529689219,1180.69249676883
10.3298103571672,45.062472464811,1168.33192261882
10.3006283335393,45.1133344815266,1156
10.2434364115791,45.2127317701082,1131.66158906888
10.2140455032251,45.263666165066,1119.06540313811
10.1848669214012,45.314134908954,1106.5
10.1566838325904,45.3627895640743,1094.30565081738
10.1287003864897,45.4110100571105,1082.1409665081
10.0998839940355,45.4605728345739,1069.5546440837
10.0712780822391,45.5096804084065,1057
10.0436598673387,45.5570044835974,1044.82116506304
10.0162397026651,45.6039039021601,1032.67290433428
9.98792849977799,45.6522383406572,1020.07004160769
9.95982720716196,45.7001251453043,1007.5
9.93273542353701,45.7462076278612,995.323620858176
9.90584055093412,45.7918737139369,983.178802118096
9.87805663782076,45.8389642733519,970.572443581608
9.85048165291338,45.8856153995228,958
9.83718471150103,45.9080807223547,951.91554374812
9.82393694518425,45.9304433618178,945.839249902263
9.79758794097539,45.9748632095753,933.711083816563
9.78391519881143,45.9978826510418,927.395103104456
9.77029492195958,46.0207931154863,921.087941193903
9.74321066188418,46.0662899900037,908.5
9.73018322476454,46.0881448802662,902.423247724747
9.71720474233531,46.1098989662765,896.354941210249
9.69139363670833,46.1531073141447,884.243595131338
9.67796330443637,46.1755608840912,877.918955197763
9.66458548452287,46.197906884997,871.60348931928
9.63798626143774,46.2422790466855,859
9.62518329219712,46.2636088906819,852.91138122816
9.61242921553534,46.2848393696862,846.831503704974
9.58706672315158,46.3270048046611,834.697897215213
9.57391728781154,46.3488381319841,828.384305116467
9.56081991698218,46.3705661892915,822.080138932514
9.53478024732521,46.4137093120174,809.5
9.50980073595994,46.455026345979,797.373209296456
9.49738353277734,46.4755395372569,791.323321138095
9.4850143584078,46.495956686172,785.282411049003
9.45918595752833,46.5385366019651,772.621532191134
9.44635007849829,46.5596704728692,766.3058592348
9.4399515932734,46.5701986965951,763.151704332378
9.4335660300862,46.5807012292488,760
9.40862141767889,46.6216860393999,747.624980525305
9.3895857038224,46.6529170082002,738.10585056905
9.37083172852606,46.6836474256217,728.662576868828
9.35235392449203,46.713888159523,719.29425629553
9.33414686274776,46.7436497780085,710
9.32225127544357,46.7630752480608,703.893262828064
9.31047022343543,46.7822986712693,697.818265601651
9.31026973904825,46.782625677221,697.714649662011
9.28724591213666,46.8201506301486,685.762506287605
9.28685260967364,46.8207911521023,685.557420936635
9.27560492090062,46.8391018122907,679.679239165515
9.2644623007337,46.8572280432386,673.830777988988
9.25786756421488,46.8679497447675,670.357470241551
9.25130944443556,46.8786072935556,666.894602614602
9.24478766941135,46.8892012105842,663.442128107172
9.24154032617304,46.8944744696747,661.719773662561
9.23830196828376,46.8997320137508,660
9.21629297500124,46.935434373039,647.44308825296
9.21509147905866,46.9373819148742,646.754516626808
9.19467572796641,46.9704508711525,635.004994961893
9.1923165330673,46.9742693726002,633.641205778202
9.17344094969987,47.0047992916272,622.6840416075
9.16996625955696,47.0104152188733,620.658098913648
9.15257963771024,47.03849683461,610.478581138349
9.15176517738445,47.0398115033582,610
9.14803012696694,47.0458395662398,607.803266391352
9.13208305437838,47.0715601405519,598.386997236882
9.13108281044067,47.0731725045913,597.794365946859
9.11076336113277,47.1059038680793,585.703166460287
9.09079832860014,47.1380216702522,573.724799718285
9.06812277252468,47.1744486969453,560
9.05695499527863,47.1923691238405,553.192741540924
9.04814484638769,47.2064970715174,547.800018114301
9.04320621952655,47.2144130640605,544.768301784382
9.0382896686895,47.2222911140203,541.743844590016
9.03339506211464,47.2301314676663,538.726620490491
9.02852226902726,47.2379343692391,535.716603569497
9.02652461061108,47.2411325360959,534.480806121155
9.02552715383127,47.2427292648155,533.863362308618
9.0250287680611,47.2435270414077,533.554754032585
9.02453061051955,47.2443244264995,533.246221472873
9.02229896035366,47.2478962375339,531.863248856533
9.02007188656177,47.2514602006038,530.481796516729
9.01896006185343,47.2532392465094,529.791639667362
9.01784937653977,47.2550163391792,529.101861948018
9.01673982906016,47.2567914815201,528.412463046378
9.01618548151709,47.2576783222306,528.067905554689
9.01590841421016,47.2581215601286,527.895662281578
9.01563141784752,47.2585646764482,527.723442650462
9.01037755651389,47.2669678471208,524.453026404614
9.00924664802766,47.2687762730464,523.748093657487
8.99640790517513,47.2892971533207,515.721110339925
8.98730066597791,47.3038432466668,510
8.97341275080212,47.3260082524834,501.231837635871
8.95698972433414,47.3521931305537,490.793867695779
8.94082135420807,47.3779443374146,480.443297181012
8.92490239032522,47.4032715480797,470.179032946135
8.9092277178254,47.4281841650106,460
8.90173736670684,47.4400799160564,455.110153799645
8.89430237168408,47.4518819540337,450.239855181777
8.8869221874977,47.4635912758737,445.388987165494
8.87959627561448,47.4752088650816,440.55743370145
8.87232410412746,47.4867356919555,435.745079662605
8.86510514765752,47.4981727138026,430.951810835079
8.85793888725684,47.5095208751498,426.177513909115
8.85082481031409,47.5207811079517,421.42207647015
8.84654918541842,47.5275460739859,418.556340878194
8.84229233576661,47.5342794425704,415.697432495386
8.8380541513912,47.5409814131018,412.845326953464
8.835942024258,47.5443206864157,411.421817664446
8.8338345225724,47.5476521842669,410
8.81871191846582,47.5715441549329,399.307878836069
8.8038066997477,47.5950694260559,388.697138499809
8.78911471240092,47.6182355782912,378.166853394176
8.77463190153091,47.6410499944752,367.716111905669
8.76400126067754,47.657782351835,360
8.76035429357126,47.6635198893985,357.344016141245
8.75059435636742,47.6788677975096,350.213610508655
8.7462780370203,47.6856522473792,347.049681671167
8.73736629367779,47.6996537541883,340.49665633665
8.72431391629609,47.720145925673,330.84840112145
8.71143410875406,47.7403499236777,321.268118876023
8.69638746711065,47.763931272902,310
8.68341381157773,47.7842450760766,300.217481876511
8.67061549419325,47.8042673638072,290.505624974055
8.657989365695,47.8240037646688,280.863666446062
8.64553234740841,47.8434597701968,271.290854387338
8.63093978539657,47.8662309170211,260
8.61838894627073,47.885798562571,250.221496159884
8.60601002424453,47.9050823672614,240.514923480173
8.59379989068196,47.9240878665946,230.879491175603
8.58175548796642,47.9428204600428,221.314420010072
8.57465227631302,47.9538610955654,215.644922069009
8.56760628835834,47.9648076957477,210
8.56086750571556,47.9752722819229,204.581591531031
8.55414305409602,47.9857099944236,199.16578174378
8.54073697312811,48.0065051899082,188.341950740003
8.53352199545513,48.0176893111326,182.501932901358
8.52632352717107,48.0288425572058,176.664936727765
8.51197590716601,48.0510569072366,165
8.50885923900228,48.055879661074,162.460614540196
8.49666900511686,48.0747334298196,152.509498489537
8.48452615149898,48.0934989117344,142.567164179106
8.4773027548005,48.1046547992464,136.638571687629
8.46718460274013,48.1202724774588,128.316210957766
8.45709929647023,48.1358291299411,120
8.44763773390455,48.1504142864993,112.178010498598
8.43388930087496,48.1715915762536,100.775120697231
8.42688434442567,48.1823742533667,94.9483509011809
8.4198995088521,48.1931210201038,89.126912393105
8.41293471481606,48.2038320435074,83.3107978594423
8.4059898833826,48.214507489612,77.5
8.39967619559224,48.2242085308533,72.2074135776759
8.39337897309775,48.233880267313,66.9192339716901
8.38709815696409,48.2435228226194,61.6354556803995
8.38083368852811,48.2531363197242,56.3560732113143
8.3745017517544,48.2628493364716,51.0103056534594
8.36818648402335,48.2725327618501,45.6690413893526
8.36188782512242,48.2821867217316,40.3322747310044
8.35874470513403,48.2870026914236,37.6655762291114
8.35717469425018,48.2894079305106,36.332647874741
8.35639007567983,48.2906098644626,35.6662888829499
8.35560571486987,48.2918113416755,35
8.35376746337557,48.2946269172613,33.125
8.35193011446735,48.2974407708602,31.25
8.34825812170236,48.3030633184197,27.5
8.34458973116823,48.30867899698,23.75
8.34275688505119,48.3114842643225,21.875
8.34184079898542,48.3128862556972,20.9375
8.34138284016394,48.3135870908963,20.46875
8.34092493746937,48.3142878191359,20
8.33859502231006,48.3178529607639,17.3283812080545
8.33626676593234,48.3214150195169,14.6567624161089
8.33307619968711,48.3262954639605,10.9925718120812
8.33221246120875,48.327616504303,10
8.32988874573995,48.3311701270962,7.32838120805445
8.32670439947558,48.3360390191999,3.66419060402677
8.32511339028472,48.3384713043193,1.83209530201384
8.32431817642301,48.3396869072058,0.916047651006011
8.32392064214417,48.3402945738006,0.458023825503005
8.32352315628804,48.3409021505231,0
