-29.14,-55.24,10
-29.139131202192,-55.2389474499286,10.9925718120812
-29.1359219664468,-55.2350589185518,14.6567624161089
-29.133580105407,-55.2322208250541,17.3283812080545
-29.1312365920032,-55.2293802786535,20
-29.1307765333886,-55.228822593834,20.46875
-29.1303164190336,-55.2282648240746,20.9375
-29.1293960230617,-55.2271490296585,21.875
-29.1275545617831,-55.2249164206942,23.75
-29.1238689595919,-55.2204471178879,27.5
-29.1201797801766,-55.2159723602797,31.25
-29.1183338473656,-55.2137329328074,33.125
-29.1164870182739,-55.2114921378905,35
-29.1157009205995,-55.2105382647383,35.6662888829499
-29.1149145673455,-55.2095840306623,36.332647874741
-29.1133410936484,-55.2076744789806,37.6655762291114
-29.1101910743333,-55.2038510361758,40.3322747310044
-29.1038787226513,-55.1961867501052,45.6690413893526
-29.0975499045986,-55.188499181187,51.0103056534594
-29.0912045615257,-55.180788230689,56.3560732113143
-29.0849270070711,-55.1731563960004,61.6354556803995
-29.0786332482179,-55.1655016024442,66.9192339716901
-29.072323227847,-55.1578237535951,72.2074135776759
-29.065996888582,-55.1501227525025,77.5
-29.0590383493129,-55.1416483661436,83.3107978594423
-29.0520600275966,-55.1331458737982,89.126912393105
-29.0450618466156,-55.1246151452837,94.9483509011809
-29.0380437291705,-55.1160560496357,100.775120697231
-29.0242701157072,-55.0992463012441,112.178010498598
-29.0147917259374,-55.0876694565326,120
-29.0046889099067,-55.0753217464336,128.316210957766
-28.9945536104441,-55.062925830649,136.638571687629
-28.9873182297193,-55.0540714278635,142.567164179106
-28.9751557151666,-55.0391775761462,152.509498489537
-28.9629463567149,-55.024213993485,162.460614540196
-28.9598248978206,-55.0203863959754,165
-28.9454557439781,-55.002756180082,176.664936727765
-28.938246794543,-54.9939046885259,182.501932901358
-28.9310215286132,-54.9850288150201,188.341950740003
-28.917596909136,-54.9685257836846,199.16578174378
-28.9108634423415,-54.9602425921852,204.581591531031
-28.9041158158642,-54.9519381812573,210
-28.8970610217276,-54.9432516633102,215.644922069009
-28.889949394157,-54.9344909523984,221.314420010072
-28.8778917825654,-54.9196276797525,230.879491175603
-28.8656696246941,-54.9045491396041,240.514923480173
-28.853279920128,-54.8892511071635,250.221496159884
-28.8407195998688,-54.873729252326,260
-28.8261178564249,-54.855667968001,271.290854387338
-28.813654572085,-54.8402376077068,280.863666446062
-28.8010235737228,-54.8245862554053,290.505624974055
-28.7882218460162,-54.8087096201508,300.217481876511
-28.7752463056855,-54.7926033051225,310
-28.7601994661645,-54.7739081040314,321.268118876023
-28.7473211904779,-54.7578920575767,330.84840112145
-28.7342719708311,-54.7416490872936,340.49665633665
-28.7253633142687,-54.7305517753707,347.049681671167
-28.7210487619825,-54.7251748147551,350.213610508655
-28.7112934756915,-54.7130115758813,357.344016141245
-28.7076484800849,-54.7084647908171,360
-28.6970243120223,-54.6952057093688,367.716111905669
-28.6825520628993,-54.6771287307054,378.166853394176
-28.6678728504426,-54.6587750170449,388.697138499809
-28.6529827192552,-54.6401388163841,399.307878836069
-28.6378776191338,-54.6212142245718,410
-28.6357747679561,-54.6185780982152,411.421817664446
-28.6336673508707,-54.6159358687723,412.845326953464
-28.6294387667046,-54.6106330249231,415.697432495386
-28.6251917599709,-54.6053055387966,418.556340878194
-28.6209262237815,-54.5999532556288,421.42207647015
-28.6138293830247,-54.5910448741286,426.177513909115
-28.6066810542498,-54.5820675009981,430.951810835079
-28.5994807395053,-54.5730204132247,435.745079662605
-28.5922279348145,-54.5639028781849,440.55743370145
-28.5849221300882,-54.5547141534888,445.388987165494
-28.5775628090353,-54.5454534868217,450.239855181777
-28.5701494490723,-54.5361201157822,455.110153799645
-28.5626815212307,-54.5267132677177,460
-28.5470558131923,-54.5070150883682,470.179032946135
-28.5311894114111,-54.486991967438,480.443297181012
-28.5150773601767,-54.4666366247545,490.793867695779
-28.4987145757566,-54.4459415724593,501.231837635871
-28.4848799989444,-54.4284260440731,510
-28.4758089322559,-54.4169324556893,515.721110339925
-28.4630227938787,-54.4007195405676,523.748093657487
-28.4618966096117,-54.3992908516643,524.453026404614
-28.4566648879189,-54.3926523932458,527.723442650462
-28.4563890676032,-54.3923023428109,527.895662281578
-28.4561131775253,-54.3919521972352,528.067905554689
-28.4555611879907,-54.3912516205234,528.412463046378
-28.4544563707514,-54.389849323883,529.101861948018
-28.4533504346876,-54.3884455010724,529.791639667362
-28.4522433782918,-54.3870401498461,530.481796516729
-28.4500258985258,-54.3842248532239,531.863248856533
-28.4478039192814,-54.3814034158896,533.246221472873
-28.4473079283379,-54.3807735551851,533.554754032585
-28.4468117130142,-54.3801433881619,533.863362308618
-28.4458186086913,-54.3788821343612,534.480806121155
-28.4438297015795,-54.3763559421224,535.716603569497
-28.438978447775,-54.370192725003,538.726620490491
-28.4341057522454,-54.3640002088049,541.743844590016
-28.4292114887718,-54.3577782049658,544.768301784382
-28.4242955302066,-54.3515265233836,547.800018114301
-28.4155265196414,-54.3403696498972,553.192741540924
-28.4044121805542,-54.3262191774205,560
-28.3818495795908,-54.2974599717074,573.724799718285
-28.3619889587351,-54.2721080404355,585.703166460287
-28.3417805616665,-54.2462767680861,597.794365946859
-28.3407859095135,-54.2450044362039,598.386997236882
-28.3249295756491,-54.2247097378211,607.803266391352
-28.3212162105476,-54.2199537741431,610
-28.3204065007367,-54.2189165620771,610.478581138349
-28.3031231569803,-54.1967634308143,620.658098913648
-28.2996695354795,-54.1923335646902,622.6840416075
-28.280910902334,-54.1682540557002,633.641205778202
-28.2785666221798,-54.1652426449787,635.004994961893
-28.2582827045703,-54.1391661512911,646.754516626808
-28.2570891221463,-54.1376305817646,647.44308825296
-28.2352281404672,-54.1094837143158,660
-28.2320193076587,-54.1053486638973,661.719773662561
-28.2288017175802,-54.1012014145047,663.442128107172
-28.2223401395256,-54.0928701252949,666.894602614602
-28.2158431485892,-54.0844894519283,670.357470241551
-28.20931048607,-54.0760589973834,673.830777988988
-28.1982741254202,-54.0618078959749,679.679239165515
-28.1871354573843,-54.0474137384424,685.557420936635
-28.1867459991357,-54.0469102544209,685.762506287605
-28.1639509889298,-54.0174178486799,697.714649662011
-28.1637525297302,-54.0171608775288,697.818265601651
-28.1520914767699,-54.0020556338599,703.893262828064
-28.1403190404524,-53.9867938343982,710
-28.1223043444284,-53.9634156596877,719.29425629553
-28.1040265750662,-53.9396664997415,728.662576868828
-28.0854805949032,-53.9155383335775,738.10585056905
-28.0666611403735,-53.8910229186457,747.624980525305
-28.0420077849066,-53.8588598623877,760
-28.0356980859442,-53.8506193875284,763.151704332378
-28.0293759370907,-53.8423590654344,766.3058592348
-28.0166941582289,-53.8257786150973,772.621532191134
-27.9911797454904,-53.792376617704,785.282411049003
-27.9789627945652,-53.7763621131424,791.323321138095
-27.9666996181377,-53.7602734643211,797.373209296456
-27.942033650907,-53.7278718304514,809.5
-27.9163260732062,-53.6940432891602,822.080138932514
-27.90339775664,-53.6770082934744,828.384305116467
-27.8904194117054,-53.6598921070204,834.697897215213
-27.8653907897087,-53.626840429012,846.831503704974
-27.8528065413408,-53.6102006756254,852.91138122816
-27.8401753574962,-53.5934843344396,859
-27.8139372058957,-53.5587137008783,871.60348931928
-27.8007431146429,-53.5412051771715,877.918955197763
-27.7874986717997,-53.5236137975229,884.243595131338
-27.7620488810845,-53.4897660005994,896.354941210249
-27.7492541036059,-53.4727266819668,902.423247724747
-27.7364124325673,-53.4556097690381,908.5
-27.7097187546275,-53.4199806297938,921.087941193903
-27.6962971271899,-53.4020413974075,927.395103104456
-27.6828253066385,-53.384018337844,933.711083816563
-27.6568677750856,-53.3492441125379,945.839249902263
-27.6438189666531,-53.3317395816743,951.91554374812
-27.6307231615905,-53.3141561185204,958
-27.6035698742703,-53.277647179527,970.572443581608
-27.5762171188046,-53.2408006322084,983.178802118096
-27.5497456288556,-53.2050747415232,995.323620858176
-27.5230863473846,-53.1690291671817,1007.5
-27.495440062421,-53.131578713695,1020.07004160769
-27.4675938529026,-53.0937848467334,1032.67290433428
-27.4406303829447,-53.057119483756,1044.82116506304
-27.4134784970353,-53.020128573379,1057
-27.3853623016728,-52.9817504226047,1069.5546440837
-27.3570461412783,-52.9430235726712,1082.1409665081
-27.3295551434601,-52.9053523677715,1094.30565081738
-27.3018747000158,-52.8673488346306,1106.5
-27.2732235964427,-52.8279356058467,1119.06540313811
-27.2443712976539,-52.7881662275904,1131.66158906888
-27.1882485873391,-52.7105790222243,1156
-27.1596229320714,-52.6708885014809,1168.33192261882
-27.1308029928147,-52.6308486428169,1180.69249676883
-27.1017869544843,-52.5904551018325,1193.08182241803
-27.0725729796665,-52.5497034631917,1205.5
-27.0470057619193,-52.5139706976241,1216.32268603573
-27.0212880909844,-52.4779633678527,1227.16682464455
-27.0193839093498,-52.4752947541954,1227.96806731163
-27.0174789009468,-52.4726246273436,1228.76942721957
-27.0136664018754,-52.4672798292384,1230.37249886094
-27.0098505897929,-52.4619289638142,1231.97603977464
-27.0060314607336,-52.4565720213529,1233.58005016674
-26.9983832359318,-52.4458398665425,1236.78948021112
-26.9907216954762,-52.4350832864529,1240.00079064521
-26.9830468074136,-52.4243022025996,1243.21398312205
-26.97535853969,-52.4134965361674,1246.42905929664
-26.959941737687,-52.3918111402652,1252.86486936871
-26.9548192002286,-52.3846005744948,1255
-26.9405123195111,-52.3644483237834,1260.95463912357
-26.9261598098098,-52.3442115747676,1266.91556486065
-26.9117614699787,-52.3238898261607,1272.88278717215
-26.904545050136,-52.313696918657,1275.86876266185
-26.8973170967969,-52.303482571499,1278.85631604003
-26.8958513504417,-52.3014105898659,1279.46176837359
-26.8943851294448,-52.2993377251099,1280.0672855322
-26.8796007573604,-52.2784245079821,1286.16558487831
-26.8647680607581,-52.2574212231726,1292.27046329956
-26.8349568263512,-52.2151422607289,1304.5
-26.8156953920101,-52.1877783914073,1312.37329995064
-26.7963534375649,-52.1602630362687,1320.25731532995
-26.7769304961588,-52.1325950061441,1328.15206802809
-26.7574260973277,-52.1047730995804,1336.05757999491
-26.7129535773874,-52.0411934746565,1354
-26.7020970116643,-52.0256424437019,1358.36264868231
-26.6740171560004,-51.9853657842788,1369.61505306817
-26.6457711459669,-51.9447708348774,1380.88870621486
-26.6173576118896,-51.9038540182729,1392.1836683677
-26.5887751689455,-51.8626117042,1403.5
-26.5570665265482,-51.8167617515079,1416.00091043435
-26.5251516404679,-51.7705105353618,1428.52728207025
-26.5022135475775,-51.7372045341425,1437.49595584382
-26.4623874359032,-51.6792497363084,1453
-26.4242921920126,-51.6236618931626,1467.75058586692
-26.3859063790649,-51.5674994528624,1482.53582354711
-26.3598967299967,-51.5293584667684,1492.51001140198
-26.3337529932027,-51.4909505374425,1502.5
-26.2678001664813,-51.3937445761537,1527.54507831142
-26.2272562497934,-51.3337638786312,1542.83118695309
-26.20283117845,-51.2975467228225,1552
-26.1665316390362,-51.2436070939552,1565.57126913744
-26.1299813673168,-51.1891553895539,1579.170417641
-26.0998666940238,-51.1441858109017,1590.32581136295
-26.0695809307609,-51.09886439053,1601.5
-26.0014216709188,-50.996512133456,1626.48639000535
-25.9461840758867,-50.913202067983,1646.57372505332
-25.9339589644867,-50.8947200568168,1651
-25.8983301485243,-50.8407650710559,1663.8601754062
-25.8624702611814,-50.7863228932902,1676.74440637374
-25.8292934786131,-50.7358311955279,1688.61198033775
-25.7959178677786,-50.6849172990157,1700.5
-25.7253936391422,-50.5769378403361,1725.4548124004
-25.6598322628217,-50.4760725963927,1748.45502649824
-25.6554089174381,-50.4692504716303,1750
-25.6191437841799,-50.413238116658,1762.63439076853
-25.582649006255,-50.356725641085,1775.29117016255
-25.5476208391807,-50.302346614959,1787.3853461322
-25.512379973549,-50.2475009784092,1799.5
-25.4394632826057,-50.1335840568882,1824.39975341869
-25.4041716044272,-50.0782362806301,1836.37139519048
-25.3686685517489,-50.0224169465901,1848.36269448377
-25.3677230229347,-50.0209284238369,1848.68134029567
-25.366777343789,-50.0194395644665,1849
-25.3482518916664,-49.9902532724476,1855.23500903794
-25.3296687733514,-49.9609375288838,1861.47531612652
-25.2923285050387,-49.9019143781674,1873.9718514899
-25.2555484915759,-49.8436235325293,1886.22570701501
-25.2185424257529,-49.7848204437976,1898.5
-25.1811579110922,-49.725258696228,1910.84442848281
-25.1435431396518,-49.6651700587318,1923.2092043829
-25.1056960420056,-49.6045477761368,1935.59437804998
-25.0676145220156,-49.5433849772502,1948
-25.0313031890281,-49.4849106457702,1959.77676083581
-24.9947775381524,-49.4259384429259,1971.5719790383
-24.9926497522246,-49.4224983114584,1972.25753325194
-24.9905212368999,-49.4190564789883,1972.94314986794
-24.9714613070257,-49.388213092754,1979.07486614926
-24.9523427985693,-49.3572328062685,1985.21157586195
-24.9331654476828,-49.3261147389865,1991.35328510815
-24.9139289888014,-49.2948580027793,1997.5
-24.8751628696681,-49.2317377433753,2009.84502897631
-24.8361569994435,-49.1680507710918,2022.2100063482
-24.7574173027942,-49.0389470764882,2047
-24.7146536250955,-48.9685260339947,2060.36870830591
-24.6776211691962,-48.90736892651,2071.89234040359
-24.598007708624,-48.7753426283707,2096.5
-24.510920934004,-48.6300602565047,2123.16098513565
-24.4356226710221,-48.5037127555178,2146
-24.4316513220598,-48.4970300791445,2147.19913328747
-24.3514105957522,-48.3615996447846,2171.31202186828
-24.2701808802918,-48.2237054010947,2195.5
-24.2282062143258,-48.1521349355104,2207.91232549126
-24.1859650202777,-48.079892429783,2220.34447117778
-24.1460426666632,-48.01141441605,2232.04013039989
-24.1015956955469,-47.9349445553266,2245
-24.0162325171743,-47.787394233931,2269.71064065429
-23.929775158767,-47.6370289228397,2294.5
-23.8940821744606,-47.5746796804331,2304.66492071891
-23.8582006343247,-47.5118398657615,2314.84316635167
-23.8422834822574,-47.4839120803644,2319.34536379588
-23.7546206036276,-47.329528013664,2344
-23.6538067547881,-47.1507777535393,2372.0612614952
-23.5760286633224,-47.0119840241969,2393.5
-23.5681980305101,-46.9979673519257,2395.64836841572
-23.5578889414879,-46.9795022593744,2398.47391666304
-23.5475644872599,-46.960995926274,2401.3004964165
-23.5268693432497,-46.923858998615,2406.95675270202
-23.5061123142344,-46.8865554776741,2412.61714179685
-23.4852931150093,-46.8490842643045,2418.28166823218
-23.4397410773072,-46.7669020154005,2430.63099049315
-23.3938898717835,-46.6839077010045,2443
-23.301084735633,-46.5150830178901,2467.84827539613
-23.2547386687056,-46.4303505002331,2480.16420665138
-23.2080844565962,-46.344768730337,2492.5
-23.1139207264575,-46.1711584605484,2517.20988262419
-23.0184854345775,-45.9939989594604,2542
-22.9642731124678,-45.892819475084,2555.96968856544
-22.9096427568804,-45.7904594588848,2569.96536136428
-22.9083272719332,-45.7879896875608,2570.30136722411
-22.9070115435083,-45.7855192250748,2570.63738807489
-22.9043793559441,-45.7805762254777,2571.3094747533
-22.8991120559799,-45.7706819197897,2572.65382804564
-22.888565740857,-45.7508600183559,2575.34325459725
-22.8674261225851,-45.7110825404276,2580.72498936814
-22.824957908952,-45.6309887306514,2591.5
-22.7758637120687,-45.5380927045567,2603.89554466347
-22.726429099015,-45.4442200490466,2616.31173760945
-22.6583504215725,-45.3143953676069,2633.30425228385
-22.6273557575824,-45.2550779327141,2641
-22.5774267378025,-45.1592450888147,2653.34395023328
-22.5271479006571,-45.0623918894401,2665.70856565713
-22.4765153233663,-44.964502145117,2678.09389820886
-22.4255250127256,-44.865559312617,2690.5
-22.4051721035544,-44.8259644487887,2695.43330787115
-22.3591503473321,-44.7362187072008,2706.54938086619
-22.3128327672531,-44.6455952283074,2717.68249439006
-22.2192979058151,-44.4616637048864,2740
-22.1983052227174,-44.4202121508584,2744.97932763395
-22.1511038908313,-44.3267805867692,2756.13924688407
-22.103655479521,-44.2325393553667,2767.30765889383
-22.0559576873718,-44.1374777631415,2778.48457336147
-22.0080081761159,-44.041584919544,2789.67
-21.9709257527993,-43.9671975594601,2798.28585062775
-21.8821371779011,-43.7882787994662,2818.79348811137
-21.7924742296168,-43.6064343316946,2839.33
-21.7438830923833,-43.5073960168911,2850.3872878975
-21.6585627907933,-43.3326568665369,2869.68099414036
-21.6156028681442,-43.2442667746115,2879.33733150893
-21.5724408277405,-43.1551855268977,2889
-21.5719306771505,-43.1541309843557,2889.1000846569
-21.5714204697133,-43.1530762856352,2889.20017366278
-21.5703998842593,-43.1509664195231,2889.40036472264
-21.5683580307666,-43.1467448116647,2889.80079904268
-21.5642715913089,-43.1382940858027,2890.60187654757
-21.5560877654062,-43.1213625324924,2892.20486752515
-21.5396761883436,-43.0873785292825,2895.41419742546
-21.5066762263673,-43.0189229790397,2901.84628168333
-21.473438357041,-42.9498096657969,2908.29632769777
-21.4399599684005,-42.8800292307314,2914.76441081194
-21.3761445875793,-42.7465505489031,2927.01472392131
-21.3114456368568,-42.6105980689446,2939.33
-21.2433977011883,-42.4669256600385,2952.17095087527
-21.2090078038336,-42.3940496484009,2958.61750086836
-21.1743703783732,-42.3204672077877,2965.08152815299
-21.1082594643752,-42.1795154978432,2977.33921702579
-21.0412363724736,-42.0359357332465,2989.66
-20.9707963802899,-41.8842914901749,3002.49571543133
-20.8993461969896,-41.7296893933727,3015.39890143113
-20.8308265987998,-41.5806843319756,3027.66381416945
-20.7613628175773,-41.4288791335504,3039.99
-20.6884173489473,-41.2686520959932,3052.81908434385
-20.6144270603524,-41.1052754398586,3065.71352997519
-20.5433629515038,-40.9475461110676,3077.98700900047
-20.4713183455373,-40.7868228943886,3090.32
-20.3956886864119,-40.6172122627742,3103.14955388861
-20.3189737829724,-40.4442328083846,3116.04247592231
-20.2452317923354,-40.277065225206,3128.32235675033
-20.1704685054335,-40.1066863719661,3140.66
-20.092053697077,-39.9270124122713,3153.48051912725
-20.0125087980919,-39.743726083551,3166.3623986169
-19.9359270026296,-39.5662896035579,3178.6481624524
-19.8582769399597,-39.3853944671101,3190.99
-19.6942153789478,-38.9999178369145,3216.69183982688
-19.6146334500813,-38.8113225337397,3228.97873402073
-19.5339298796609,-38.618988406654,3241.32
-19.3676682896946,-38.2193012267567,3266.37483646147
-19.1965519449875,-37.8030591658948,3291.65
-19.134916192331,-37.651908032104,3300.62894076405
-19.0904100267107,-37.5423602399809,3307.07193322699
-19.0190200381222,-37.3659308015816,3317.33618064189
-18.868684602284,-36.9915292686914,3338.6688674973
-18.8451074460098,-36.9324573485566,3341.98
-18.7431553803568,-36.6759086036471,3356.19208780315
-18.6394707499696,-36.4131437165162,3370.47067351015
-18.5594487966949,-36.209061413273,3381.37088028597
-18.4783655012703,-36.0011263385648,3392.31
-18.4779607508404,-36.0000854715149,3392.36434000005
-18.4031569116312,-35.8072222892221,3402.36247766525
-18.1585165185523,-35.1695650394298,3434.44472730291
-18.0948533215191,-35.0018821252043,3442.64
-17.9050061030997,-34.4975406238383,3466.70910756626
-17.7371223957076,-34.0461544116989,3487.5369695979
-17.6927563123593,-33.9260191054147,3492.97
-17.6423751200722,-33.7891645504238,3499.1039710572
-17.3690388860424,-33.0386556218684,3531.7293278752
-17.269823916495,-32.7628742187624,3543.3
-17.0842322108301,-32.2421673378281,3564.56143118921
-16.8911462665852,-31.6937330979333,3586.15679406558
-16.823104107282,-31.4988362402824,3593.64
-16.7874458486546,-31.396358137344,3597.53542656682
-16.4761856296755,-30.4918783071989,3630.78033222899
-16.3490416715493,-30.1172717203693,3643.97
-16.1493760742902,-29.52296530139,3664.23116754033
-15.9053281999378,-28.7865502710715,3688.25154454241
-15.8425324968234,-28.5952848703081,3694.3
-15.8050574047464,-28.4807951679477,3697.88393367011
-15.4397521943223,-27.3512013805224,3731.82301655774
-15.2965951049842,-26.9018445268025,3744.63
-15.0507979590488,-26.1215699221,3765.97595971175
-14.7118303485969,-25.027528371863,3794.08314579437
-14.7009470831358,-24.9920583655003,3794.96
-14.6337055052225,-24.7724377101441,3800.34253176438
-14.1810602368425,-23.2730834841842,3835.00544199814
-14.0393972356939,-22.7964241589742,3845.29
-13.6840464549797,-21.5855095002265,3869.90796215946
-13.6358981427428,-21.4197800827632,3873.11357344114
-13.587239422487,-21.2518968256399,3876.32157748084
-13.48832649769,-20.9094019827654,3882.74477455844
-13.2836165106891,-20.1954182272784,3895.62
-13.2427125000112,-20.0519291030305,3898.12496232423
-13.1513754217354,-19.7305424720762,3903.63740321895
-12.9547702537814,-19.0342045165745,3915.12230326423
-12.748017250191,-18.2953490899029,3926.63688105051
-12.374834374788,-16.9452046530785,3945.95
-12.1780800336274,-16.2250965049845,3955.36729693952
-12.1506032373176,-16.1240924239101,3956.64036192071
-12.1228930568239,-16.022122495244,3957.91377751133
-12.0949434603836,-15.9191622530971,3959.18754385624
-12.066748149601,-15.8151861593373,3960.46166110037
-12.0095937743207,-15.6040785611355,3963.01094886649
-11.9513735193561,-15.3885711839276,3965.5616419708
-11.8920254910942,-15.1684134775091,3968.11374157569
-11.8314815147445,-14.943329662658,3970.66724884483
-11.7064960334363,-14.47713205418,3975.77849103703
-11.5757054937855,-13.9871052102551,3980.89537788254
-11.438214322766,-13.4696381038813,3986.01791873711
-11.2928681729326,-12.9200827935286,3991.1461229772
-11.1381352499321,-12.3322800596599,3996.28
-10.7898945937861,-10.9995379728561,4006.60462496822
-10.361590091369,-9.34330686205877,4016.9514704491
-9.18663343771786,-4.72376024231096,4031.76290879415
-8.91647715783395,-3.65024615277229,4032.30484694799
-8.6469660336044,-2.57665132261296,4031.76290879415
-7.4896310858817,2.04510098614675,4016.9514704491
-7.07364026280808,3.70287378635568,4006.60462496822
-6.73768918391783,5.0371548734148,3996.28
-6.58906661218207,5.62572291709435,3991.1461229772
-6.44982201725938,6.17604251656333,3986.01791873711
-6.31842395736445,6.69427293520837,3980.89537788254
-6.19371834253689,7.18506214651484,3975.77849103703
-6.07480979230794,7.6520212013179,3970.66724884483
-6.01730133547867,7.87748540031592,3968.11374157569
-5.96098688032719,8.09802326702984,3965.5616419708
-5.90579826523354,8.31391058229747,3963.01094886649
-5.85167360820362,8.5253978977449,3960.46166110037
-5.82499243966903,8.629563767779,3959.18754385624
-5.79855650882082,8.73271373145371,3957.91377751133
-5.77235951836238,8.83487332703466,3956.64036192071
-5.74639543756482,8.93606702053623,3955.36729693952
-5.56082937991548,9.65757772713688,3945.95
-5.21057394810314,11.010597192226,3926.63688105051
-5.01747808386856,11.7511657263732,3915.12230326423
-4.83448629925361,12.4492117066738,3903.63740321895
-4.74968036679018,12.7714179221881,3898.12496232423
-4.71174362132269,12.9152794353444,3895.62
-4.52227637010691,13.6311764434104,3882.74477455844
-4.43096221757087,13.9746252665926,3876.32157748084
-4.38609727600488,14.1429848572767,3873.11357344114
-4.34173901654127,14.3091901720118,3869.90796215946
-4.01546453186309,15.5237568393238,3845.29
-3.88593229228534,16.0019403480801,3835.00544199814
-3.47408792115868,17.5064234263216,3800.34253176438
-3.41317074586736,17.7268394152575,3794.96
-3.40331747454166,17.7624389582423,3794.08314579437
-3.09731428246409,18.8606274964341,3765.97595971175
-2.87648607950936,19.6440448411219,3744.63
-2.74828091691307,20.0952842939862,3731.82301655774
-2.4224848893759,21.2298550729753,3697.88393367011
-2.38917235978976,21.3448693371475,3694.3
-2.33339716136203,21.5370195418498,3688.25154454241
-2.11717208808014,22.2769421961083,3664.23116754033
-1.94090303635841,22.8741995542644,3643.97
-1.82895295385658,23.2507231545391,3630.78033222899
-1.55585187483003,24.1600198014207,3597.53542656682
-1.52465202254288,24.2630608999963,3593.64
-1.4651665969746,24.4590384037064,3586.15679406558
-1.2967137088107,25.0105845141138,3564.56143118921
-1.13528620296215,25.5343453571143,3543.3
-1.04918397342118,25.8117845460036,3531.7293278752
-0.812671120150618,26.5669509587557,3499.1039710572
-0.769188446757088,26.7046783896331,3492.97
-0.730925811436354,26.8255860601546,3487.5369695979
-0.586379251951733,27.2799262592214,3466.70910756626
-0.42338023395358,27.7876676927892,3442.64
-0.368828603332801,27.9565048239671,3434.44472730291
-0.159704840749317,28.5986629727344,3402.36247766525
-0.0959197260848548,28.7929231005432,3392.36434000005
-0.095574797579804,28.7939715525227,3392.31
-0.0265192438095845,29.0034318112115,3381.37088028597
0.0415473572429121,29.2090304445091,3370.47067351015
0.129616131394151,29.4737764225359,3356.19208780315
0.216075838299012,29.7322911389069,3341.98
0.236050922023676,29.7918202382441,3338.6688674973
0.363247982556761,30.1691592250105,3317.33618064189
0.423547334703908,30.3469970701424,3307.07193322699
0.461105917296635,30.4574272830455,3300.62894076405
0.513077786006932,30.6098060214343,3291.65
0.657108020965566,31.0294899718494,3266.37483646147
0.79669203316541,31.4325687687719,3241.32
0.864319001854284,31.6265659669752,3228.97873402073
0.930924923195992,31.8168119353944,3216.69183982688
1.06798255133113,32.2057249487369,3190.99
1.13273318802912,32.3882621919897,3178.6481624524
1.19651871818547,32.5673280245933,3166.3623986169
1.26269432572915,32.7523170722516,3153.48051912725
1.32785228440164,32.9336798369478,3140.66
1.38990459479396,33.1056783364073,3128.32235675033
1.45104109843987,33.2744524924997,3116.04247592231
1.51457068691196,33.4491128117945,3103.14955388861
1.57713023661473,33.6203900185527,3090.32
1.63665860930999,33.7827095558514,3077.98700900047
1.69531420127113,33.9420218251646,3065.71352997519
1.75631911172351,34.1070553934106,3052.81908434385
1.81639690602121,34.2689247100087,3039.99
1.87354673905207,34.4223018761966,3027.66381416945
1.92986213664476,34.5728652427506,3015.39890143113
1.9885253374706,34.7291004291784,3002.49571543133
2.04629851557358,34.88236278958,2989.66
2.10121349434814,35.0274896496485,2977.33921702579
2.15532796412364,35.1699745235986,2965.08152815299
2.18365908498129,35.2443630541721,2958.61750086836
2.21177346874529,35.3180413120571,2952.17095087527
2.26736207699892,35.4633067631525,2939.33
2.32016342555557,35.6007808017955,2927.01472392131
2.37219466037055,35.7357668587229,2914.76441081194
2.39947149754261,35.8063406988438,2908.29632769777
2.4265391598604,35.8762434963349,2901.84628168333
2.45340007414995,35.9454846323882,2895.41419742546
2.46675375330732,35.9798599737059,2892.20486752515
2.47341152687469,35.9969868335625,2890.60187654757
2.4767356630889,36.0055351222193,2889.80079904268
2.47839654553741,36.009805488874,2889.40036472264
2.47922669059452,36.0119397287364,2889.20017366278
2.47964168911218,36.0130066129204,2889.1000846569
2.48005663830098,36.0140733399848,2889
2.51515284131445,36.1041869854924,2879.33733150893
2.55006277026046,36.1936075992824,2869.68099414036
2.61933069799752,36.3704021517319,2850.3872878975
2.65874137590956,36.4706162364451,2839.33
2.73139109055138,36.6546401651507,2818.79348811137
2.80323933845915,36.8357297224979,2798.28585062775
2.83321933174434,36.9110274156129,2789.67
2.87196120987157,37.0081005972254,2778.48457336147
2.91047309576752,37.1043399412702,2767.30765889383
2.94875734123373,37.1997563352645,2756.13924688407
2.98681625953807,37.2943604699009,2744.97932763395
3.00373456578231,37.3363346512456,2740
3.0790536027457,37.5226032290604,2717.68249439006
3.11631342626158,37.6143890920818,2706.54938086619
3.15331076162651,37.7052931327167,2695.43330787115
3.16966487995381,37.7454013094214,2690.5
3.21061606019203,37.8456330019548,2678.09389820886
3.25125038320384,37.9448065956495,2665.70856565713
3.29157172843062,38.0429386455898,2653.34395023328
3.33158390302903,38.1400453533632,2641
3.35640811103442,38.2001555291181,2633.30425228385
3.41089513404026,38.3317266984406,2616.31173760945
3.45042723936155,38.4268720735097,2603.89554466347
3.48965963760413,38.5210358186261,2591.5
3.52357499378806,38.6022292723031,2580.72498936814
3.54044959723111,38.6425551697203,2575.34325459725
3.54886625407647,38.6626509307445,2572.65382804564
3.55306943664109,38.6726820787473,2571.3094747533
3.55516974337207,38.677693477639,2570.63738807489
3.55621957583843,38.6801981343075,2570.30136722411
3.55726919446266,38.6827020961711,2569.96536136428
3.60084120497067,38.786484370057,2555.96968856544
3.64404650972377,38.8890797999313,2542
3.72002469003503,39.0687429753709,2517.20988262419
3.79489037778364,39.2448373435133,2492.5
3.83194645751234,39.3316549433339,2480.16420665138
3.86873372851556,39.4176184449707,2467.84827539613
3.94232605073483,39.5889180201375,2443
3.97864967099846,39.6731399550471,2430.63099049315
4.01471320805555,39.7565450046717,2418.28166823218
4.03118811377823,39.7945761472711,2412.61714179685
4.04760905007839,39.832438585599,2406.95675270202
4.06397628896827,39.8701334202591,2401.3004964165
4.07213985674254,39.8889183284363,2398.47391666304
4.08029010124623,39.9076617440168,2395.64836841572
4.08648012375097,39.9218899348944,2393.5
4.14792609240235,40.0627896647553,2372.0612614952
4.22747170333984,40.2442833904743,2344
4.29655020952916,40.4010656126041,2319.34536379588
4.30908394297417,40.4294300889545,2314.84316635167
4.33732820722485,40.4932557327069,2304.66492071891
4.3654101258528,40.5565875608621,2294.5
4.43337413130758,40.7093409393524,2269.71064065429
4.50039843150802,40.8592601962976,2245
4.53526548350997,40.9369678720836,2232.04013039989
4.56656495072982,41.0065602331772,2220.34447117778
4.59966370039589,41.0799844260343,2207.91232549126
4.63253458290122,41.1527317828769,2195.5
4.69609283250443,41.2929110780785,2171.31202186828
4.75880783849171,41.430608466261,2147.19913328747
4.7619100002924,41.4374035914979,2146
4.820696304823,41.5658876334986,2123.16098513565
4.88861076084904,41.7136516116359,2096.5
4.95062672657352,41.847956463261,2071.89234040359
4.97945078330992,41.910176666267,2060.36870830591
5.01271768408827,41.981827871131,2047
5.07392075759535,42.1132037457986,2022.2100063482
5.104215213568,42.1780197152633,2009.84502897631
5.13430763091898,42.2422642685848,1997.5
5.14923418788482,42.2740797270072,1991.35328510815
5.16411101990627,42.3057553454005,1985.21157586195
5.1789383713631,42.3372920143563,1979.07486614926
5.19371648492963,42.3686906168833,1972.94314986794
5.19536659309803,42.3721944864336,1972.25753325194
5.19701608846334,42.3756966404221,1971.5719790383
5.2253240090029,42.4357345682386,1959.77676083581
5.25345202369088,42.4952703262985,1948
5.2829365187241,42.5575483888214,1935.59437804998
5.31222455464202,42.6192811902301,1923.2092043829
5.34131805083279,42.6804756223624,1910.84442848281
5.37021890025952,42.7411384610211,1898.5
5.39881291440802,42.8010335206766,1886.22570701501
5.42721821598882,42.8604116628727,1873.9718514899
5.45604190031334,42.920540706371,1861.47531612652
5.47038120879216,42.9504075823911,1855.23500903794
5.48467247504836,42.9801438011897,1849
5.48540191442111,42.981660746492,1848.68134029567
5.4861312286224,42.9831773520243,1848.36269448377
5.51350911285232,43.0400520973719,1836.37139519048
5.54071114046526,43.0964508328816,1824.39975341869
5.59687314974249,43.2125449357992,1799.5
5.62399688335025,43.268445599225,1787.3853461322
5.65094431362674,43.323875083243,1775.29117016255
5.67900667909218,43.3814839047909,1762.63439076853
5.70687899507248,43.4385876321569,1750
5.71027773078841,43.4455430054736,1748.45502649824
5.76062931770414,43.54838655909,1725.4548124004
5.81474363460265,43.6585010670741,1700.5
5.8403356653812,43.7104278973239,1688.61198033775
5.86576406009004,43.7619280981149,1676.74440637374
5.8932364093558,43.817462136231,1663.8601754062
5.92051887558787,43.872503793808,1651
5.92987720161171,43.891359092443,1646.57372505332
5.97214282789033,43.9763585081592,1626.48639000535
6.02425331837693,44.0808013883354,1601.5
6.04739304112481,44.1270539071646,1590.32581136295
6.07039293222535,44.1729506376669,1579.170417641
6.09829578131779,44.2285293872299,1565.57126913744
6.12599400745509,44.2835902364311,1552
6.14462406505756,44.3205629025937,1542.83118695309
6.17553553686673,44.3817995911439,1527.54507831142
6.2257843166152,44.4810537263687,1502.5
6.24569100382553,44.5202752832111,1492.51001140198
6.2654888664386,44.5592266978049,1482.53582354711
6.29469489861923,44.6165869662392,1467.75058586692
6.32366544006639,44.673365659396,1453
6.35393694103189,44.7325676371122,1437.49595584382
6.37136489719352,44.7665929899071,1428.52728207025
6.39560463868122,44.8138463273851,1416.00091043435
6.41967780983502,44.8606933678166,1403.5
6.44136910504644,44.9028356966528,1392.1836683677
6.46292426594876,44.9446483657519,1380.88870621486
6.48434449265228,44.986135027872,1369.61505306817
6.5056309711043,45.0272992826207,1358.36264868231
6.51385893263413,45.0431937875112,1354
6.54755168795072,45.1081821621264,1336.05757999491
6.5623222915501,45.1366227952968,1328.15206802809
6.57702751991429,45.1649075060654,1320.25731532995
6.59166777820861,45.1930375038665,1312.37329995064
6.60624346825015,45.2210139858217,1304.5
6.62879538204828,45.2642421384967,1292.27046329956
6.64001295589459,45.2857181670461,1286.16558487831
6.65119185610541,45.3071028986585,1280.0672855322
6.65230039338883,45.30922254217,1279.46176837359
6.65340855095608,45.3113412904661,1278.85631604003
6.65887284161163,45.3217863000662,1275.86876266185
6.66432790714913,45.332209575928,1272.88278717215
6.67521044918961,45.3529911807518,1266.91556486065
6.68605635106864,45.3736866149872,1260.95463912357
6.69686578501317,45.3942963834671,1255
6.70073558961409,45.4016708327244,1252.86486936871
6.71238063043038,45.4238496772489,1246.42905929664
6.71818708346817,45.4349015494747,1243.21398312205
6.72398286126613,45.4459284942024,1240.00079064521
6.72976799118054,45.4569305908244,1236.78948021112
6.73554250047474,45.4679079184017,1233.58005016674
6.73842578093728,45.4733873185165,1231.97603977464
6.7413064164265,45.4788605558685,1230.37249886094
6.74418441032442,45.4843276402476,1228.76942721957
6.74562241773857,45.4870588781388,1227.96806731163
6.74705976602052,45.4897885814489,1227.16682464455
6.76646900581458,45.5266214842967,1216.32268603573
6.7857583704199,45.5631759209892,1205.5
6.80779134147026,45.6048675608527,1193.08182241803
6.82966689444291,45.646195928348,1180.69249676883
6.85138658900374,45.6871654730466,1168.33192261882
6.87295196446353,45.7277805733556,1156
6.9152096594137,45.8071838401203,1131.66158906888
6.93692230631411,45.847888571007,1119.06540313811
6.95847566552361,45.8882317902058,1106.5
6.97929137768443,45.9271349044185,1094.30565081738
6.9999573892369,45.9657006005121,1082.1409665081
7.02123617423919,46.0053499013683,1069.5546440837
7.0423571369567,46.0446451036143,1057
7.06274657105021,46.0825226667978,1044.82116506304
7.08298758430234,46.1200695538014,1032.67290433428
7.10388401230863,46.1587748749137,1020.07004160769
7.12462314015533,46.1971313140979,1007.5
7.1446150026994,46.2340515436956,995.323620858176
7.1644593875316,46.2706469132339,983.178802118096
7.18495745806101,46.3083929156062,970.572443581608
7.20529906252239,46.3457957855765,958
7.21510716400545,46.3638107527023,951.91554374812
7.22487845981267,46.3817454774175,945.839249902263
7.24431138411049,46.4173761793987,933.711083816563
7.25439446877737,46.4358441167304,927.395103104456
7.26443828876928,46.4542268213358,921.087941193903
7.28440896411207,46.4907387099864,908.5
7.29401398029353,46.5082806460624,902.423247724747
7.3035823830247,46.5257436645217,896.354941210249
7.3226101038399,46.5604349112553,884.243595131338
7.33251000634528,46.5784655916098,877.918955197763
7.34237063885592,46.5964119889104,871.60348931928
7.36197493677678,46.632054110992,859
7.37141025295922,46.6491903330662,852.91138122816
7.38080902629133,46.6662486279247,846.831503704974
7.39949770912546,46.7001333915749,834.697897215213
7.40918623943067,46.7176819093527,828.384305116467
7.41883586098562,46.7351478026369,822.080138932514
7.43801922160582,46.7698338612891,809.5
7.45641953261491,46.8030591309171,797.373209296456
7.46556550662842,46.8195575810474,791.323321138095
7.47467561493078,46.8359805497504,785.282411049003
7.49369708965809,46.8702362693519,772.621532191134
7.50314934551984,46.8872413929055,766.3058592348
7.50786094786207,46.8957135073445,763.151704332378
7.51256290219654,46.9041654127275,760
7.53093091363647,46.9371551026875,747.624980525305
7.54494858005019,46.9623021058382,738.10585056905
7.55875934137317,46.9870531622038,728.662576868828
7.57236725912119,47.0114166700682,719.29425629553
7.58577629516849,47.0354008027555,710
7.59453735576874,47.0510588326949,703.893262828064
7.60321426325121,47.0665567469339,697.818265601651
7.60336192448364,47.0668204025641,697.714649662011
7.62031986586345,47.0970809494444,685.762506287605
7.62060955474499,47.0975975635836,685.557420936635
7.62889418548552,47.1123673366758,679.679239165515
7.63710159515924,47.1269907727451,673.830777988988
7.64195921126105,47.1356416995763,670.357470241551
7.64678991257354,47.1442416998078,666.894602614602
7.65159389792969,47.1527911782299,663.442128107172
7.65398593426033,47.1570470980419,661.719773662561
7.65637136532934,47.1612905373506,660
7.67262019436796,47.1901762097319,647.44308825296
7.67350723370489,47.1917521360812,646.754516626808
7.68857971040964,47.2185147602167,635.004994961893
7.69032144322486,47.2216055059224,633.641205778202
7.70425675125568,47.2463201164301,622.6840416075
7.70682200609772,47.2508669629612,620.658098913648
7.7196579532309,47.2736057594119,610.478581138349
7.72025923914327,47.2746704194869,610
7.72301668599901,47.2795522725261,607.803266391352
7.7347897585061,47.300384741283,598.386997236882
7.73552819490836,47.3016908185171,597.794365946859
7.75052908149625,47.3282079919919,585.703166460287
7.76526816786248,47.3542345683747,573.724799718285
7.78200808677182,47.3837608615631,560
7.79025246162289,47.398289458936,553.192741540924
7.79675632644512,47.4097447859961,547.800018114301
7.8004021238979,47.4161638286645,544.768301784382
7.80403161255679,47.4225524880102,541.743844590016
7.80764488965506,47.4289109580248,538.726620490491
7.81124205170062,47.4352394311339,535.716603569497
7.81271674677138,47.4378333840381,534.480806121155
7.81345308039506,47.4391284742399,533.863362308618
7.81382099408872,47.4397755484952,533.554754032585
7.81418873917313,47.4404223091249,533.246221472873
7.81583616498366,47.443319460225,531.863248856533
7.81748020987928,47.4462103240604,530.481796516729
7.81830096740057,47.4476534040533,529.791639667362
7.81912088316105,47.4490949191315,529.101861948018
7.81993995831258,47.4505348715867,528.412463046378
7.82034918102232,47.4512542625507,528.067905554689
7.82055371372312,47.4516138118412,527.895662281578
7.82075819401156,47.4519732637177,527.723442650462
7.82463661653588,47.458790067185,524.453026404614
7.82547145598358,47.4602571516957,523.748093657487
7.83494899882348,47.4769061137599,515.721110339925
7.84167189434207,47.4887091898472,510
7.8519237562915,47.5066969455911,501.231837635871
7.86404685152195,47.5279508620058,490.793867695779
7.87598179981779,47.5488568643124,480.443297181012
7.88773247760727,47.5694225975296,470.179032946135
7.89930266179015,47.5896554953129,460
7.90483156738989,47.5993180173566,455.110153799645
7.9103195727741,47.6089052698235,450.239855181777
7.91576708064295,47.6184180418139,445.388987165494
7.92117448874319,47.627857111992,440.55743370145
7.92654218994138,47.6372232487531,435.745079662605
7.93187057229569,47.6465172103877,430.951810835079
7.93716001912671,47.6557397452419,426.177513909115
7.94241090908687,47.6648915918758,421.42207647015
7.94556672221447,47.670390242279,418.556340878194
7.94870866279937,47.6758634845859,415.697432495386
7.95183681207772,47.6813114769043,412.845326953464
7.95339574040239,47.6840260537381,411.421817664446
7.95495125109399,47.6867343768018,410
7.96612354494006,47.7061777465291,399.307878836069
7.97713481951732,47.7253256478467,388.697138499809
7.98798815721454,47.7441841109776,378.166853394176
7.99868656686765,47.7627590112519,367.716111905669
8.00653913198569,47.776383802421,360
8.00923299668087,47.7810560926728,357.344016141245
8.01644213331735,47.793555316816,350.213610508655
8.01963030479907,47.7990809179565,347.049681671167
8.02621268713241,47.8104852222912,340.49665633665
8.03585313572891,47.8271780646672,330.84840112145
8.04536579054394,47.8436383180665,321.268118876023
8.05647838242092,47.8628528128237,310
8.06605961437624,47.8794071855421,300.217481876511
8.07551101743556,47.8957261018654,290.505624974055
8.0848349282432,47.9118140560461,280.863666446062
8.09403363103189,47.9276754344494,271.290854387338
8.10480887883007,47.9462419608737,260
8.11407614220262,47.9621986542014,250.221496159884
8.12321613497687,47.9779258291842,240.514923480173
8.13223117826001,47.993427913606,230.879491175603
8.14112354041718,48.0087092278827,221.314420010072
8.14636768049237,48.0177165943064,215.644922069009
8.15156946382665,48.0266478646714,210
8.15654434314278,48.0351864348672,204.581591531031
8.16150837655228,48.0437033560801,199.16578174378
8.17140403790334,48.0606725623187,188.341950740003
8.17672931561086,48.0697994374464,182.501932901358
8.18204210228626,48.0789014346269,176.664936727765
8.19263036634701,48.0970311789243,165
8.19493024612634,48.1009673277931,162.460614540196
8.20392522202452,48.1163556285044,152.509498489537
8.21288436351804,48.1316727703667,142.567164179106
8.21821345749566,48.1407790804508,136.638571687629
8.2256776510055,48.1535279869194,128.316210957766
8.2331170103431,48.1662276953621,120
8.24009573694465,48.1781349085432,112.178010498598
8.2502355141369,48.1954249526776,100.775120697231
8.25540142053964,48.2042288742259,94.9483509011809
8.26055221548504,48.2130037997848,89.126912393105
8.26568795963728,48.2217498624361,83.3107978594423
8.27080871334768,48.2304671944707,77.5
8.27546386052019,48.238389126103,72.2074135776759
8.2801066451585,48.2462873897273,66.9192339716901
8.28473711231295,48.2541620838731,61.6354556803995
8.28935530682311,48.2620133065386,56.3560732113143
8.29402301540114,48.2699460684442,51.0103056534594
8.29867821172534,48.2778549255379,45.6690413893526
8.3033209418101,48.2857399781707,40.3322747310044
8.30563764641212,48.2896736091597,37.6655762291114
8.30679483609092,48.2916382062467,36.332647874741
8.30737314058504,48.2926199508647,35.6662888829499
8.3079512516334,48.2936013264558,35
8.3093094229823,48.2959067378937,33.125
8.31066690495079,48.2982107551514,31.25
8.31337980286947,48.3028146121882,27.5
8.31608994962993,48.3074129076744,23.75
8.31744399264857,48.3097099729882,21.875
8.31812075679864,48.3108579855884,20.9375
8.31845907456272,48.3114318619431,20.46875
8.31879734946384,48.3120056516938,20
8.32052047415661,48.3149282401871,17.3283812080545
8.32224233524816,48.3178483253711,14.6567624161089
8.32460185747026,48.3218492284607,10.9925718120812
8.32524060684314,48.322932201977,10
8.32695900900537,48.3258454369645,7.32838120805445
8.32931379345655,48.3298369591481,3.66419060402677
8.33049029914959,48.3318309654475,1.83209530201384
8.33107833055939,48.3328275303496,0.916047651006011
8.33137229092964,48.3333257032949,0.458023825503005
8.33166621441946,48.3338238032579,0
