-69.65,-17.5,151
-69.6478454751521,-17.4976171140591,152.509498489537
-69.6336128527012,-17.4818738030131,162.460614540196
-69.6299727245101,-17.477846701447,165
-69.6132086012594,-17.4592972686495,176.664936727765
-69.6047935487397,-17.4499840941076,182.501932901358
-69.5963563925259,-17.4406451462402,188.341950740003
-69.580671934454,-17.4232807948198,199.16578174378
-69.5728010008986,-17.4145651327463,204.581591531031
-69.5649108421594,-17.4058270374309,210
-69.5566583455344,-17.396686438714,215.644922069009
-69.5483360889255,-17.3874673037463,221.314420010072
-69.5342183540865,-17.3718252064861,230.879491175603
-69.5198982818821,-17.355955181578,240.514923480173
-69.505371945177,-17.3398527177062,250.221496159884
-69.4906353199717,-17.323513189829,260
-69.473490565299,-17.3044985854268,271.290854387338
-69.4588456316872,-17.2882521701972,280.863666446062
-69.4439932099045,-17.2717715627695,290.505624974055
-69.4289293165736,-17.2550521745336,300.217481876511
-69.4136498710646,-17.2380893022939,310
-69.3959174298739,-17.218397819611,321.268118876023
-69.3807287100179,-17.2015265129402,330.84840112145
-69.3653271699825,-17.1844145069678,340.49665633665
-69.3548061032144,-17.1727225007787,347.049681671167
-69.3497087497432,-17.1670571122384,350.213610508655
-69.3381789728038,-17.1542407400543,357.344016141245
-69.33386932624,-17.1494495622824,360
-69.3213028347747,-17.1354770417291,367.716111905669
-69.3041726450493,-17.1164255690571,378.166853394176
-69.2867831947931,-17.0970802925419,388.697138499809
-69.2691291577422,-17.0774350421345,399.307878836069
-69.2512050682037,-17.0574834823293,410
-69.2487059740827,-17.0547012412478,411.421817664446
-69.2462011473887,-17.0519125042434,412.845326953464
-69.2411742258398,-17.0463154609485,415.697432495386
-69.2361241599697,-17.0406921863505,418.556340878194
-69.231050805729,-17.0350425137611,421.42207647015
-69.2226071579697,-17.0256386561861,426.177513909115
-69.2140987257709,-17.0161613382049,430.951810835079
-69.2055248363292,-17.0066097807151,435.745079662605
-69.196884807963,-16.9969831940936,440.55743370145
-69.1881779499691,-16.9872807780231,445.388987165494
-69.1794035624769,-16.9775017213153,450.239855181777
-69.1705609362998,-16.9676452017298,455.110153799645
-69.1616493527834,-16.9577103857903,460
-69.1429903967111,-16.9369043442672,470.179032946135
-69.1240265761716,-16.9157519059709,480.443297181012
-69.1047511227216,-16.8942452095564,490.793867695779
-69.0851570761729,-16.8723761655621,501.231837635871
-69.0685758206954,-16.8538643067426,510
-69.0576964970071,-16.8417155790242,515.721110339925
-69.0423516766975,-16.8245766935434,523.748093657487
-69.0409995746528,-16.823066304943,524.453026404614
-69.0347171708739,-16.8160480071162,527.723442650462
-69.034385904148,-16.8156779174954,527.895662281578
-69.0340545482587,-16.8153077262855,528.067905554689
-69.0333915688611,-16.8145670389484,528.412463046378
-69.0320645386852,-16.8130844435506,529.101861948018
-69.0307360782536,-16.8116002184843,529.791639667362
-69.0294061854807,-16.8101143613187,530.481796516729
-69.0267420946278,-16.8071377410301,531.863248856533
-69.024072249287,-16.8041545630584,533.246221472873
-69.0234762378475,-16.8034885862985,533.554754032585
-69.0228799393646,-16.8028222824036,533.863362308618
-69.0216864805277,-16.8014886923448,534.480806121155
-69.0192961101513,-16.7988175770649,535.716603569497
-69.0134644506134,-16.7923005678789,538.726620490491
-69.0076053383523,-16.7857522637439,541.743844590016
-69.001718598264,-16.7791724604127,544.768301784382
-68.9958040538231,-16.7725609519388,547.800018114301
-68.9852495233098,-16.7607611243701,553.192741540924
-68.9718642657326,-16.7457937031654,560
-68.94466456179,-16.7153690350507,573.724799718285
-68.9206920993604,-16.6885432523807,585.703166460287
-68.8962708975631,-16.6612047358024,597.794365946859
-68.8950681364702,-16.6598580191495,598.386997236882
-68.875884627647,-16.6383749854093,607.803266391352
-68.8713894671053,-16.6333400390254,610
-68.8704091529023,-16.6322419592089,610.478581138349
-68.8494729878398,-16.6087866240354,620.658098913648
-68.8452868661282,-16.6040958630125,622.6840416075
-68.8225345639312,-16.5785952893723,633.641205778202
-68.8196894048271,-16.5754058113665,635.004994961893
-68.7950550175546,-16.5477841573024,646.754516626808
-68.7936045082813,-16.5461574162859,647.44308825296
-68.7670195102616,-16.516335801114,660
-68.7631048908223,-16.511943530227,661.719773662561
-68.7591788057625,-16.5075381209949,663.442128107172
-68.7512920578812,-16.4986876750614,666.894602614602
-68.7433588973047,-16.4897840298265,670.357470241551
-68.7353789526898,-16.4808267492161,673.830777988988
-68.7218901762178,-16.4656833764061,679.679239165515
-68.7082669701342,-16.4503858061799,685.557420936635
-68.7077904703414,-16.4498506824378,685.762506287605
-68.6798807764691,-16.4185002245815,697.714649662011
-68.6796376133817,-16.4182270231874,697.818265601651
-68.665344567555,-16.402166495653,703.893262828064
-68.6509044435076,-16.3859370293639,710
-68.6287869636608,-16.3610717189702,719.29425629553
-68.6063210052063,-16.3358057844539,728.662576868828
-68.58349906505,-16.3101303775267,738.10585056905
-68.5603134325268,-16.2840363984634,747.624980525305
-68.5298988889949,-16.2497923734992,760
-68.5221072801031,-16.2410171071947,763.151704332378
-68.5142975493889,-16.232220359907,766.3058592348
-68.4986234872633,-16.2145621290533,772.621532191134
-68.4670552945626,-16.178984644992,785.282411049003
-68.4519237077471,-16.1619250850095,791.323321138095
-68.4367244726863,-16.1447852173409,797.373209296456
-68.4061213652596,-16.1102624445662,809.5
-68.3741809460466,-16.0742136080325,822.080138932514
-68.3581007623117,-16.0560583262683,828.384305116467
-68.3419466344589,-16.0378150152574,834.697897215213
-68.3107603257129,-16.0025825724485,846.831503704974
-68.2950634675885,-15.984842785495,852.91138122816
-68.2792969012375,-15.967019903283,859
-68.2465099877341,-15.9299430055311,871.60348931928
-68.2300045104473,-15.9112708175539,877.918955197763
-68.2134237162772,-15.8925086694798,884.243595131338
-68.1815282400168,-15.8564036633543,896.354941210249
-68.1654756262796,-15.8382257845361,902.423247724747
-68.1493525215133,-15.8199635988721,908.5
-68.1158004045957,-15.7819456751213,921.087941193903
-68.0989112333344,-15.7628011990464,927.395103104456
-68.0819460173809,-15.7435655766207,933.711083816563
-68.0492209369088,-15.7064470014769,945.839249902263
-68.0327519213118,-15.6877599810616,951.91554374812
-68.0162113437352,-15.6689870738007,958
-67.9818764172065,-15.6300032997116,970.572443581608
-67.9472357757328,-15.5906519598187,983.178802118096
-67.9136599305639,-15.5524906388886,995.323620858176
-67.8797947688147,-15.5139810028303,1007.5
-67.8446215032434,-15.4739631799403,1020.07004160769
-67.8091378401717,-15.4335708927117,1032.67290433428
-67.7747252649288,-15.3943774509571,1044.82116506304
-67.740018603216,-15.3548287467074,1057
-67.7040224807477,-15.3137891677932,1069.5546440837
-67.6677117548802,-15.2723687508232,1082.1409665081
-67.6324027258049,-15.2320696923649,1094.30565081738
-67.5967940211432,-15.1914073792249,1106.5
-67.5598769299415,-15.1492285297444,1119.06540313811
-67.5226390575941,-15.1066600576554,1131.66158906888
-67.4500273045302,-15.0235873286441,1156
-67.4129006111375,-14.9810779645309,1168.33192261882
-67.3754598146658,-14.9381857711777,1180.69249676883
-67.3377010832441,-14.8949058185618,1193.08182241803
-67.2996205218044,-14.8512330922675,1205.5
-67.2662404807079,-14.8129314751146,1216.32268603573
-67.2326139339967,-14.7743284483026,1227.16682464455
-67.2301221641679,-14.7714671746603,1227.96806731163
-67.2276290360599,-14.7686042391646,1228.76942721957
-67.22263870076,-14.762873377126,1230.37249886094
-67.2176429195185,-14.7571358511136,1231.97603977464
-67.2126416837633,-14.7513916500583,1233.58005016674
-67.2026228145301,-14.7398831786476,1236.78948021112
-67.1925820239207,-14.7283478736245,1240.00079064521
-67.1825192426989,-14.7167856455528,1243.21398312205
-67.1724344013325,-14.7051964046004,1246.42905929664
-67.1521982601599,-14.6819365245848,1252.86486936871
-67.1454703685842,-14.6742018484285,1255
-67.1266691882717,-14.6525832703872,1260.95463912357
-67.1077922551403,-14.6308717763747,1266.91556486065
-67.0888391271623,-14.6090667941295,1272.88278717215
-67.0793338503864,-14.598129064082,1275.86876266185
-67.0698093575492,-14.5871677452482,1278.85631604003
-67.0678774077224,-14.5849441691079,1279.46176837359
-67.0659446664096,-14.5827196211861,1280.0672855322
-67.0464469451266,-14.560274719741,1286.16558487831
-67.0268685104621,-14.53773068297,1292.27046329956
-66.987467570194,-14.4923426990975,1304.5
-66.961973398003,-14.462961230236,1312.37329995064
-66.9363435984059,-14.4334128512151,1320.25731532995
-66.9105771222896,-14.4036961995225,1328.15206802809
-66.8924171079395,-14.3827456958199,1333.69747829172
-66.8846729094938,-14.3738098978117,1336.05757999491
-66.8254964337233,-14.3054960767582,1354
-66.811026742202,-14.2887835833121,1358.36264868231
-66.7735586662689,-14.2454923598825,1369.61505306817
-66.7358060194015,-14.201849620642,1380.88870621486
-66.6977656430037,-14.1578512492237,1392.1836683677
-66.6594343305201,-14.1134930647603,1403.5
-66.6168342760095,-14.0641675750548,1416.00091043435
-66.5738758856934,-14.0143980595046,1428.52728207025
-66.542950008457,-13.9785507745016,1437.49595584382
-66.489154423083,-13.9161584750601,1453
-66.4375767683393,-13.8562958270034,1467.75058586692
-66.3854864719014,-13.7957958955036,1482.53582354711
-66.3501225678999,-13.7546985716334,1492.51001140198
-66.3145205490124,-13.7133048515648,1502.5
-66.2244576968851,-13.6085028315614,1527.54507831142
-66.168914008811,-13.5438066699714,1542.83118695309
-66.1353866619828,-13.5047317051088,1552
-66.0854678527052,-13.446521087046,1565.57126913744
-66.0350929066187,-13.3877399067571,1579.170417641
-65.9935034514935,-13.3391811101058,1590.32581136295
-65.9516006105024,-13.2902298102574,1601.5
-65.8570125125016,-13.1796333260034,1626.48639000535
-65.7800660510517,-13.0895647524714,1646.57372505332
-65.7630010265829,-13.0695774989742,1651
-65.7131934702028,-13.0112159548255,1663.8601754062
-65.6629522863453,-12.9523088389071,1676.74440637374
-65.6163710030519,-12.8976594031989,1688.61198033775
-65.569413909916,-12.8425365497214,1700.5
-65.4698708921131,-12.7255757190634,1725.4548124004
-65.376939909659,-12.6162528707453,1748.45502649824
-65.3706562579882,-12.608856317597,1750
-65.3190736439605,-12.5481162023532,1762.63439076853
-65.2670459286104,-12.486812936402,1775.29117016255
-65.2169967712813,-12.4278041222739,1787.3853461322
-65.166532231447,-12.3682691260662,1799.5
-65.0617593278804,-12.2445482028228,1824.39975341869
-65.0108753582227,-12.1844056537219,1836.37139519048
-64.9595714846583,-12.1237297411676,1848.36269448377
-64.9582035596148,-12.1221114197811,1848.68134029567
-64.9568353347693,-12.1204927173644,1849
-64.9300157792552,-12.0887580547595,1855.23500903794
-64.9030809279583,-12.0568767990099,1861.47531612652
-64.8488623425347,-11.9926705258104,1873.9718514899
-64.795330590767,-11.9292373688461,1886.22570701501
-64.7413423534534,-11.8652229760138,1898.5
-64.6866715836099,-11.800358222629,1910.84442848281
-64.6315312030214,-11.7348946179849,1923.2092043829
-64.5759150588266,-11.6688239775693,1935.59437804998
-64.5198168838475,-11.6021379638594,1948
-64.4661972513365,-11.538358361747,1959.77676083581
-64.4121333447532,-11.474010980012,1971.5719790383
-64.4089799113696,-11.4702565184485,1972.25753325194
-64.4058249595847,-11.4665001153187,1972.94314986794
-64.377554218625,-11.4328339528474,1979.07486614926
-64.3491612497966,-11.3990114523016,1985.21157586195
-64.3206452449311,-11.3650315381628,1991.35328510815
-64.2920053882743,-11.33089312479,1997.5
-64.2341793894007,-11.2619319011881,2009.84502897631
-64.1758470698602,-11.1923220199399,2022.2100063482
-64.0576361768307,-11.0511199361936,2047
-63.9931772907531,-10.9740474485739,2060.36870830591
-63.9372092690874,-10.9070837172898,2071.89234040359
-63.8164192142943,-10.7624255552447,2096.5
-63.6835516518207,-10.6030889294457,2123.16098513565
-63.5680404423582,-10.4643859023317,2146
-63.5619318723089,-10.4570462493284,2147.19913328747
-63.4381557725198,-10.308225673267,2171.31202186828
-63.3121635002805,-10.1565475873746,2195.5
-63.2467833090006,-10.0777625751086,2207.91232549126
-63.1807973855884,-9.99819553686646,2220.34447117778
-63.1182570020947,-9.92273521004178,2232.04013039989
-63.0484252616759,-9.8384224444839,2245
-62.9137032838637,-9.67560135678808,2269.71064065429
-62.7764337474228,-9.5094849144825,2294.5
-62.7195201694491,-9.44054778074529,2304.66492071891
-62.6621614679074,-9.3710343099709,2314.84316635167
-62.6366704072552,-9.34012957443993,2319.34536379588
-62.4957632263986,-9.16916604037922,2344
-62.33262543525,-8.97095615267635,2372.0612614952
-62.2059551205781,-8.81685451701885,2393.5
-62.1931626368408,-8.80128217411003,2395.64836841572
-62.1763101799375,-8.78076494968483,2398.47391666304
-62.1594199961643,-8.76019876622662,2401.3004964165
-62.1255259131038,-8.71891881536624,2406.95675270202
-62.0914793049738,-8.67744089166377,2412.61714179685
-62.0572790797725,-8.63576355311501,2418.28166823218
-61.9822684072861,-8.54431068286973,2430.63099049315
-61.9065124669827,-8.45188999463465,2443
-61.7523951009248,-8.2636888272718,2467.84827539613
-61.6750335949515,-8.16912813200362,2480.16420665138
-61.5968882473412,-8.07354889773784,2492.5
-61.4383330207883,-7.87943675850776,2517.20988262419
-61.2764868739438,-7.68104631457651,2542
-61.184027089257,-7.56759860644782,2555.96968856544
-61.0904668350814,-7.45272000668135,2569.96536136428
-61.0882091025242,-7.4499468416914,2570.30136722411
-61.0859507243821,-7.44717283717019,2570.63738807489
-61.0814320301555,-7.44162230797995,2571.3094747533
-61.0723868815936,-7.43051115810069,2572.65382804564
-61.0542654771528,-7.40824840487126,2575.34325459725
-61.0178977012077,-7.36356038127063,2580.72498936814
-60.944657934354,-7.27352858357985,2591.5
-60.8596911011934,-7.1690210306702,2603.89554466347
-60.7738073185619,-7.0633210343294,2616.31173760945
-60.654989308857,-6.91698237056902,2633.30425228385
-60.600683787125,-6.8500584179706,2641
-60.5129241976563,-6.74185451228962,2653.34395023328
-60.4241986810922,-6.63239458930623,2665.70856565713
-60.3344897773726,-6.52165597650316,2678.09389820886
-60.2437795536401,-6.409615413681,2690.5
-60.2074685823122,-6.36474765541391,2695.43330787115
-60.1251426729822,-6.26298308401628,2706.54938086619
-60.0419774998869,-6.16012775935583,2717.68249439006
-59.8730726580044,-5.95107159273245,2740
-59.8349870617863,-5.90390311297784,2744.97932763395
-59.7491189580167,-5.79751781393178,2756.13924688407
-59.6624727589914,-5.69011471729936,2767.30765889383
-59.5750363038334,-5.58167825799463,2778.48457336147
-59.4867971415302,-5.47219252357657,2789.67
-59.4183196343672,-5.38719015265614,2798.28585062775
-59.2535128250541,-5.18248449406528,2818.79348811137
-59.085854168388,-4.97405660439228,2839.33
-58.9944716269279,-4.86037883139396,2850.3872878975
-58.8331128137059,-4.65952916169351,2869.68099414036
-58.7514266415355,-4.55779294856603,2879.33733150893
-58.6690562726641,-4.45516608748931,2889
-58.668043225987,-4.45390367551709,2889.1000846569
-58.6670300092278,-4.45264104587499,2889.20017366278
-58.6650030652767,-4.45011513334382,2889.40036472264
-58.660947134335,-4.44506069362642,2889.80079904268
-58.6528270898084,-4.43494134221484,2890.60187654757
-58.6365541860382,-4.41466064430598,2892.20486752515
-58.6038764422571,-4.37393040548145,2895.41419742546
-58.5379877222363,-4.29178756952784,2901.84628168333
-58.4713772917384,-4.20872126576519,2908.29632769777
-58.4040320185618,-4.12471479498823,2914.76441081194
-58.2749484688608,-3.96363087353224,2927.01472392131
-58.1431075071632,-3.79902047153795,2939.33
-58.0033681910567,-3.62445814152244,2952.17095087527
-57.9323214824057,-3.53567224580598,2958.61750086836
-57.8604702735161,-3.44585817041469,2965.08152815299
-57.7225023745828,-3.27333596415634,2977.33921702579
-57.5814996492762,-3.09693789309577,2989.66
-57.4320550609703,-2.90989431624098,3002.49571543133
-57.2791257857656,-2.7184046262193,3015.39890143113
-57.1311684535813,-2.53306420363262,3027.66381416945
-56.9798397621283,-2.34342830567388,3039.99
-56.8194476815614,-2.1423609158124,3052.81908434385
-56.6551723368938,-1.93635339389813,3065.71352997519
-56.4958482507297,-1.73649181964906,3077.98700900047
-56.3327363219431,-1.53182099436049,3090.32
-56.1597395487639,-1.31469064147884,3103.14955388861
-55.9823577208995,-1.09200495962328,3116.04247592231
-55.809986846133,-0.875568323119502,3128.32235675033
-55.6333044735474,-0.653683883678048,3140.66
-55.4458469556227,-0.4182395662949,3153.48051912725
-55.2533701451474,-0.176471820185922,3166.3623986169
-55.0657784032463,0.0591679074561437,3178.6481624524
-54.8731969690371,0.301072501617568,3190.99
-54.4580638443104,0.822464857696011,3216.69183982688
-54.2524485859444,1.08065093017239,3228.97873402073
-54.0409422689756,1.34617382090988,3241.32
-53.5951677735984,1.90552712164698,3266.37483646147
-53.1211218453075,2.49982714714172,3291.65
-52.946274797846,2.71885872538547,3300.62894076405
-52.8185978256816,2.87873445638293,3307.07193322699
-52.611209480446,3.13829646377732,3317.33618064189
-52.1634155242654,3.69814634545002,3338.6688674973
-52.0917463229718,3.78766719836453,3341.98
-51.7770517158146,4.18045054591597,3356.19208780315
-51.448571298932,4.58988644450984,3370.47067351015
-51.1887860559463,4.91326104205279,3381.37088028597
-50.9195627311989,5.24794688722572,3392.31
-50.9182029805065,5.24963608763003,3392.36434000005
-50.6640884242465,5.56510288877869,3402.36247766525
-49.7897563136842,6.64696596543404,3434.44472730291
-49.5498631162269,6.94274524343412,3442.64
-48.7982437336818,7.86618928597577,3466.70910756626
-48.0795369656749,8.74413134867802,3487.5369695979
-47.8794200113173,8.98763414975325,3492.97
-47.6462937266623,9.27075398255452,3499.1039710572
-46.2452272733546,10.9589260030488,3531.7293278752
-45.6599890985561,11.6567721675126,3543.3
-44.3872952952237,13.1579342978032,3564.56143118921
-42.5833543767798,15.2434919839089,3586.15679406558
-41.6533602951291,16.297643484095,3593.64
-40.9922594276511,17.0377741474878,3597.53542656682
-38.9756566664658,19.2455539818689,3602.52860566282
-36.9043263650667,21.430647399719,3597.53542656682
-36.2006284374456,22.1531079637883,3593.64
-35.1891510663973,23.1734288151664,3586.15679406558
-33.1522667931479,25.1620550339587,3564.56143118921
-31.6529255688085,26.5685946377114,3543.3
-30.9454438747795,27.2152772239148,3531.7293278752
-29.2039857216306,28.7605033001568,3499.1039710572
-28.9075380307,29.0169532195575,3492.97
-28.6515175023847,29.2368897973184,3487.5369695979
-27.7201180617939,30.0249937410837,3466.70910756626
-26.7258183973468,30.8455878272954,3442.64
-26.4040467496161,31.106582558083,3434.44472730291
-25.2129041609393,32.0534525136272,3402.36247766525
-24.8612418980219,32.3272245522705,3392.36434000005
-24.8593534933792,32.3286876230716,3392.31
-24.484052983944,32.6179627677462,3381.37088028597
-24.1192460562944,32.8963065075055,3370.47067351015
-23.654206801267,33.247081427825,3356.19208780315
-23.2047167087174,33.5818411459925,3341.98
-23.1018036836592,33.6578957667581,3338.6688674973
-22.4541936762598,34.1314708144358,3317.33618064189
-22.1515643988714,34.3498168086091,3307.07193322699
-21.9643996448547,34.483918026404,3300.62894076405
-21.7070291378911,34.6671548896431,3291.65
-21.0030697282807,35.1614863389159,3266.37483646147
-20.3328215144331,35.6228881863266,3241.32
-20.0119919589365,35.8405810895702,3228.97873402073
-19.6983548875239,36.0514251618724,3216.69183982688
-19.0598753861578,36.4746746193599,3190.99
-18.761291972671,36.669877092067,3178.6481624524
-18.4689848661396,36.8593034610201,3166.3623986169
-18.1675665398961,37.0529099565353,3153.48051912725
-17.8725472480925,37.2407197314608,3140.66
-17.5931647351711,37.4170450505432,3128.32235675033
-17.3193635908723,37.5884111349468,3116.04247592231
-17.0363274145611,37.7640699021039,3103.14955388861
-16.7590415947783,37.9347011956995,3090.32
-16.4964718539819,38.0949527892635,3077.98700900047
-16.2389427985716,38.2508831891774,3065.71352997519
-15.9723171033821,38.4110291850028,3052.81908434385
-15.7109231510798,38.5667629180086,3039.99
-15.4633301516848,38.7131206241338,3027.66381416945
-15.2203431476179,38.8556696870749,3015.39890143113
-14.9682457881345,39.0024318899931,3002.49571543133
-14.7209653564665,39.1452758316841,2989.66
-14.4868135182834,39.2795238891364,2977.33921702579
-14.256912786727,39.4103813833103,2965.08152815299
-14.13687598081,39.4783314356091,2958.61750086836
-14.0179755101771,39.5453861821859,2952.17095087527
-13.7835121961793,39.6768806883971,2939.33
-13.5615700887169,39.8004605624927,2927.01472392131
-13.3435829559318,39.9209973343824,2914.76441081194
-13.2295855722517,39.9837019919153,2908.29632769777
-13.1166504950415,40.0455991213987,2901.84628168333
-13.0047615200953,40.1067043354749,2895.41419742546
-12.9492043335479,40.1369647534498,2892.20486752515
-12.9215217164653,40.1520227308105,2890.60187654757
-12.9077042970281,40.1595337622474,2889.80079904268
-12.9008015465406,40.1632848011584,2889.40036472264
-12.8973516594786,40.16515920297,2889.20017366278
-12.89562708779,40.1660961246592,2889.1000846569
-12.8939027639194,40.167032860278,2889
-12.7535593737671,40.24310185925,2879.33733150893
-12.6141099424679,40.3183498434018,2869.68099414036
-12.3378542778925,40.466432981456,2850.3872878975
-12.1809350942324,40.5499657991695,2839.33
-11.8921607808361,40.7025933809423,2818.79348811137
-11.6071955509562,40.8518229489561,2798.28585062775
-11.4884711949983,40.913592127184,2789.67
-11.3352074568194,40.9929812651569,2778.48457336147
-11.1830305271722,41.0714183795963,2767.30765889383
-11.0319276088294,41.1489195624314,2756.13924688407
-10.8818861519626,41.22550053807,2744.97932763395
-10.8152433379409,41.2593951661866,2740
-10.5189959317842,41.4091785114903,2717.68249439006
-10.3727141956419,41.4826058146077,2706.54938086619
-10.2276391347098,41.5550808051533,2695.43330787115
-10.1635667010836,41.586979792543,2690.5
-10.0032769980172,41.66648796064,2678.09389820886
-9.84443809103922,41.7448641111071,2665.70856565713
-9.68702944797325,41.8221309285121,2653.34395023328
-9.53103098413425,41.8983104915065,2641
-9.43434847635635,41.9453271643435,2633.30425228385
-9.22241027642831,42.0478674594426,2616.31173760945
-9.06887543303168,42.1217018987865,2603.89554466347
-8.91669811387168,42.1945126009952,2591.5
-8.78529989163142,42.2570852105947,2580.72498936814
-8.71997606398446,42.2880909306993,2575.34325459725
-8.68740732982908,42.3035243308077,2572.65382804564
-8.67114617818731,42.3112237507582,2571.3094747533
-8.66302139633159,42.3150691512625,2570.63738807489
-8.6589604526609,42.3169907754628,2570.30136722411
-8.65490047335975,42.3189116827954,2569.96536136428
-8.48648266948881,42.3983663420769,2555.96968856544
-8.3197153596775,42.4766022959422,2542
-8.02700987239616,42.6128659908184,2517.20988262419
-7.73928831226523,42.7455078797642,2492.5
-7.5971314377202,42.8105695091316,2480.16420665138
-7.4561732136683,42.8747744192504,2467.84827539613
-7.17468895818839,43.0020730336788,2443
-7.03599977515942,43.0643476610594,2430.63099049315
-6.89846384350248,43.1258147023251,2418.28166823218
-6.83568640939093,43.153775285615,2412.61714179685
-6.77314776345096,43.1815700044341,2406.95675270202
-6.71084654102294,43.2092002245926,2401.3004964165
-6.67978453850191,43.2229540712516,2398.47391666304
-6.64878138529818,43.2366672987521,2395.64836841572
-6.62524027000883,43.2470702278229,2393.5
-6.39181145455696,43.3497708222716,2372.0612614952
-6.09031075628727,43.4812084725943,2344
-5.82911242875227,43.5939782315741,2319.34536379588
-5.78178277266201,43.6143037038109,2314.84316635167
-5.6751978685916,43.6599543598106,2304.66492071891
-5.56932253549743,43.7051345865284,2294.5
-5.31348252334251,43.8136265937506,2269.71064065429
-5.06173445054486,43.9194448675654,2245
-4.93098913901166,43.9740359892426,2232.04013039989
-4.81374865916216,44.0227765697537,2220.34447117778
-4.68989927611824,44.0740477915555,2207.91232549126
-4.56703564785032,44.1246913331897,2195.5
-4.32984637184303,44.2218426113414,2171.31202186828
-4.09629084569168,44.316715262088,2147.19913328747
-4.08475071693591,44.3213827218768,2146
-3.8662880793589,44.4093822868141,2123.16098513565
-3.61443359520548,44.5099899213327,2096.5
-3.38495049641622,44.6008791687225,2071.89234040359
-3.27845216322982,44.6428068224888,2060.36870830591
-3.15566633745391,44.6909490133247,2047
-2.93012814858524,44.7788286604403,2022.2100063482
-2.81866250862238,44.8219985071364,2009.84502897631
-2.70805302654139,44.8646659404414,1997.5
-2.65322983209796,44.8857509527861,1991.35328510815
-2.59861685607002,44.9067136994549,1985.21157586195
-2.54421293639737,44.9275551512233,1979.07486614926
-2.49001691987895,44.9482762689669,1972.94314986794
-2.4839671396241,44.9505868034566,1972.25753325194
-2.47791994511655,44.9528958453378,1971.5719790383
-2.37419347127087,44.9924238903912,1959.77676083581
-2.27122517411838,45.0315164168385,1948
-2.16339718517384,45.0722977517805,1935.59437804998
-2.05639514632975,45.1126090962813,1923.2092043829
-1.95020998645927,45.1524578426409,1910.84442848281
-1.84483277065512,45.1918512344541,1898.5
-1.7406773158197,45.2306392854568,1886.22570701501
-1.63731085523584,45.268987773083,1873.9718514899
-1.53252549962662,45.3077148101503,1861.47531612652
-1.48043540485277,45.3269112081955,1855.23500903794
-1.4285455599897,45.3459973575627,1849
-1.42589774372306,45.3469703038434,1848.68134029567
-1.42325044877379,45.3479429639725,1848.36269448377
-1.32392151239361,45.3843697637801,1836.37139519048
-1.22532410804911,45.4203968891479,1824.39975341869
-1.02205258238203,45.4942595715035,1799.5
-0.9240242058452,45.52968236191,1787.3853461322
-0.826725233630356,45.5647147073629,1775.29117016255
-0.725498355549178,45.6010274170318,1762.63439076853
-0.625055864094819,45.6369240962142,1750
-0.612814701444933,45.6412897536406,1748.45502649824
-0.431636377017568,45.7056726295314,1725.4548124004
-0.237278467448263,45.7742568577083,1700.5
-0.145491713570124,45.8064732904962,1688.61198033775
-0.0543747211820289,45.8383452222964,1676.74440637374
0.0439734180545059,45.8726244497109,1663.8601754062
0.141546218471646,45.9065084257034,1651
0.174993302433649,45.9180949399839,1646.57372505332
0.325912557292853,45.9701940820964,1626.48639000535
0.511669276951011,46.0339131147147,1601.5
0.594042734376941,46.0620260865301,1590.32581136295
0.675850001509886,46.0898590130918,1579.170417641
0.775004743636302,46.123478233771,1565.57126913744
0.873332910289363,46.156692166673,1552
0.939413440026073,46.1789434574647,1542.83118695309
1.04895672068872,46.215706549249,1527.54507831142
1.22676252279922,46.2750518435048,1502.5
1.29711181883891,46.2984205251035,1492.51001140198
1.36702536421119,46.3215820062783,1482.53582354711
1.47006939303969,46.3556058906042,1467.75058586692
1.57217270294262,46.3891862435236,1453
1.67874399045604,46.4240952384378,1437.49595584382
1.74004501410323,46.4441102537783,1428.52728207025
1.82523968439901,46.4718478951331,1416.00091043435
1.90977275481339,46.4992797597771,1403.5
1.9858767358929,46.5238994237601,1392.1836683677
2.06144182632164,46.5482728066116,1380.88870621486
2.13647335016063,46.5724032629759,1369.61505306817
2.21097656248712,46.596294089594,1358.36264868231
2.23975865074573,46.6055050144888,1354
2.35752548496792,46.6430853758077,1336.05757999491
2.37294395557387,46.6479927341844,1333.69747829172
2.4091061390389,46.6594907430479,1328.15206802809
2.46042985174005,46.6757815223579,1320.25731532995
2.51149840632522,46.691958804866,1312.37329995064
2.56231356985168,46.7080236685265,1304.5
2.64088074315222,46.7327990908644,1292.27046329956
2.67993581180559,46.745086282003,1286.16558487831
2.71883962453788,46.7573071170474,1280.0672855322
2.72269655344002,46.758517672103,1279.46176837359
2.72655199818128,46.7597275774805,1278.85631604003
2.74556069332981,46.7656901486651,1275.86876266185
2.76453334335758,46.7716369598733,1272.88278717215
2.80237088594039,46.7834835288589,1266.91556486065
2.84006538595753,46.7952677371924,1260.95463912357
2.87761759570554,46.8069900327136,1255
2.8910576052439,46.8111812405268,1252.86486936871
2.93148933258843,46.823776278042,1246.42905929664
2.95164265896494,46.8300467972777,1243.21398312205
2.97175445216902,46.8362994101997,1240.00079064521
2.99182483121389,46.8425341866491,1236.78948021112
3.01185391466765,46.8487511961211,1233.58005016674
3.02185300767671,46.851853059925,1231.97603977464
3.03184182105012,46.8549505078896,1230.37249886094
3.04182036948464,46.8580435486053,1228.76942721957
3.04680579895967,46.8595884189312,1227.96806731163
3.05178866769879,46.8611321906567,1227.16682464455
3.11904787424928,46.881940330184,1216.32268603573
3.18584187394292,46.9025496315691,1205.5
3.262075420736,46.9260047296525,1193.08182241803
3.33770002255527,46.9492022414996,1180.69249676883
3.41272241531505,46.9721460199938,1168.33192261882
3.4871492381635,46.9948398451048,1156
3.63280864875519,47.0390584731844,1131.66158906888
3.7075572562038,47.061650275725,1119.06540313811
3.78169473587303,47.0839904789173,1106.5
3.85323546643404,47.1054851248568,1094.30565081738
3.92420381419471,47.1267466848223,1082.1409665081
3.9972161733491,47.1485571853716,1069.5546440837
4.06962649031971,47.1701243978172,1057
4.13947156761523,47.1908677834345,1044.82116506304
4.20875245339623,47.2113857010377,1032.67290433428
4.28021837549842,47.2324903839626,1020.07004160769
4.35108772955921,47.2533584622149,1007.5
4.41934818980747,47.273401513546,995.323620858176
4.48705127253639,47.2932259103057,983.178802118096
4.55692820658525,47.3136294847007,970.572443581608
4.62621514794863,47.3338033378877,958
4.65960302480374,47.3435042800716,951.91554374812
4.69285253115042,47.3531518446151,945.839249902263
4.75893956092773,47.3722884356145,933.711083816563
4.79320952160221,47.3821914560654,927.395103104456
4.82733220149557,47.3920380776467,921.087941193903
4.89513917043028,47.4115638680356,908.5
4.92773187779729,47.4209299400357,902.423247724747
4.96018774770297,47.4302442033532,896.354941210249
5.02469210441755,47.4487188602861,884.243595131338
5.05823330213244,47.4583059601404,877.918955197763
5.09162806471203,47.4678380183285,871.60348931928
5.15798176500206,47.4867387255252,859
5.18989816784897,47.4958115739423,852.91138122816
5.22167876044611,47.504833905189,846.831503704974
5.28483565828654,47.5227285437931,834.697897215213
5.31755831374589,47.5319816293865,828.384305116467
5.35013669033629,47.5411814312118,822.080138932514
5.4148640654692,47.5594228496897,809.5
5.47690154649982,47.5768601371833,797.373209296456
5.50772017602394,47.5855057882498,791.323321138095
5.53840643892991,47.5941032705013,785.282411049003
5.60244085650612,47.612008590967,772.621532191134
5.63424255676708,47.6208831993459,766.3058592348
5.65008991492792,47.625301171247,763.151704332378
5.66590175688226,47.6297063229614,760
5.72763525567176,47.6468772722482,747.624980525305
5.77470873675557,47.6599407676534,738.10585056905
5.82105455497592,47.6727771430607,728.662576868828
5.8666878236037,47.6853917712743,719.29425629553
5.91162325995397,47.6977898638488,710
5.94096617434244,47.7058731934222,703.893262828064
5.97001435947273,47.7138654972508,697.818265601651
5.97050858266617,47.7140013929634,697.714649662011
6.02724225845,47.729582548504,685.762506287605
6.02821100312859,47.7298482777728,685.557420936635
6.05590948992389,47.7374414518828,679.679239165515
6.08333830578169,47.7449519517549,673.830777988988
6.0995668675462,47.7493915250955,670.357470241551
6.11570154091375,47.7538023955625,666.894602614602
6.13174305730551,47.7581848163739,663.442128107172
6.13972910998481,47.7603654369891,661.719773662561
6.14769214443574,47.7625390388583,660
6.20177878818546,47.7772832355962,647.44308825296
6.2047302212758,47.7780868344856,646.754516626808
6.25486151797621,47.7917209439911,635.004994961893
6.26065222095939,47.7932939632926,633.641205778202
6.3069652859698,47.8058608049045,622.6840416075
6.31548737684975,47.8081705448622,620.658098913648
6.35811426520436,47.8197111511266,610.478581138349
6.36011043390727,47.8202510721458,610
6.36926396138816,47.8227263189755,607.803266391352
6.40833187965285,47.8332800208418,598.386997236882
6.41078158393782,47.8339411928051,597.794365946859
6.46052711179254,47.8473525313379,585.703166460287
6.50936972578933,47.8604928044315,573.724799718285
6.56480099758552,47.8753724976348,560
6.59208448321284,47.8826834093696,553.192741540924
6.6136004324657,47.8884428338898,547.800018114301
6.62565845716348,47.891668228511,544.768301784382
6.63766045492387,47.8948769841648,541.743844590016
6.64960677563685,47.8980692177846,538.726620490491
6.66149776643729,47.9012450452595,535.716603569497
6.66637201434082,47.9025463845723,534.480806121155
6.66880565841608,47.903196023474,533.863362308618
6.6700216117778,47.9035205856675,533.554754032585
6.67123698651217,47.9038449765195,533.246221472873
6.67668136452136,47.9052979065843,531.863248856533
6.68211414185615,47.9067474029952,530.481796516729
6.68482619074426,47.9074708670608,529.791639667362
6.68753535192172,47.9081934768582,529.101861948018
6.69024162952553,47.9089152337634,528.412463046378
6.69159368828799,47.9092757928132,528.067905554689
6.69226944788372,47.9094559925621,527.895662281578
6.69294502770751,47.9096361391553,527.723442650462
6.70575764784601,47.9130516980974,524.453026404614
6.70851528334133,47.9137865769251,523.748093657487
6.7398137151033,47.9221211683743,515.721110339925
6.76200666305398,47.928024243669,510
6.79583534994467,47.9370114799135,501.231837635871
6.83581726609262,47.9476166079878,490.793867695779
6.87515604358578,47.9580333610526,480.443297181012
6.91386552321232,47.9682662729095,470.179032946135
6.95195917198954,47.97831973939,460
6.97015508997281,47.9831160808833,455.110153799645
6.98821164720162,47.9878719665124,450.239855181777
7.00613027529097,47.9925878599921,445.388987165494
7.02391238735397,47.9972642182956,440.55743370145
7.04155937829097,48.0019014917732,435.745079662605
7.05907262507326,48.0065001242688,430.951810835079
7.07645348702125,48.0110605532339,426.177513909115
7.09370330607824,48.0155832098394,421.42207647015
7.10406845703548,48.0182991812242,418.556340878194
7.11438649067591,48.0210015964093,415.697432495386
7.12465769448016,48.0236905474125,412.845326953464
7.12977582510717,48.0250300025625,411.421817664446
7.13488235507837,48.0263661258143,410
7.17151088186688,48.0359413162527,399.307878836069
7.20759318604023,48.0453588592642,388.697138499809
7.24314016440978,48.0546222718166,378.166853394176
7.27816244111213,48.0637349716869,367.716111905669
7.30385765766984,48.0704119782491,360
7.31267041200711,48.0727002902361,357.344016141245
7.33624915608688,48.0788184127777,350.213610508655
7.34667414734871,48.0815214483012,347.049681671167
7.36819304211529,48.087097078057,340.49665633665
7.39969755342818,48.0952505956781,330.84840112145
7.43077080687463,48.1032815371226,321.268118876023
7.46705313624759,48.1126450025085,310
7.49832078711597,48.1207024229747,300.217481876511
7.52915130245739,48.1286364215498,290.505624974055
7.5595528537996,48.1364495580733,280.863666446062
7.58953342116997,48.1441443252812,271.290854387338
7.62463621417797,48.1531409189706,260
7.6548125397166,48.1608638330737,250.221496159884
7.68456188412188,48.1684674668537,240.514923480173
7.71389232208931,48.1759543132222,230.879491175603
7.74281173696728,48.1833267992663,221.314420010072
7.75986100836442,48.1876688138238,215.644922069009
7.77676852132308,48.1919715104926,210
7.79293475822544,48.1960825702791,204.581591531031
7.80906264756555,48.200180962947,199.16578174378
7.84120389189046,48.208339962378,188.341950740003
7.85849536675893,48.2127245927764,182.501932901358
7.87574272521771,48.2170947061222,176.664936727765
7.91010572172213,48.2257916469376,165
7.91756785116486,48.2276784959682,162.460614540196
7.94674631373994,48.2350504944709,152.509498489537
7.95116362197551,48.2361657080312,151
7.97579839970167,48.2423811213106,142.567164179106
7.99307441914542,48.2467358629832,136.638571687629
8.01726604947383,48.252828218704,128.316210957766
8.04137020034413,48.2588920547123,120
8.06397546006012,48.2645729343516,112.178010498598
8.09680874000418,48.2728140589882,100.775120697231
8.11353121202876,48.2770067718846,94.9483509011809
8.13020135211569,48.2811832665159,89.126912393105
8.14681938603653,48.2853436294557,83.3107978594423
8.16338553831349,48.2894879466891,77.5
8.17844248089858,48.2932520612902,72.2074135776759
8.19345666145833,48.297002976483,66.9192339716901
8.20842824740991,48.3007407561502,61.6354556803995
8.22335740532971,48.3044654637803,56.3560732113143
8.23844383834926,48.308226895732,51.0103056534594
8.253487038538,48.3119750324325,45.6690413893526
8.26848717666027,48.3157099387419,40.3322747310044
8.27597115083442,48.3175724507232,37.6655762291114
8.27970912343172,48.3185024749249,36.332647874741
8.28157710725918,48.3189671795153,35.6662888829499
8.28344442320936,48.3194316792646,35
8.28781977412609,48.3205199077964,33.125
8.29219268007577,48.3216073160387,31.25
8.30093116522004,48.32377967517,27.5
8.30965989491149,48.325948763678,23.75
8.31402060653676,48.3270320836365,21.875
8.31620004993093,48.3275734379241,20.9375
8.31728954363412,48.3278440386926,20.46875
8.31837888538351,48.3281145885626,20
8.32392099866473,48.3294908289402,17.3283812080545
8.32945868988284,48.3308656311256,14.6567624161089
8.33704658702645,48.3327488709982,10.9925718120812
8.34462618938429,48.3346294151211,7.32838120805445
8.35219751048798,48.3365072690287,3.66419060402677
8.35598006979019,48.3374451888772,1.83209530201384
8.35787057486642,48.3379138973266,0.916047651006011
8.35881563385288,48.3381481887202,0.458023825503005
8.35976056384003,48.3383824382407,0
