-66.64,-23.22,238
-66.6363219394037,-23.2160281050777,240.514923480173
-66.6220644366073,-23.2006285524818,250.221496159884
-66.607601734999,-23.1850024256442,260
-66.590777185988,-23.166818199751,271.290854387338
-66.5764070658073,-23.1512814301792,280.863666446062
-66.5618345716668,-23.1355208456293,290.505624974055
-66.5470558484774,-23.1195320656297,300.217481876511
-66.5320669479298,-23.1033106005022,310
-66.5146733321974,-23.0844799886953,321.268118876023
-66.4997762320309,-23.0683464354408,330.84840112145
-66.484671717052,-23.0519828744187,340.49665633665
-66.4743543178195,-23.0408023502082,347.049681671167
-66.4693558625552,-23.0353848299161,350.213610508655
-66.4580503227914,-23.0231292598135,357.344016141245
-66.4538246841565,-23.0185477527839,360
-66.4415037469324,-23.0051867722324,367.716111905669
-66.4247097178464,-22.9869693172988,378.166853394176
-66.4076632049979,-22.9684711413145,388.697138499809
-66.390359065981,-22.949686356686,399.307878836069
-66.3727920252051,-22.9306089182496,410
-66.3703435082208,-22.9279492996454,411.421817664446
-66.3678894120998,-22.925283478416,412.845326953464
-66.3629644144864,-22.919933150377,415.697432495386
-66.3580168938241,-22.9145577758174,418.556340878194
-66.3530467111436,-22.9091571958566,421.42207647015
-66.3447751142836,-22.9001680162236,426.177513909115
-66.3364404844435,-22.8911086970145,430.951810835079
-66.3280421727651,-22.8819784956794,435.745079662605
-66.3195795219206,-22.872776659667,440.55743370145
-66.3110518659781,-22.8635024262609,445.388987165494
-66.302458530264,-22.8541550224108,450.239855181777
-66.2937988312231,-22.8447336645624,455.110153799645
-66.2850720762766,-22.8352375584823,460
-66.2668016570709,-22.8153505858056,470.179032946135
-66.2482348672933,-22.7951329346196,480.443297181012
-66.2293651885988,-22.7745771150049,490.793867695779
-66.2101859201251,-22.7536754203193,501.231837635871
-66.1939574772912,-22.7359827687763,510
-66.1833105447065,-22.7243718398719,515.721110339925
-66.1682947194565,-22.7079919005542,523.748093657487
-66.1669716750226,-22.7065484088894,524.453026404614
-66.1608244297238,-22.6998409891659,527.723442650462
-66.1605002964471,-22.6994872941389,527.895662281578
-66.1601760765922,-22.6991335021572,528.067905554689
-66.1595273770244,-22.6984256271867,528.412463046378
-66.1582289375863,-22.6970087122129,529.101861948018
-66.1569291093976,-22.6955902419223,529.791639667362
-66.1556278904532,-22.6941702139999,530.481796516729
-66.1530212723349,-22.6913254760603,531.863248856533
-66.150409067042,-22.6884744797037,533.246221472873
-66.1498259289642,-22.6878380128972,533.554754032585
-66.1492425121987,-22.6872012338874,533.863362308618
-66.1480748418925,-22.6859267384345,534.480806121155
-66.1457361491634,-22.6833739920001,535.716603569497
-66.1400307102688,-22.677145809561,538.726620490491
-66.1342986206791,-22.6708877613018,541.743844590016
-66.128539712108,-22.6645996527277,544.768301784382
-66.1227538149208,-22.6582812877308,547.800018114301
-66.1124293840863,-22.6470047530249,553.192741540924
-66.0993369131767,-22.6327012990819,560
-66.072735530121,-22.6036269861164,573.724799718285
-66.0492941375518,-22.577992603122,585.703166460287
-66.025417555546,-22.5518690126226,597.794365946859
-66.0242417115998,-22.550582164008,598.386997236882
-66.0054887159072,-22.5300544069693,607.803266391352
-66.0010947609835,-22.5252434164159,610
-66.0001365343631,-22.5241941829895,610.478581138349
-65.9796734909114,-22.5017825212949,620.658098913648
-65.9755822910473,-22.4973005502643,622.6840416075
-65.9533477872672,-22.4729354332802,633.641205778202
-65.9505676023209,-22.4698880204365,635.004994961893
-65.9264978660194,-22.4434971348744,646.754516626808
-65.9250807207349,-22.4419429036439,647.44308825296
-65.8991095157255,-22.4134510468032,660
-65.8952880424749,-22.409257340721,661.719773662561
-65.8914554785087,-22.405051119131,663.442128107172
-65.8837569055418,-22.3966009277561,666.894602614602
-65.8760134438481,-22.3881000611889,670.357470241551
-65.868224738582,-22.3795481054971,673.830777988988
-65.8550601830546,-22.3650902580629,679.679239165515
-65.8417656578627,-22.3504855448473,685.557420936635
-65.8413006767342,-22.3499746643237,685.762506287605
-65.8140682969786,-22.3200452641138,697.714649662011
-65.8138310578273,-22.3197844530175,697.818265601651
-65.7998869125517,-22.3044525070072,703.893262828064
-65.7858006655977,-22.288959687989,710
-65.7642279132396,-22.2652237890872,719.29425629553
-65.7423186216277,-22.2411064454441,728.662576868828
-65.7200656386697,-22.2165992652128,738.10585056905
-65.6974616176143,-22.1916936193987,747.624980525305
-65.6678155153322,-22.1590107199818,760
-65.6602217254711,-22.1506357535468,763.151704332378
-65.6526105942026,-22.1422403088404,766.3058592348
-65.6373360875912,-22.1253877057722,772.621532191134
-65.6065765415262,-22.0914336704965,785.282411049003
-65.5918344254349,-22.0751526981299,791.323321138095
-65.5770276181246,-22.0587951736387,797.373209296456
-65.5472183497285,-22.0258484587785,809.5
-65.5161117285214,-21.9914457410173,822.080138932514
-65.5004533501586,-21.974119644238,828.384305116467
-65.4847243412431,-21.9567096410743,834.697897215213
-65.4543626436939,-21.9230868203499,846.831503704974
-65.4390827786957,-21.9061576382843,852.91138122816
-65.423736369872,-21.8891492593687,859
-65.3918273908855,-21.8537670914482,871.60348931928
-65.3757660312374,-21.8359485454077,877.918955197763
-65.3596328329084,-21.818044264015,884.243595131338
-65.3286024649462,-21.7835904163937,896.354941210249
-65.3129872905719,-21.7662440118777,902.423247724747
-65.2973049227312,-21.7488172668642,908.5
-65.2646743942338,-21.7125388964069,921.087941193903
-65.2482513813891,-21.6942705742871,927.395103104456
-65.2317559460591,-21.6759153978152,933.711083816563
-65.1999413665933,-21.6404961465859,945.839249902263
-65.18393271698,-21.6226648105546,951.91554374812
-65.1678559581356,-21.6047516396134,958
-65.1344884673235,-21.5675535666481,970.572443581608
-65.1008302251325,-21.5300052785471,983.178802118096
-65.0682126777627,-21.4935929857335,995.323620858176
-65.0353201588313,-21.4568488522339,1007.5
-65.0011635788392,-21.4186662179905,1020.07004160769
-64.9667122569811,-21.3801268519671,1032.67290433428
-64.9333072832053,-21.342731884082,1044.82116506304
-64.8996232483042,-21.30499851194,1057
-64.8646945520127,-21.2658432879133,1069.5546440837
-64.8294676032727,-21.2263253210257,1082.1409665081
-64.7952192270663,-21.1878778058678,1094.30565081738
-64.7606869519726,-21.1490843335059,1106.5
-64.7248930267188,-21.1088446703846,1119.06540313811
-64.6887954919695,-21.0682339652585,1131.66158906888
-64.6184287876013,-20.9889838099348,1156
-64.5824609694038,-20.9484315275513,1168.33192261882
-64.5461963723404,-20.907514741479,1180.69249676883
-64.5096314884548,-20.8662287799443,1193.08182241803
-64.4727627540072,-20.824568891848,1205.5
-64.440451405523,-20.7880331866099,1216.32268603573
-64.4079075368956,-20.7512105585325,1227.16682464455
-64.4054962385255,-20.748481272681,1227.96806731163
-64.4030836594029,-20.7457504049452,1228.76942721957
-64.3982546550251,-20.7402839186243,1230.37249886094
-64.3934205159318,-20.7348110890829,1231.97603977464
-64.3885812342997,-20.7293319058379,1233.58005016674
-64.378887212235,-20.7183544364029,1236.78948021112
-64.3691725257369,-20.7073514257814,1240.00079064521
-64.3594371116405,-20.6963227892788,1243.21398312205
-64.3496809065212,-20.6852684418288,1246.42905929664
-64.3301058697408,-20.6630822736899,1252.86486936871
-64.3235982678542,-20.6557046920589,1255
-64.305413992372,-20.6350843307262,1260.95463912357
-64.2871583795948,-20.6143755364981,1266.91556486065
-64.2688310269597,-20.5935777675844,1272.88278717215
-64.2596403209574,-20.5831453464283,1275.86876266185
-64.2504315276363,-20.5726904764307,1278.85631604003
-64.2485636745527,-20.5705696429383,1279.46176837359
-64.2466950765612,-20.5684478846447,1280.0672855322
-64.2278455776232,-20.5470402108081,1286.16558487831
-64.2089201317323,-20.5255381978005,1292.27046329956
-64.170839643476,-20.4822487839384,1304.5
-64.1462043745308,-20.4542262759141,1312.37329995064
-64.1214416209351,-20.4260449514622,1320.25731532995
-64.0965504301086,-20.3977035213964,1328.15206802809
-64.0715298398273,-20.3692006826261,1336.05757999491
-64.0143857237342,-20.3040506585084,1354
-64.0004159001204,-20.2881124843153,1358.36264868231
-63.9642475216806,-20.2468275986422,1369.61505306817
-63.9278122326033,-20.205208344143,1380.88870621486
-63.8911071749816,-20.163250828793,1392.1836683677
-63.8541294492495,-20.1209511001928,1403.5
-63.8130432141377,-20.0739156512324,1416.00091043435
-63.7716215019577,-20.0264579440671,1428.52728207025
-63.74180818897,-19.9922765035943,1437.49595584382
-63.6899605081772,-19.9327850866061,1453
-63.640265488581,-19.8757074837528,1467.75058586692
-63.5900915038482,-19.8180240328964,1482.53582354711
-63.5560371640446,-19.7788409725995,1492.51001140198
-63.5417717551563,-19.7624194875603,1496.67368104816
-63.5217605544067,-19.7393761854127,1502.5
-63.4350821176813,-19.6394618034752,1527.54507831142
-63.3816482381783,-19.5777857076549,1542.83118695309
-63.349402770364,-19.5405358624673,1552
-63.3014042095641,-19.4850456567266,1565.57126913744
-63.2529812172982,-19.4290133904125,1579.170417641
-63.2130140316548,-19.3827268696836,1590.32581136295
-63.1727555270882,-19.3360675257743,1601.5
-63.0819155991159,-19.2306541994088,1626.48639000535
-63.0080555259413,-19.1448118531583,1646.57372505332
-62.9916795389327,-19.1257630835529,1651
-62.9438925152681,-19.0701431822434,1663.8601754062
-62.8957037269106,-19.0140053629007,1676.74440637374
-62.8510381611234,-18.9619269101701,1688.61198033775
-62.8060247633501,-18.9093991361101,1700.5
-62.7106437793303,-18.7979507349405,1725.4548124004
-62.6216496100018,-18.6937880253472,1748.45502649824
-62.6156339421824,-18.6867408699053,1750
-62.5662597971636,-18.6288713103662,1762.63439076853
-62.5164751339307,-18.5704676229458,1775.29117016255
-62.4685984748336,-18.5142521798822,1787.3853461322
-62.4203391371375,-18.4575377989225,1799.5
-62.3201917472897,-18.3396860431182,1824.39975341869
-62.2715772188625,-18.2824003410012,1836.37139519048
-62.2225767929145,-18.2246091469283,1848.36269448377
-62.2212704954334,-18.2230678006881,1848.68134029567
-62.2199639225915,-18.2215260933788,1849
-62.1943550604265,-18.1913012911064,1855.23500903794
-62.1686403397883,-18.1609375848281,1861.47531612652
-62.1168907020583,-18.0997897268798,1873.9718514899
-62.0658135420181,-18.0393810698732,1886.22570701501
-62.014317895065,-17.9784218637625,1898.5
-61.9621887222317,-17.9166559552305,1910.84442848281
-61.9096296321204,-17.8543229692774,1923.2092043829
-61.8566352641678,-17.7914152440159,1935.59437804998
-61.8032001633977,-17.7279249768651,1948
-61.7521434226694,-17.6672050510491,1959.77676083581
-61.7006809799136,-17.6059478067782,1971.5719790383
-61.6976798226014,-17.6023737455944,1972.25753325194
-61.6946772796241,-17.5987978473138,1972.94314986794
-61.6677748896418,-17.5667499311195,1979.07486614926
-61.640760997142,-17.5345541026009,1985.21157586195
-61.6136349016056,-17.5022093567069,1991.35328510815
-61.5863958962879,-17.4697146791064,1997.5
-61.5314133176378,-17.404076767531,2009.84502897631
-61.4759696748189,-17.3378254104242,2022.2100063482
-61.3636756242483,-17.2034484279906,2047
-61.3024787419962,-17.1301084367378,2060.36870830591
-61.2493634982888,-17.0663918180108,2071.89234040359
-61.1347953454135,-16.9287616729338,2096.5
-61.0088749208416,-16.777187942292,2123.16098513565
-60.899491599957,-16.6452615699362,2146
-60.8937093843622,-16.6382810149296,2147.19913328747
-60.7765959137171,-16.4967526631552,2171.31202186828
-60.6574834353176,-16.3525289144302,2195.5
-60.5957124191504,-16.2776248440314,2207.91232549126
-60.533396297723,-16.2019836149569,2220.34447117778
-60.474359377503,-16.1302524400073,2232.04013039989
-60.4084687195479,-16.0501132616887,2245
-60.2814373297084,-15.8953731903134,2269.71064065429
-60.1521227197996,-15.7375307206916,2294.5
-60.0985427272489,-15.672036135165,2304.66492071891
-60.0445647492903,-15.6059993730577,2314.84316635167
-60.0205829347377,-15.5766420844578,2319.34536379588
-59.8880941955722,-15.4142586741607,2344
-59.7348641383933,-15.22603903121,2372.0612614952
-59.6160068727235,-15.0797370329911,2393.5
-59.6040092947379,-15.0649544758759,2395.64836841572
-59.5882056703598,-15.0454782846959,2398.47391666304
-59.5723685463076,-15.0259561413877,2401.3004964165
-59.5405933541032,-14.9867733486367,2406.95675270202
-59.5086828172104,-14.9474047835403,2412.61714179685
-59.476636027712,-14.9078491212554,2418.28166823218
-59.4063756209512,-14.8210595688441,2430.63099049315
-59.3354551452802,-14.7333624263978,2443
-59.1912935623635,-14.5548146033938,2467.84827539613
-59.1189897565714,-14.4651220184892,2480.16420665138
-59.0459944362599,-14.3744756659104,2492.5
-58.8980160354642,-14.1904206086399,2517.20988262419
-58.7471436087275,-14.0023639939663,2542
-58.6610339154772,-13.8948512491828,2555.96968856544
-58.5739596791735,-13.7860019248175,2569.96536136428
-58.5718592152444,-13.7833745508579,2570.30136722411
-58.5697581862295,-13.7807463930955,2570.63738807489
-58.5655544319741,-13.7754877247489,2571.3094747533
-58.5571401317685,-13.7649609668491,2572.65382804564
-58.540284310103,-13.7438696866764,2575.34325459725
-58.506463343883,-13.7015354294441,2580.72498936814
-58.4383805833825,-13.6162549634066,2591.5
-58.3594436836429,-13.5172784045907,2603.89554466347
-58.2797066566769,-13.4171899504287,2616.31173760945
-58.1694787120096,-13.2786497044886,2633.30425228385
-58.1191327215348,-13.2153036783258,2641
-58.0378164623974,-13.1129001924116,2653.34395023328
-57.9556614411984,-13.0093278543087,2665.70856565713
-57.8726536124578,-12.9045661884481,2678.09389820886
-57.788778578922,-12.7985942110255,2690.5
-57.7552204973104,-12.7561627847939,2695.43330787115
-57.679171787232,-12.6599371979737,2706.54938086619
-57.6023983175054,-12.5626989547787,2717.68249439006
-57.4466318955463,-12.3651186722834,2740
-57.4115378271114,-12.3205502464752,2744.97932763395
-57.3324523323034,-12.2200421352118,2756.13924688407
-57.2527035863745,-12.1185908383589,2767.30765889383
-57.1722820768411,-12.0161824246797,2778.48457336147
-57.091178082448,-11.9128026670554,2789.67
-57.0282765851068,-11.8325545990571,2798.28585062775
-56.8770294797289,-11.6393485702055,2818.79348811137
-56.7233691105722,-11.4427036715546,2839.33
-56.6397035485847,-11.3354846267365,2850.3872878975
-56.4921222102663,-11.1461031096768,2869.68099414036
-56.4174847568241,-11.0502039076276,2879.33733150893
-56.342272797239,-10.9534845694931,2889
-56.3413586971985,-10.9523085726652,2889.1000846569
-56.3404444550508,-10.9511323809501,2889.20017366278
-56.3386155442929,-10.9487794126591,2889.40036472264
-56.3349560159374,-10.9440711352338,2889.80079904268
-56.3276301239377,-10.934645205795,2890.60187654757
-56.3129509351672,-10.9157557585966,2892.20486752515
-56.2834824267586,-10.8778257871337,2895.41419742546
-56.2241007458647,-10.8013556803562,2901.84628168333
-56.1641180896884,-10.7240605907247,2908.29632769777
-56.1035245900872,-10.645926569337,2914.76441081194
-55.9875266684534,-10.496205738497,2927.01472392131
-55.8692486580387,-10.3433491949256,2939.33
-55.7441053072628,-10.1814110587237,2952.17095087527
-55.6805673027182,-10.099110146154,2958.61750086836
-55.6163705614557,-10.0159008206755,2965.08152815299
-55.4932735303824,-9.85619363723909,2977.33921702579
-55.3677064748419,-9.69307631485114,2989.66
-55.2348870733897,-9.52031535844185,3002.49571543133
-55.0992569201827,-9.34366605422048,3015.39890143113
-54.9683162212979,-9.17290535435731,3027.66381416945
-54.834681218286,-8.99841278258032,3039.99
-54.6933661979825,-8.81365648661139,3052.81908434385
-54.5489799842938,-8.624639357196,3065.71352997519
-54.4092900238501,-8.44153847571491,3077.98700900047
-54.2666366404433,-8.25432277135035,3090.32
-54.1157396639437,-8.05604010016155,3103.14955388861
-53.9614538832522,-7.85304638863904,3116.04247592231
-53.81195793994,-7.65611147823042,3128.32235675033
-53.6591727680432,-7.45460215132597,3140.66
-53.4975768317578,-7.24121329300163,3153.48051912725
-53.3322074224374,-7.02257324843277,3166.3623986169
-53.1715866663184,-6.80995901010148,3178.6481624524
-53.0072729462861,-6.59220637623682,3190.99
-52.6551263031405,-6.12471682957517,3216.69183982688
-52.4817797532622,-5.89420152711248,3228.97873402073
-52.3042328670954,-5.65784646721412,3241.32
-51.9326580457244,-5.16240755324523,3266.37483646147
-51.5416119881393,-4.63993757679734,3291.65
-51.398494309327,-4.44846727409715,3300.62894076405
-51.2943779894551,-4.30909475004769,3307.07193322699
-51.1259795542838,-4.08353539437109,3317.33618064189
-50.765521290606,-3.6001903267512,3338.6688674973
-50.7082433977751,-3.52332272112656,3341.98
-50.4581345199921,-3.18748828093577,3356.19208780315
-50.1995722805872,-2.84000901560402,3370.47067351015
-49.9969728601746,-2.56754944517743,3381.37088028597
-49.7888476347565,-2.28750437150734,3392.31
-49.7878013322943,-2.28609614149295,3392.36434000005
-49.5931388852811,-2.02403879117428,3402.36247766525
-48.937407224357,-1.14056923875235,3434.44472730291
-48.7615690042027,-0.903521883745047,3442.64
-48.2230613104153,-0.1773589810614,3466.70910756626
-47.7273442523455,0.49117310027555,3487.5369695979
-47.5929593336572,0.672387125171497,3492.97
-47.4385220225455,0.880619735665797,3499.1039710572
-46.5629337326842,2.06043590302439,3531.7293278752
-46.2271353160998,2.51238799516193,3543.3
-45.5680550381964,3.39822049723211,3564.56143118921
-44.830798933971,4.38664577054071,3586.15679406558
-44.5558047472002,4.75451164759364,3593.64
-44.4080597853522,4.95194874862362,3597.53542656682
-42.9838008796151,6.84666512340825,3630.78033222899
-42.3059659870328,7.742004250408,3643.97
-41.0478856510798,9.39052638429138,3664.23116754033
-38.7197510814143,12.3863472382926,3688.25154454241
-37.5099746916639,13.9099611725677,3694.3
-36.3137580223452,15.3912534594155,3696.24112821285
-35.1004276534157,16.8660637188241,3694.3
-33.8375486563006,18.3695539593041,3688.25154454241
-31.300414896573,21.2860190150572,3664.23116754033
-29.8678307069988,22.8680938891021,3643.97
-29.0772869329736,23.7204237101843,3630.78033222899
-27.3721939995919,25.5076570672974,3597.53542656682
-27.1918331271698,25.6925815529476,3593.64
-26.8543601358536,26.0364610487393,3586.15679406558
-25.9381169828791,26.9560445520843,3564.56143118921
-25.1046801407502,27.7746347949529,3543.3
-24.6747701287568,28.1902168971502,3531.7293278752
-23.5368056834526,29.2683563023289,3499.1039710572
-23.3335196600102,29.4576131178667,3492.97
-23.1559966964324,29.6220576922379,3487.5369695979
-22.4960426168328,30.2266407591457,3466.70910756626
-21.7699467338999,30.8795602535113,3442.64
-21.5307725116784,31.0918291907371,3434.44472730291
-20.629742858373,31.8790974502754,3402.36247766525
-20.359482233352,32.111430695155,3392.36434000005
-20.3580261438942,32.1126777048894,3392.31
-20.0676534279734,32.3603431500579,3381.37088028597
-19.7835834620103,32.6006867771427,3370.47067351015
-19.4190254387356,32.9063190425366,3356.19208780315
-19.0642240540255,33.2007505930394,3341.98
-18.9826705314407,33.2680078471368,3338.6688674973
-18.4668725559994,33.6897664350834,3317.33618064189
-18.2243802657318,33.8858953221626,3307.07193322699
-18.0739677719154,34.0068606523721,3300.62894076405
-17.8666050540929,34.172764208977,3291.65
-17.2964335034571,34.6238072021177,3266.37483646147
-16.749778352838,35.0492275940698,3241.32
-16.486894567355,35.2513806737708,3228.97873402073
-16.2291811436135,35.4480349102372,3216.69183982688
-15.7024535306188,35.8453035052788,3190.99
-15.4552143629293,36.0296291720644,3178.6481624524
-15.2126307432985,36.2091584832477,3166.3623986169
-14.9619444347872,36.3933109604348,3153.48051912725
-14.7160661443846,36.5725813981187,3140.66
-14.4827648294184,36.7414511832705,3128.32235675033
-14.2537062924687,36.9060890265663,3116.04247592231
-14.0165002487316,37.0753758629929,3103.14955388861
-13.7837103362168,37.2403221635462,3090.32
-13.5629163315571,37.3956851381501,3077.98700900047
-13.3460298999335,37.5472759602481,3065.71352997519
-13.1211462405149,37.7033907863402,3052.81908434385
-12.9003519841386,37.8556158477952,3039.99
-12.6909261862092,37.9990449577437,3027.66381416945
-12.4851284249581,38.1390845569781,3015.39890143113
-12.2713407353003,38.2836153084835,3002.49571543133
-12.0613732293319,38.4246293327762,2989.66
-11.8623159744466,38.5574648970849,2977.33921702579
-11.6666518109563,38.6872321528171,2965.08152815299
-11.5644053179716,38.7547274706506,2958.61750086836
-11.4630697391536,38.8214080408972,2952.17095087527
-11.2630791089904,38.9523836552061,2939.33
-11.0735705863838,39.0757355829471,2927.01472392131
-10.8872541440116,39.196292813904,2914.76441081194
-10.7897472336398,39.2591028685165,2908.29632769777
-10.6931008675583,39.3211676353039,2901.84628168333
-10.5973029436345,39.3825003188868,2895.41419742546
-10.5497184135207,39.4128961818015,2892.20486752515
-10.5260041200786,39.428027185938,2890.60187654757
-10.5141663875205,39.4355760417282,2889.80079904268
-10.5082523649891,39.4393463186863,2889.40036472264
-10.5052965634393,39.4412304207562,2889.20017366278
-10.5038189649409,39.4421722128544,2889.1000846569
-10.5023415679024,39.4431138323908,2889
-10.3806850321676,39.5205002960043,2879.33733150893
-10.2597691887086,39.5971197360174,2869.68099414036
-10.0201290932153,39.7481013761313,2850.3872878975
-9.88394924181837,39.8333868612694,2839.33
-9.63322959076767,39.9894382163185,2818.79348811137
-9.38567621654432,40.1422948426221,2798.28585062775
-9.28249756320507,40.2056470040082,2789.67
-9.14926647382931,40.2871414609408,2778.48457336147
-9.01694052733192,40.3677373184535,2767.30765889383
-8.88550952729916,40.4474488123233,2756.13924688407
-8.75496346382446,40.526289872425,2744.97932763395
-8.69696754508035,40.5612090695413,2740
-8.43905944406156,40.7157044374318,2717.68249439006
-8.31164865615889,40.7915529523683,2706.54938086619
-8.18524962512705,40.866490160878,2695.43330787115
-8.12941304635184,40.8994957817848,2690.5
-7.98969376891883,40.9818234926062,2678.09389820886
-7.85119249099802,41.0630650905999,2665.70856565713
-7.71389267757068,41.1432410391587,2653.34395023328
-7.57777813638229,41.2223712854398,2641
-7.49339669774516,41.2712501946215,2633.30425228385
-7.30836419332567,41.3779615617508,2616.31173760945
-7.17426971518685,41.4548932047977,2603.89554466347
-7.04131867265836,41.5308357396666,2591.5
-6.9264877483268,41.596161780386,2580.72498936814
-6.86938864753368,41.6285532119098,2575.34325459725
-6.84091766733778,41.6446816559168,2572.65382804564
-6.82670175529093,41.6527291373898,2571.3094747533
-6.81959868575,41.6567487026219,2570.63738807489
-6.81604837159836,41.6587574425624,2570.30136722411
-6.81249887081231,41.6607654878421,2569.96536136428
-6.66523075867067,41.7438725087707,2555.96968856544
-6.51935550477472,41.8257970511575,2542
-6.26319834823919,41.9687059981752,2517.20988262419
-6.01125307476114,42.1080894831503,2492.5
-5.88671774103747,42.1765576207515,2480.16420665138
-5.76319675782388,42.2441891875569,2467.84827539613
-5.51642710073485,42.3784747507901,2443
-5.39478993992483,42.444261788986,2430.63099049315
-5.27413032735276,42.5092571153516,2418.28166823218
-5.21904476018696,42.5388429944666,2412.61714179685
-5.16416172578236,42.5682660273705,2406.95675270202
-5.10948010526877,42.5975274801375,2401.3004964165
-5.08221447652777,42.6120980068726,2398.47391666304
-5.05499878578377,42.6266286074656,2395.64836841572
-5.03433239512707,42.6376536717033,2393.5
-4.82935517424374,42.7465925948275,2372.0612614952
-4.56445890673555,42.8862724531963,2344
-4.33484052892141,43.0063486089536,2319.34536379588
-4.29322015140622,43.0280143251343,2314.84316635167
-4.19947766386179,43.0767013627287,2304.66492071891
-4.10633908345736,43.1249225929229,2294.5
-3.88119346885698,43.2408643083814,2269.71064065429
-3.65953405255452,43.354151609579,2245
-3.54437027803812,43.4126753707841,2232.04013039989
-3.44107570677767,43.4649732808034,2220.34447117778
-3.33193143629003,43.5200338943059,2207.91232549126
-3.22362850214073,43.5744684849662,2195.5
-3.01447150308307,43.6790273438662,2171.31202186828
-2.80841911416247,43.7813074540153,2147.19913328747
-2.79823536425862,43.7863438141862,2146
-2.60540418498073,43.8813779307755,2123.16098513565
-2.38299089140938,43.9902146484143,2096.5
-2.18023276420102,44.0887120247805,2071.89234040359
-2.08610410451286,44.1342057542001,2060.36870830591
-1.97755384000621,44.1864869756541,2047
-1.77809172962971,44.2820457499499,2022.2100063482
-1.6794787350524,44.3290470325934,2009.84502897631
-1.58160044040706,44.3755400109544,1997.5
-1.5330790020535,44.398529795759,1991.35328510815
-1.48473806276469,44.4213956974048,1985.21157586195
-1.43657665314437,44.4441386471728,1979.07486614926
-1.38859381099361,44.4667595672569,1972.94314986794
-1.38323725396431,44.4692825167865,1972.25753325194
-1.37788291821451,44.471803951961,1971.5719790383
-1.28603031097038,44.514985869488,1959.77676083581
-1.19482922021203,44.5577255441619,1948
-1.09930254672317,44.6023473945585,1935.59437804998
-1.00448606285613,44.6464912067713,1923.2092043829
-0.910372187156071,44.6901641022809,1910.84442848281
-0.816953449132725,44.7333730654041,1898.5
-0.724597249736831,44.7759524474493,1886.22570701501
-0.6329203848329,44.8180831164607,1873.9718514899
-0.539964430203156,44.8606640552039,1861.47531612652
-0.493747126708755,44.8817836646045,1855.23500903794
-0.447702372847132,44.9027904951635,1849
-0.445352680563616,44.9038615792159,1848.68134029567
-0.443003437570681,44.9049323704007,1848.36269448377
-0.354848045097143,44.9450502321561,1836.37139519048
-0.267323303014351,44.9847587030297,1824.39975341869
-0.0868209277079899,45.0662655504821,1799.5
0.000255237944728037,45.1054008859292,1787.3853461322
0.0867017632741778,45.144134868951,1775.29117016255
0.176657442166515,45.1843162456159,1762.63439076853
0.265935617319627,45.2240692700494,1750
0.276817491287687,45.2289061077884,1748.45502649824
0.437911301554422,45.3002931361866,1725.4548124004
0.610794591501815,45.3764538286683,1700.5
0.692465426952751,45.4122707406025,1688.61198033775
0.773556624701627,45.4477310503609,1676.74440637374
0.86110157780999,45.4858992110156,1663.8601754062
0.947975134621657,45.5236575781145,1651
0.977758925402185,45.5365758816704,1646.57372505332
1.11217621090103,45.5947075975942,1626.48639000535
1.27768360845323,45.6659038158085,1601.5
1.3510994664545,45.6973508137645,1590.32581136295
1.42402408316524,45.7285059175007,1579.170417641
1.51243048707424,45.7661665203056,1565.57126913744
1.60011932741762,45.8034040171478,1552
1.65906068728796,45.8283681566746,1542.83118695309
1.75678854521338,45.8696440240762,1527.54507831142
1.91546758612033,45.9363555247962,1502.5
1.95212735560533,45.9517139677577,1496.67368104816
1.97826698269242,45.9626526937406,1492.51001140198
2.04068734445468,45.9887323734274,1482.53582354711
2.13270545026067,46.0270715426754,1467.75058586692
2.22390482389453,46.0649444256069,1453
2.31911774065664,46.1043513853656,1437.49595584382
2.3738958397438,46.1269617959662,1428.52728207025
2.45003791354034,46.1583162592837,1416.00091043435
2.52560343060127,46.1893480916808,1403.5
2.5936466441924,46.2172183017865,1392.1836683677
2.66121989359371,46.2448281371531,1380.88870621486
2.72832770590939,46.2721809618366,1369.61505306817
2.79497455094882,46.2992800842118,1358.36264868231
2.82072465260637,46.309732731435,1354
2.92610358006631,46.3524070993577,1336.05757999491
2.97226757754599,46.3710502958862,1328.15206802809
3.018207137402,46.3895717993633,1320.25731532995
3.06392377894228,46.4079727090418,1312.37329995064
3.10941900799449,46.426254111448,1304.5
3.17977151417327,46.4544643360427,1292.27046329956
3.21474797684671,46.468462424744,1286.16558487831
3.24959217493341,46.4823898280583,1280.0672855322
3.25304680697506,46.483769697254,1279.46176837359
3.256500141015,46.4851488740946,1278.85631604003
3.2735267477079,46.4919463413682,1275.86876266185
3.29052182799403,46.4987270096434,1272.88278717215
3.3244177317497,46.5122381781578,1266.91556486065
3.35818850099103,46.525682837682,1260.95463912357
3.39183477786106,46.5390614413728,1255
3.40387757170166,46.5438459600604,1252.86486936871
3.44010835184518,46.5582274976427,1246.42905929664
3.45816899901206,46.5653894200122,1243.21398312205
3.47619328616102,46.5725322060529,1240.00079064521
3.49418131497328,46.5796559265872,1236.78948021112
3.51213318675863,46.5867606521017,1233.58005016674
3.52109559549852,46.5903059137309,1231.97603977464
3.53004900280503,46.593846452886,1230.37249886094
3.5389934212383,46.5973822782842,1228.76942721957
3.54346226356783,46.5991484260515,1227.96806731163
3.54792886337863,46.600913398639,1227.16682464455
3.6082246012275,46.624710950275,1216.32268603573
3.6681128411122,46.6482956500113,1205.5
3.73647633965186,46.6751547347402,1193.08182241803
3.80430606795581,46.7017375476454,1180.69249676883
3.87160779106804,46.7280480118886,1168.33192261882
3.9383871930937,46.7540899794173,1156
4.06911458180011,46.804884711821,1131.66158906888
4.13621830382807,46.8308632389164,1119.06540313811
4.20278537596421,46.8565705093741,1106.5
4.26703220021528,46.8813218526311,1094.30565081738
4.33077603425345,46.9058213784129,1082.1409665081
4.39636728773492,46.93097069328,1069.5546440837
4.46142921363737,46.9558567672377,1057
4.52419713137466,46.97980857365,1044.82116506304
4.58646863511642,47.0035159018525,1032.67290433428
4.65071519464196,47.0279177708548,1020.07004160769
4.71443658392286,47.0520626950571,1007.5
4.77582272814782,47.0752687112876,995.323620858176
4.83671784625052,47.0982367734806,983.178802118096
4.8995789084028,47.1218917487329,970.572443581608
4.96191994777861,47.1452963464685,958
4.99196456901404,47.1565565262469,951.91554374812
5.02188715496831,47.1677584242584,945.839249902263
5.08136892008163,47.1899890299781,933.711083816563
5.11221752294833,47.2014988853353,927.395103104456
5.14293616723664,47.2129470674504,921.087941193903
5.20398655962795,47.2356602244409,908.5
5.2333352721307,47.2465606445945,902.423247724747
5.26256315039744,47.2574042845667,896.354941210249
5.32065910852758,47.2789228457543,884.243595131338
5.35087176376581,47.2900950068993,877.918955197763
5.38095504553957,47.3012067540685,871.60348931928
5.44073649851346,47.3232507972909,859
5.46949518220663,47.3338377678219,852.91138122816
5.4981337959276,47.3443691744543,846.831503704974
5.55505353442048,47.365266894241,834.697897215213
5.58454818795025,47.3760780825907,828.384305116467
5.61391522187715,47.3868305762399,822.080138932514
5.67226942665044,47.4081612253438,809.5
5.72820759233859,47.4285647400874,797.373209296456
5.75599952430861,47.4386858911229,791.323321138095
5.78367425818831,47.4487538226511,785.282411049003
5.84143135687083,47.4697317235628,772.621532191134
5.87011903147261,47.4801343512287,766.3058592348
5.88441548433826,47.4853142745633,763.151704332378
5.89868047351582,47.4904800091714,760
5.95438148053796,47.5106241781905,747.624980525305
5.99686266943347,47.5259589193947,738.10585056905
6.03869364614546,47.5410348724321,728.662576868828
6.07988775070888,47.5558579708754,719.29425629553
6.12045797869349,47.5704339756664,710
6.14695365467439,47.5799412020925,703.893262828064
6.17318572834452,47.589344433443,697.818265601651
6.17363206022998,47.5895043460043,697.714649662011
6.22487295893202,47.6078450263275,685.762506287605
6.22574799603814,47.6081579190278,685.557420936635
6.25076836559832,47.6171002166972,679.679239165515
6.27554739052246,47.6259478840917,673.830777988988
6.29020922931421,47.6311791588621,670.357470241551
6.3047870213708,47.6363775564057,666.894602614602
6.31928141397435,47.6415433581687,663.442128107172
6.3264975376028,47.644114123303,661.719773662561
6.33369305124629,47.6466768436442,660
6.38260183902332,47.6640773900412,647.44308825296
6.38527095687503,47.6650260650444,646.754516626808
6.43061070201531,47.6811262893017,635.004994961893
6.43584837790947,47.6829844067623,633.641205778202
6.47774176986815,47.6978331666512,622.6840416075
6.48545124177649,47.7005631421947,620.658098913648
6.5240164898162,47.714207314061,610.478581138349
6.52582257991163,47.7148458070149,610
6.53410463422324,47.7177731338501,607.803266391352
6.56945565266423,47.7302577044335,598.386997236882
6.57167243434851,47.7310400223177,597.794365946859
6.61669166034035,47.7469133076661,585.703166460287
6.66090043004135,47.7624742965277,573.724799718285
6.71108078128592,47.7801053839126,560
6.7357828700915,47.7887721521295,553.192741540924
6.75526456644965,47.795601562037,547.800018114301
6.76618311074419,47.7994268884907,544.768301784382
6.77705132277524,47.8032329935452,541.743844590016
6.78786951380843,47.8070200085434,538.726620490491
6.79863799268652,47.810788063688,535.716603569497
6.80305222383973,47.8123322215621,534.480806121155
6.80525621260411,47.813103108991,533.863362308618
6.806357426434,47.8134882553131,533.554754032585
6.80745812033156,47.8138732035574,533.246221472873
6.81238882569144,47.8155974314685,531.863248856533
6.8173091067773,47.8173176894999,530.481796516729
6.81976534753893,47.8181763337249,529.791639667362
6.82221899331891,47.819033990141,529.101861948018
6.82467004779909,47.8198906602954,528.412463046378
6.82589460445941,47.8203186260102,528.067905554689
6.82650664034432,47.8205325166109,527.895662281578
6.82711851467475,47.8207463457391,527.723442650462
6.83872317617082,47.8248008285939,524.453026404614
6.84122088455493,47.8256732521379,523.748093657487
6.86957068985254,47.8355696926513,515.721110339925
6.88967448428916,47.8425810742417,510
6.92032130312907,47.8532590354254,501.231837635871
6.95654667882827,47.8658644953819,490.793867695779
6.99219366684491,47.8782515919641,480.443297181012
7.02727460101343,47.8904254418394,470.179032946135
7.06180148565004,47.90239101012,460
7.07829511246332,47.9081014049879,455.110153799645
7.09466332340713,47.9137647987196,450.239855181777
7.11090739542618,47.9193817160427,445.388987165494
7.12702858913454,47.9249526742578,440.55743370145
7.1430281490676,47.9304781833656,435.745079662605
7.15890730392952,47.9359587461924,430.951810835079
7.17466726683624,47.9413948585123,426.177513909115
7.19030923555411,47.9467870091674,421.42207647015
7.19970865066915,47.9500256438115,418.556340878194
7.20906563424001,47.9532484936251,415.697432495386
7.21838044294157,47.9564556630287,412.845326953464
7.22302211200596,47.9580534001793,411.421817664446
7.22765333272045,47.9596472559876,410
7.26088336315956,47.9710751806656,399.307878836069
7.29362129728187,47.9823195592936,388.697138499809
7.32587686876073,47.9933843799601,378.166853394176
7.35765957010616,48.0042735212208,367.716111905669
7.38098001871701,48.0122548939636,360
7.38897869250646,48.0149907669059,357.344016141245
7.41038034790147,48.0223068496024,350.213610508655
7.41984323777419,48.0255397771038,347.049681671167
7.43937710108847,48.03220963984,340.49665633665
7.46797764481803,48.0419662472905,330.84840112145
7.49618923980914,48.0515796004981,321.268118876023
7.52913340116935,48.0627923394425,310
7.55752703999521,48.0724448107594,300.217481876511
7.58552624255384,48.081952800598,290.505624974055
7.61313832492473,48.0913192320318,280.863666446062
7.64037043328737,48.1005469534196,271.290854387338
7.67225819677874,48.1113398808705,260
7.69967329680975,48.120608290961,250.221496159884
7.72670283363968,48.1297366972687,240.514923480173
7.73367629070714,48.1320902161385,238
7.7533540446653,48.1387279562544,230.879491175603
7.77963399726221,48.1475848507864,221.314420010072
7.79512822169764,48.1528024904752,215.644922069009
7.8104943738719,48.157973898239,210
7.82518752976253,48.1629159222778,204.581591531031
7.83984638507459,48.167843594994,199.16578174378
7.8690616412524,48.1776561192704,188.341950740003
7.88477988948654,48.1829307897152,182.501932901358
7.90045866843052,48.1881889997237,176.664936727765
7.93169837190419,48.1986563253268,165
7.93848259182576,48.200927795249,162.460614540196
7.96501142718479,48.2098043269034,152.509498489537
7.99142716458908,48.2186338975059,142.567164179106
8.00713631496902,48.223880434411,136.638571687629
8.02913492707792,48.2312221208187,128.316210957766
8.05105523274543,48.2385314061507,120
8.0716135883162,48.2453808691907,112.178010498598
8.10147580989498,48.2553203253917,100.775120697231
8.11668598566273,48.2603784822999,94.9483509011809
8.13184917201609,48.2654180205244,89.126912393105
8.14696556884068,48.270439035252,83.3107978594423
8.16203537493166,48.2754416210454,77.5
8.17573281377014,48.2799860771419,72.2074135776759
8.18939184704705,48.2845153668118,66.9192339716901
8.20301262302937,48.2890295603596,61.6354556803995
8.21659528925021,48.2935287276718,56.3560732113143
8.23032154305641,48.2980730275471,51.0103056534594
8.24400895995814,48.3026020383133,45.6690413893526
8.25765769123002,48.307115831414,40.3322747310044
8.26446759705772,48.3093670436267,37.6655762291114
8.2678689431981,48.3104912325093,36.332647874741
8.26956871559481,48.3110529731259,35.6662888829499
8.27126788792965,48.3116144780421,35
8.27525193444865,48.31293089109,33.125
8.27923379389277,48.3142463761478,31.25
8.28719095873134,48.3168745660902,27.5
8.29513939677605,48.3194990554511,23.75
8.29911034772046,48.3208099147773,21.875
8.30109500695426,48.3214649985148,20.9375
8.30208713260905,48.3217924539536,20.46875
8.30307912232625,48.3221198517922,20
8.3081275206538,48.3237858358029,17.3283812080545
8.31317195330131,48.325450181794,14.6567624161089
8.32008407534039,48.3277302134641,10.9925718120812
8.32698875837728,48.3300071743625,7.32838120805445
8.33388601438168,48.3322810705256,3.66419060402677
8.33733186098029,48.3334168712135,1.83209530201384
8.3390540895811,48.3339844850377,0.916047651006011
8.33991503028834,48.334268220361,0.458023825503005
8.34077585529779,48.334551907974,0
