8.8,-53.77,10
8.79998776420389,-53.7687033935061,10.9925718120812
8.79994256749727,-53.7639132810044,14.6567624161089
8.79990958717215,-53.7604172154903,17.3283812080545
8.79987658430516,-53.7569181776399,20
8.7998701022576,-53.7562308679371,20.46875
8.7998636194526,-53.7555434554216,20.9375
8.79985065156975,-53.75416832186,21.875
8.79982470670881,-53.7514168199656,23.75
8.79977278057557,-53.7459088718908,27.5
8.79972080583584,-53.7403943215128,31.25
8.79969480021674,-53.7376345667326,33.125
8.79966878241986,-53.7348731569002,35
8.79965769590077,-53.7336963742738,35.6662888829499
8.79964660585341,-53.7325191512154,36.332647874741
8.79962441516783,-53.7301633828865,37.6655762291114
8.79957999139038,-53.7254465509456,40.3322747310044
8.79949097386745,-53.715991654323,45.6690413893526
8.79940172905824,-53.7065083479614,51.0103056534594
8.79931225616985,-53.6969965125133,56.3560732113143
8.7992237440077,-53.6875825797389,61.6354556803995
8.7991350082241,-53.6781406358503,66.9192339716901
8.79904604804703,-53.668670564301,72.2074135776759
8.79895686270103,-53.6591722479144,77.5
8.79885877059725,-53.6487204084017,83.3107978594423
8.79876040557574,-53.6382342834914,89.126912393105
8.79866176659854,-53.6277137158592,94.9483509011809
8.79856285262263,-53.6171585472424,100.775120697231
8.79836874353915,-53.5964296994333,112.178010498598
8.79823517969503,-53.5821546346354,120
8.79809282898872,-53.5669298240698,128.316210957766
8.79795003335274,-53.5516464061182,136.638571687629
8.79784810231459,-53.5407299691172,142.567164179106
8.79767677314812,-53.5223685563807,152.509498489537
8.79750480255645,-53.5039223810548,162.460614540196
8.79746083931658,-53.4992041498995,165
8.7972584768745,-53.4774726201568,176.664936727765
8.79715696202085,-53.4665626356216,182.501932901358
8.79705522383526,-53.455623019584,188.341950740003
8.79686621030397,-53.4352839617321,199.16578174378
8.79677141400682,-53.4250759411016,204.581591531031
8.79667642395457,-53.4148421364793,210
8.79657711420677,-53.4041376782102,215.644922069009
8.79647700900773,-53.3933420251123,221.314420010072
8.79630729330108,-53.3750268390677,230.879491175603
8.79613527499058,-53.3564470748603,240.514923480173
8.79596091235761,-53.3375975524283,250.221496159884
8.79578416273603,-53.318472962816,260
8.79557870388807,-53.2962204264066,271.290854387338
8.7954033500591,-53.2772101030181,280.863666446062
8.79522565069387,-53.2579282304204,290.505624974055
8.79504556389714,-53.2383695485992,300.217481876511
8.79486304683548,-53.2185286679746,310
8.79465141300635,-53.1954995549617,321.268118876023
8.7944702958593,-53.1757714725389,330.84840112145
8.79428678943423,-53.155764617172,340.49665633665
8.79416151879333,-53.1420962211506,347.049681671167
8.79410085144647,-53.1354736223985,350.213610508655
8.79396368737757,-53.1204929208979,357.344016141245
8.79391243909015,-53.1148930359151,360
8.79376307088826,-53.0985632918798,367.716111905669
8.7935596171403,-53.0763006615658,378.166853394176
8.79335327231671,-53.053698139275,388.697138499809
8.79314398153758,-53.0307486766411,399.307878836069
8.79293168861589,-53.0074450391204,410
8.7929021229795,-53.0041975876609,411.421817664446
8.79287249348714,-53.0009426320881,412.845326953464
8.79281304220761,-52.9944101156577,415.697432495386
8.79275333329354,-52.9878473004453,418.556340878194
8.79269336525831,-52.9812539964206,421.42207647015
8.79259359573977,-52.9702801789259,426.177513909115
8.79249310625876,-52.9592215357604,430.951810835079
8.7923918898906,-52.948077179166,435.745079662605
8.79228993962723,-52.9368462095867,440.55743370145
8.79218724837599,-52.9255277154776,445.388987165494
8.79208380895842,-52.9141207731099,450.239855181777
8.79197961410897,-52.9026244463727,455.110153799645
8.79187465647373,-52.8910377865698,460
8.79165505919406,-52.866775580809,470.179032946135
8.79143209789503,-52.8421139064267,480.443297181012
8.79120570369881,-52.8170438245607,490.793867695779
8.79097580595655,-52.7915561413425,501.231837635871
8.79078144492846,-52.7699849232382,510
8.79065401370625,-52.755830318307,515.721110339925
8.79047440295073,-52.7358641647992,523.748093657487
8.79045858366691,-52.734104761507,524.453026404614
8.79038509592759,-52.7259296735985,527.723442650462
8.79038122165339,-52.7254985978186,527.895662281578
8.79037734640477,-52.7250674050938,528.067905554689
8.79036959298303,-52.7242046686393,528.412463046378
8.79035407443241,-52.7224777905145,529.101861948018
8.79033854025469,-52.7207490364581,529.791639667362
8.79032299042895,-52.7190184037132,530.481796516729
8.79029184375036,-52.7155514912038,531.863248856533
8.79026063422754,-52.7120770307272,533.246221472873
8.79025366767605,-52.7113013903511,533.554754032585
8.79024669799069,-52.7105253734594,533.863362308618
8.79023274921097,-52.7089722091487,534.480806121155
8.79020481396319,-52.7058613515186,535.716603569497
8.79013667674141,-52.6982717580129,538.726620490491
8.79006824006508,-52.6906461515687,541.743844590016
8.7899995021812,-52.6829843006555,544.768301784382
8.78993046132389,-52.6752859718508,547.800018114301
8.78980731159856,-52.6615475510018,553.192741540924
8.78965123254997,-52.644123160218,560
8.78933441208779,-52.6087111374389,573.724799718285
8.78905556205607,-52.5774957291192,585.703166460287
8.7887718574201,-52.5456911953874,597.794365946859
8.78875789428309,-52.5441246753421,598.386997236882
8.78853530897528,-52.5191377926207,607.803266391352
8.78848318464805,-52.5132823325552,610
8.78847181891657,-52.5120053397555,610.478581138349
8.78822922689789,-52.4847312910895,620.658098913648
8.78818075371938,-52.4792775083416,622.6840416075
8.78791748183081,-52.4496328021951,633.641205778202
8.78788458223122,-52.4459254634088,635.004994961893
8.78759993351784,-52.413823338541,646.754516626808
8.78758318457542,-52.4119329683839,647.44308825296
8.78727643733319,-52.3772832462933,660
8.78723136896545,-52.3721878028686,661.719773662561
8.78718617816641,-52.3670773365667,663.442128107172
8.78709542751874,-52.3568110968797,666.894602614602
8.78700418180024,-52.3464840406562,670.357470241551
8.78691243740779,-52.336095678551,673.830777988988
8.78675744853839,-52.3185349514847,679.679239165515
8.78660102955729,-52.3007980463955,685.557420936635
8.7865955605619,-52.3001776403272,685.762506287605
8.78627547408341,-52.2638365376493,697.714649662011
8.78627268744934,-52.2635198945951,697.818265601651
8.78610895422989,-52.2449070747157,703.893262828064
8.78594366431362,-52.2261014407287,710
8.78569074444651,-52.1972949604668,719.29425629553
8.78543414824586,-52.1680315542394,728.662576868828
8.78517380416752,-52.1383013303861,738.10585056905
8.7849096389122,-52.1080941229484,747.624980525305
8.784563611069,-52.0684639446953,760
8.7844750555202,-52.0583104587383,763.151704332378
8.78438632890487,-52.0481327275855,766.3058592348
8.78420836069662,-52.0277042080387,772.621532191134
8.78385035178566,-51.986552662617,785.282411049003
8.78367894897171,-51.9668238553293,791.323321138095
8.7835069112292,-51.947004484954,797.373209296456
8.78316091827652,-51.9070917394974,809.5
8.78280037293566,-51.8654246603666,822.080138932514
8.78261907752439,-51.8444437151028,828.384305116467
8.78243709564853,-51.8233636390721,834.697897215213
8.78208618776508,-51.7826600594717,846.831503704974
8.78190977436603,-51.7621691932519,852.91138122816
8.78173271713254,-51.7415848250859,859
8.78136496988255,-51.6987711521996,871.60348931928
8.78118006788223,-51.6772139365139,877.918955197763
8.78099447568957,-51.6555555948841,884.243595131338
8.78063789521154,-51.613884997395,896.354941210249
8.78045864724535,-51.5929088358431,902.423247724747
8.78027875666882,-51.5718379782443,908.5
8.77990486836987,-51.5279812971459,921.087941193903
8.7797169000984,-51.5059008625139,927.395103104456
8.77952824456925,-51.4837181579593,933.711083816563
8.77916478685652,-51.4409207463579,945.839249902263
8.77898209912631,-51.4193787964073,951.91554374812
8.77879876807673,-51.3977405556362,958
8.7784186899978,-51.3528153054199,970.572443581608
8.77803588341952,-51.3074783149455,983.178802118096
8.77766547066047,-51.263523718486,995.323620858176
8.77729248977503,-51.2191792687817,1007.5
8.77690576302209,-51.173110155346,1020.07004160769
8.77651630419595,-51.126622361836,1032.67290433428
8.77613925274573,-51.0815262424197,1044.82116506304
8.77575962709584,-51.0360332473871,1057
8.77536658270416,-50.9888378891348,1069.5546440837
8.77497080828661,-50.9412175412077,1082.1409665081
8.77458662945412,-50.8948989044703,1094.30565081738
8.77419986476376,-50.8481752491432,1106.5
8.77379960233708,-50.7997222256104,1119.06540313811
8.77339659547084,-50.7508352507113,1131.66158906888
8.77261286620729,-50.6554713206936,1156
8.77221321663557,-50.6066925144725,1168.33192261882
8.77181091925584,-50.5574881735788,1180.69249676883
8.77140594955749,-50.5078530107397,1193.08182241803
8.77099828272239,-50.4577816516045,1205.5
8.77064155818759,-50.4138801001563,1216.32268603573
8.77028278468542,-50.3696441650824,1227.16682464455
8.77025622245658,-50.366365821064,1227.96806731163
8.77022964896906,-50.3630856341782,1228.76942721957
8.77017646819145,-50.3565197259394,1230.37249886094
8.77012324229885,-50.3499464285269,1231.97603977464
8.77006997123766,-50.3433657301078,1233.58005016674
8.76996329339672,-50.3301820830443,1236.78948021112
8.76985643423611,-50.3169686893322,1240.00079064521
8.76974939332395,-50.3037254534013,1243.21398312205
8.76964217022695,-50.2904522792746,1246.42905929664
8.76942717575476,-50.2638157325262,1252.86486936871
8.76935574350383,-50.254959098653,1255
8.76915624869226,-50.2302069874209,1260.95463912357
8.76895613292995,-50.2053519891284,1266.91556486065
8.76875539349775,-50.1803934933027,1272.88278717215
8.76865478904482,-50.167875240929,1275.86876266185
8.76855402764733,-50.1553308830617,1278.85631604003
8.76853359485567,-50.1527862858973,1279.46176837359
8.76851315560534,-50.1502406134175,1280.0672855322
8.76830706896252,-50.124557735814,1286.16558487831
8.76810032476383,-50.0987651889707,1292.27046329956
8.76768485196762,-50.046848420316,1304.5
8.76741644369598,-50.013248753841,1312.37329995064
8.76714694030348,-49.9794646580448,1320.25731532995
8.76687633547219,-49.9454946839286,1328.15206802809
8.76660462283388,-49.9113373673535,1336.05757999491
8.76598518397515,-49.8332857097748,1354
8.7658339885889,-49.8141961742444,1358.36264868231
8.76544296907749,-49.7647571426076,1369.61505306817
8.76504969115135,-49.7149306447376,1380.88870621486
8.76465413624762,-49.6647123186489,1392.1836683677
8.76425628559105,-49.6140977368434,1403.5
8.7638149850399,-49.5578322141904,1416.00091043435
8.76337088263131,-49.501078262015,1428.52728207025
8.76305173627174,-49.4602115683799,1437.49595584382
8.76249770327049,-49.3891054208265,1453
8.76196784629345,-49.3209089807773,1467.75058586692
8.76143404319673,-49.2520131175853,1482.53582354711
8.76107240002847,-49.2052277137835,1492.51001140198
8.76070893581811,-49.1581173495752,1502.5
8.75979221549578,-49.0388975057705,1527.54507831142
8.75922880375178,-48.9653408425687,1542.83118695309
8.75888943333053,-48.9209290846092,1552
8.75838514171006,-48.8547886995685,1565.57126913744
8.7578774467035,-48.78802493366,1579.170417641
8.75745920372798,-48.7328906435386,1590.32581136295
8.75703863817102,-48.6773279823275,1601.5
8.75609233336036,-48.5518581070269,1626.48639000535
8.75532562283974,-48.4497420693992,1646.57372505332
8.75515595846639,-48.4270892874721,1651
8.7546615363214,-48.3609610422007,1663.8601754062
8.75416397757958,-48.2942394981176,1676.74440637374
8.75370370876677,-48.2323627911723,1688.61198033775
8.75324074049825,-48.1699718455514,1700.5
8.75226265814566,-48.037661766907,1725.4548124004
8.75135363183769,-47.9140808856053,1748.45502649824
8.7512923086797,-47.9057227651519,1750
8.75078958248892,-47.8371011476099,1762.63439076853
8.75028373754916,-47.767870128574,1775.29117016255
8.7497982809535,-47.7012557331446,1787.3853461322
8.74930993487615,-47.6340726395774,1799.5
8.74829968262589,-47.4945391981335,1824.39975341869
8.74781080670805,-47.4267495124083,1836.37139519048
8.74731905806097,-47.3583848720831,1848.36269448377
8.74730596240032,-47.3565618410264,1848.68134029567
8.74729286469617,-47.3547383994886,1849
8.74703629401338,-47.3189936110075,1855.23500903794
8.74677893942469,-47.283090957868,1861.47531612652
8.74626186417031,-47.210807977885,1873.9718514899
8.74575260365355,-47.1394243260201,1886.22570701501
8.74524026860252,-47.0674157734896,1898.5
8.74472274946152,-46.9944805405352,1910.84442848281
8.74420209795439,-46.9209024043724,1923.2092043829
8.7436782851699,-46.8466730179815,1935.59437804998
8.74315128179168,-46.7717838868297,1948
8.74264882481818,-46.7001884137965,1959.77676083581
8.74214344939209,-46.6279850431714,1971.5719790383
8.74211401039885,-46.623773123959,1972.25753325194
8.74208456147038,-46.6195591274594,1972.94314986794
8.74182086604365,-46.5817963609634,1979.07486614926
8.74155637258526,-46.5438663931393,1985.21157586195
8.74129107738709,-46.5057681330295,1991.35328510815
8.74102497671467,-46.4675004799888,1997.5
8.74048875607481,-46.3902233948784,2009.84502897631
8.73994926740868,-46.3122538822078,2022.2100063482
8.73886036325252,-46.1542008328447,2047
8.73826905313061,-46.0679907186862,2060.36870830591
8.7377570319953,-45.9931223512938,2071.89234040359
8.73665639699079,-45.8314978138136,2096.5
8.73545262533575,-45.6536467467278,2123.16098513565
8.73441194133734,-45.4989750640723,2146
8.73435705737225,-45.4907942559095,2147.19913328747
8.7332481993487,-45.3250016753271,2171.31202186828
8.73212579515181,-45.1561895812955,2195.5
8.73154584660768,-45.0685701516948,2207.91232549126
8.73096224243232,-44.9801264148224,2220.34447117778
8.73041069829402,-44.8962897432953,2232.04013039989
8.72979666872775,-44.8026666200566,2245
8.72861744892704,-44.6220113023318,2269.71064065429
8.72742318222369,-44.437897698141,2294.5
8.72693015785896,-44.3615507139435,2304.66492071891
8.72643453626723,-44.2846004546715,2314.84316635167
8.7262146791265,-44.2504007241097,2319.34536379588
8.72500384341286,-44.0613352307677,2344
8.72361137505159,-43.8424058778591,2372.0612614952
8.72253707456481,-43.6723945665186,2393.5
8.72242891386794,-43.6552242196703,2395.64836841572
8.72228651908744,-43.6326042815849,2398.47391666304
8.72214391160903,-43.6099334768591,2401.3004964165
8.72185805648414,-43.564438581893,2406.95675270202
8.72157134427795,-43.5187381482371,2412.61714179685
8.72128377075672,-43.4728307787662,2418.28166823218
8.72065455468839,-43.3721408634706,2430.63099049315
8.72002118944791,-43.27044819492,2443
8.71873916152401,-43.0635620160286,2467.84827539613
8.71809888884369,-42.9597127246334,2480.16420665138
8.71745432848429,-42.8548127006507,2492.5
8.71615328387266,-42.6419815441966,2517.20988262419
8.71483450033582,-42.4247522693535,2542
8.71408527347465,-42.3006654083387,2555.96968856544
8.71333019762439,-42.1751130528994,2569.96536136428
8.7133120146581,-42.1720834650337,2570.30136722411
8.71329382828138,-42.1690530185968,2570.63738807489
8.71325744529236,-42.1629895485403,2571.3094747533
8.71318463834179,-42.1508522893829,2572.65382804564
8.71303886030824,-42.1265364121987,2575.34325459725
8.71274664576552,-42.077738557846,2580.72498936814
8.71215956708672,-41.9794730850545,2591.5
8.71148082570275,-41.8654858470493,2603.89554466347
8.71079730277848,-41.750283370597,2616.31173760945
8.70985586060146,-41.590930938779,2633.30425228385
8.70942719036064,-41.518110667481,2641
8.70873657552286,-41.4004470283837,2653.34395023328
8.70804102560051,-41.2815103550184,2665.70856565713
8.70734047955069,-41.1612795492324,2678.09389820886
8.7066348750578,-41.0397330191251,2690.5
8.70635319954268,-40.9910861946505,2695.43330787115
8.70571620870968,-40.880809306193,2706.54938086619
8.70507502292863,-40.7694338340168,2717.68249439006
8.70377987375703,-40.5433197435939,2740
8.70348913510842,-40.4923500926748,2744.97932763395
8.70283535236534,-40.3774514525209,2756.13924688407
8.70217805089596,-40.2615380082574,2767.30765889383
8.7015171932574,-40.1445956293258,2778.48457336147
8.70085274129994,-40.0266099031292,2789.67
8.70033880198953,-39.9350696438157,2798.28585062775
8.69910796497535,-39.7148400743468,2818.79348811137
8.69786457961593,-39.4909281835761,2839.33
8.69719056102189,-39.3689430094869,2850.3872878975
8.69600672493202,-39.1536541296544,2869.68099414036
8.69541047726108,-39.0447207917361,2879.33733150893
8.69481130512659,-38.9349136702782,2889
8.69480412359676,-38.9335954820219,2889.1000846569
8.69479694122069,-38.9322770894231,2889.20017366278
8.69478257392915,-38.929639691006,2889.40036472264
8.69475382918407,-38.9243624399474,2889.80079904268
8.69469629900992,-38.9137981101446,2890.60187654757
8.69458107563747,-38.8926300532768,2892.20486752515
8.69434997448014,-38.8501356548386,2895.41419742546
8.69388513581956,-38.764508097345,2901.84628168333
8.69341674543683,-38.6780178973125,2908.29632769777
8.69294475900182,-38.5906517105178,2914.76441081194
8.69204448831582,-38.4234174351778,2927.01472392131
8.69113094788687,-38.2529228555737,2939.33
8.69016922428584,-38.0725672965445,2952.17095087527
8.68968283416716,-37.9810126184887,2958.61750086836
8.6891926960824,-37.8885207763444,2965.08152815299
8.68825648887975,-37.7112053732683,2977.33921702579
8.68730639857767,-37.5303888063374,2989.66
8.68630679718513,-37.3391984624334,3002.49571543133
8.6852917052409,-37.1440440241867,3015.39890143113
8.68431712013305,-36.9557246991578,3027.66381416945
8.68332794220836,-36.7636284747108,3039.99
8.68228789006795,-36.5606094521598,3052.81908434385
8.68123154878011,-36.3533128203228,3065.71352997519
8.68021562005851,-36.1528997543515,3077.98700900047
8.67918426517308,-35.9483903372967,3090.32
8.67810001962981,-35.732245596284,3103.14955388861
8.6769985264192,-35.5114545738367,3116.04247592231
8.67593806016096,-35.2977336852559,3128.32235675033
8.6748611899163,-35.0795455278332,3140.66
8.67372981193135,-34.8490494381361,3153.48051912725
8.67258006706873,-34.6134810776428,3166.3623986169
8.67147111857354,-34.3849975503253,3178.6481624524
8.67034459216648,-34.1516084571336,3190.99
8.6679571528266,-33.6526980171755,3216.69183982688
8.66679533998492,-33.4077951984187,3228.97873402073
8.665614539702,-33.1574669824886,3241.32
8.66317325077413,-32.6353561721426,3266.37483646147
8.66064771555106,-32.0887392727538,3291.65
8.65973460096316,-31.8894801626145,3300.62894076405
8.65907408652452,-31.7448034632416,3307.07193322699
8.65801248380566,-31.5113236164354,3317.33618064189
8.6557680687897,-31.0138453426234,3338.6688674973
8.65541494193237,-30.9350965253006,3341.98
8.65388428031509,-30.5922496643535,3356.19208780315
8.6523212566317,-30.2396330519995,3370.47067351015
8.65111035099957,-29.9647020575752,3381.37088028597
8.64987911911939,-29.6835877188076,3392.31
8.6498729620009,-29.6821779544165,3392.36434000005
8.64873311422713,-29.4205115349152,3402.36247766525
8.64497710377806,-28.5486881196875,3434.44472730291
8.64399207743494,-28.3176183235813,3442.64
8.64103445014169,-27.6177543723313,3466.70910756626
8.63839173227758,-26.9847414299401,3487.5369695979
8.63768873770566,-26.8151380650108,3492.97
8.63688798467587,-26.6213295152922,3499.1039710572
8.63249498689653,-25.5463791804705,3531.7293278752
8.6308782500553,-25.14581509033,3543.3
8.62781851825532,-24.3805011807029,3564.56143118921
8.62458079660125,-23.5604568284888,3586.15679406558
8.6234251866042,-23.2652483420976,3593.64
8.62281631232606,-23.1091783418108,3597.53542656682
8.61739613612222,-21.7039501452413,3630.78033222899
8.61512041012497,-21.1055554926089,3643.97
8.61146092120271,-20.1331384458295,3664.23116754033
8.60681887789017,-18.8820496520779,3688.25154454241
8.60558894246942,-18.5473553063084,3694.3
8.60484717221888,-18.3448645016208,3697.88393367011
8.59725173191834,-16.2446946348218,3731.82301655774
8.59404610474649,-15.344320703754,3744.63
8.58810665248591,-13.6556600690258,3765.97595971175
8.57842891542129,-10.8527692539194,3794.08314579437
8.57807207630395,-10.7483216832991,3794.96
8.57577080928654,-10.0730256499946,3800.34253176438
8.55119018662995,-2.71941519574461,3828.02222558549
8.52690907983316,4.63419575217813,3800.34253176438
8.52466611191798,5.30949188157332,3794.96
8.52431877045829,5.413939467848,3794.08314579437
8.51494519075941,8.21683078427755,3765.97595971175
8.50923654345389,9.90549179942684,3744.63
8.50616930619502,10.805865958594,3731.82301655774
8.49894012758611,12.9060364290788,3697.88393367011
8.49823700175686,13.1085272974615,3694.3
8.4970722652183,13.4432217506941,3688.25154454241
8.49268887013363,14.6943109707593,3664.23116754033
8.48924723123662,15.6667283766071,3643.97
8.48711314931355,16.2651232627025,3630.78033222899
8.4820492806991,17.6703520465513,3597.53542656682
8.48148209303444,17.8264221155475,3593.64
8.480406521288,18.1216307338608,3586.15679406558
8.47739944401113,18.9416754662315,3564.56143118921
8.47456631256698,19.7069897493497,3543.3
8.47307268490488,20.1075540424034,3531.7293278752
8.46902593458837,21.1825049479231,3499.1039710572
8.46829013792676,21.3763136047053,3492.97
8.46764463667142,21.5459170643972,3487.5369695979
8.46522194779455,22.1789303694485,3466.70910756626
8.46251784943736,22.8787947385744,3442.64
8.46161896168613,23.1098646766575,3434.44472730291
8.45819918113157,23.9816886460721,3402.36247766525
8.45716379952468,24.2433552377585,3392.36434000005
8.45715820976599,24.2447650030848,3392.31
8.45604109312062,24.5258795299414,3381.37088028597
8.45494370024103,24.8008107114618,3370.47067351015
8.45352907275971,25.1534275684082,3356.19208780315
8.45214577867287,25.4962746722521,3341.98
8.45182693645713,25.5750235460841,3338.6688674973
8.44980293606089,26.072502183192,3317.33618064189
8.44884709562755,26.3059822043197,3307.07193322699
8.44825287241547,26.4506590129563,3300.62894076405
8.44743201570111,26.6499182751586,3291.65
8.44516536095751,27.1965356012442,3266.37483646147
8.44297948143048,27.7186468325659,3241.32
8.44192403369969,27.9689752551069,3228.97873402073
8.44088671096729,28.2138782790532,3216.69183982688
8.43875867203026,28.7127891465652,3190.99
8.43775621502109,28.946178444253,3178.6481624524
8.43677044345721,29.1746621745955,3166.3623986169
8.43574949834196,29.4102307473816,3153.48051912725
8.4347459453965,29.640727047765,3140.66
8.43379173796958,29.8589154073654,3128.32235675033
8.4328530140197,30.0726364966066,3116.04247592231
8.43187896755608,30.2934277291168,3103.14955388861
8.43092116133628,30.5095726785317,3090.32
8.43001098637457,30.7140822953201,3077.98700900047
8.42911528975003,30.9144955594628,3065.71352997519
8.42818487198726,31.121792398852,3052.81908434385
8.42726970538713,31.3248116272443,3039.99
8.42640013506172,31.5169080488333,3027.66381416945
8.42554418410362,31.7052275693998,3015.39890143113
8.42465349075995,31.9003822126852,3002.49571543133
8.42377721968809,32.0915727598672,2989.66
8.42294511349433,32.2723895212642,2977.33921702579
8.4221258922561,32.4497051171613,2965.08152815299
8.42169728756602,32.5421970607275,2958.61750086836
8.42127215515292,32.6337518397507,2952.17095087527
8.42043212523303,32.8141075993603,2939.33
8.41963488286487,32.9846023706516,2927.01472392131
8.41884988856891,33.1518368359948,2914.76441081194
8.41843860280945,33.2392031228388,2908.29632769777
8.41803063036401,33.3256934224546,2901.84628168333
8.41762592840544,33.4113210790679,2895.41419742546
8.41742479061709,33.453815526893,2892.20486752515
8.4173245227633,33.4749836084111,2890.60187654757
8.41727446381696,33.4855479505283,2889.80079904268
8.41724945305414,33.4908252077414,2889.40036472264
8.41723695234598,33.4934626092351,2889.20017366278
8.41723070315968,33.494781003372,2889.1000846569
8.41722445475168,33.4960991931663,2889
8.41670328311693,33.6059064431878,2879.33733150893
8.41618494528059,33.7148399095203,2869.68099414036
8.41515665395378,33.9301290457279,2850.3872878975
8.41457170338285,34.0521143666228,2839.33
8.41349359142564,34.2760265298038,2818.79348811137
8.41242759269272,34.4962563709659,2798.28585062775
8.41198284455213,34.5877967443232,2789.67
8.41140816331325,34.7057826184835,2778.48457336147
8.41083694414699,34.822725145161,2767.30765889383
8.41026914803533,34.9386387369509,2756.13924688407
8.40970473669286,35.0535375244103,2744.97932763395
8.40945385221201,35.1045072410187,2740
8.40833706649065,35.3306216254276,2717.68249439006
8.40778468116671,35.4419972439684,2706.54938086619
8.40723623638076,35.5522742783713,2695.43330787115
8.40699381938717,35.6009211675534,2690.5
8.4063868375119,35.7224678602146,2678.09389820886
8.40578460127101,35.8426988280389,2665.70856565713
8.40518704825737,35.9616356629267,2653.34395023328
8.40459411737199,36.0792994630308,2641
8.40422627182921,36.1521198345826,2633.30425228385
8.40341892663001,36.3114724874248,2616.31173760945
8.40283320562547,36.4266751250783,2603.89554466347
8.40225194988478,36.5406625237634,2591.5
8.40174948701446,36.6389281360223,2580.72498936814
8.40149949149867,36.6877260599621,2575.34325459725
8.4013748007616,36.7120419719033,2572.65382804564
8.40131253190537,36.7241792484301,2571.3094747533
8.4012814165751,36.7302427271689,2570.63738807489
8.40126586368065,36.7332731779464,2570.30136722411
8.40125031396523,36.7363027701523,2569.96536136428
8.40060481957055,36.8618553062084,2555.96968856544
8.39996477213574,36.9859423471773,2542
8.39883924519174,37.2031719405541,2517.20988262419
8.39773020508104,37.4160034134782,2492.5
8.39718126210988,37.5209035950614,2480.16420665138
8.39663629507517,37.6247530435434,2467.84827539613
8.3955460695367,37.8316395385717,2443
8.39500793830366,37.933332364091,2430.63099049315
8.39447364444941,38.0340224358414,2418.28166823218
8.39422955716046,38.0799298769882,2412.61714179685
8.39398626554055,38.1256303822118,2406.95675270202
8.39374376539169,38.1711253486373,2401.3004964165
8.39362281081002,38.1937961890524,2398.47391666304
8.39350205253749,38.2164161628,2395.64836841572
8.39341033719065,38.2335865367542,2393.5
8.39249987679005,38.4035981181429,2372.0612614952
8.39132111549281,38.6225278232926,2344
8.39029734198402,38.8115936249586,2319.34536379588
8.39011157328193,38.8457934117064,2314.84316635167
8.38969293506487,38.9227437978657,2304.66492071891
8.38927668047675,38.9990909085984,2294.5
8.3882691593023,39.1832048205913,2269.71064065429
8.38727541961319,39.3638604440324,2245
8.38675839831011,39.4574837271643,2232.04013039989
8.38629423975271,39.5413205427241,2220.34447117778
8.38580335724229,39.6297644324244,2207.91232549126
8.38531581068528,39.7173840143261,2195.5
8.38437297539513,39.886196404331,2171.31202186828
8.38344247423472,40.0519892788889,2147.19913328747
8.38339644284099,40.0601701016429,2146
8.38252405639427,40.2148420616937,2123.16098513565
8.3815159963267,40.39269345136,2096.5
8.38059527934855,40.5543182853889,2071.89234040359
8.38016727389409,40.6291867912596,2060.36870830591
8.37967323981147,40.7153970657528,2047
8.37876417127617,40.8734504115289,2022.2100063482
8.37831411681242,40.9514200716088,2009.84502897631
8.3778670090863,41.0286973035991,1997.5
8.37764521244656,41.0669650296637,1991.35328510815
8.37742414099953,41.105063362665,1985.21157586195
8.37720379112538,41.1429934032485,1979.07486614926
8.37698415923107,41.180756242372,1972.94314986794
8.37695963451426,41.1849702469879,1972.25753325194
8.37693511873253,41.1891821743149,1971.5719790383
8.37651436249776,41.2613856844131,1959.77676083581
8.37609622903447,41.3329812964321,1948
8.37565787520733,41.4078705737,1935.59437804998
8.3752223847359,41.4821001056677,1923.2092043829
8.37478972929964,41.5556783868694,1910.84442848281
8.37435988098937,41.6286137643268,1898.5
8.3739345389125,41.700622460243,1886.22570701501
8.37351194674384,41.7720062549586,1873.9718514899
8.37308307102502,41.8442893803159,1861.47531612652
8.37286968994002,41.8801921059346,1855.23500903794
8.3726570087647,41.9159369667563,1849
8.37264615291831,41.9177604119892,1848.68134029567
8.37263529889553,41.9195834467408,1848.36269448377
8.37222781886078,41.9879482259612,1836.37139519048
8.37182290067452,42.0557380500693,1824.39975341869
8.37098671794888,42.1952717784224,1799.5
8.37058279180242,42.2624550111343,1787.3853461322
8.37018143403247,42.3290695451792,1775.29117016255
8.36976340902664,42.3983007089639,1762.63439076853
8.36934815240226,42.4669224706771,1750
8.36929751191822,42.4752806087382,1748.45502649824
8.3685471726889,42.598861751595,1725.4548124004
8.36774052656335,42.7311721128084,1700.5
8.3673589570447,42.7935631925943,1688.61198033775
8.36697977186889,42.8554400331854,1676.74440637374
8.36657004474592,42.9221617220365,1663.8601754062
8.36616308438783,42.9882901114664,1651
8.36602347534524,43.0109429429321,1646.57372505332
8.36539285318154,43.1130592048668,1626.48639000535
8.36461512050323,43.2385293580157,1601.5
8.36426968818434,43.2940921430648,1590.32581136295
8.36392629453366,43.3492265565563,1579.170417641
8.36350963275094,43.4159904725099,1565.57126913744
8.36309595444198,43.4821310069035,1552
8.36281767029382,43.5265428655482,1542.83118695309
8.36235586146232,43.6000996962166,1527.54507831142
8.36160496300391,43.7193198133365,1502.5
8.36130741741349,43.7664302861949,1492.51001140198
8.36101146004258,43.8132157982631,1482.53582354711
8.36057478993371,43.8821118215541,1467.75058586692
8.36014155706803,43.9503084208636,1453
8.35968877960621,44.021414735311,1437.49595584382
8.35942806399238,44.0622815252544,1428.52728207025
8.35906539540078,44.1190356116528,1416.00091043435
8.3587051595526,44.1753012679203,1403.5
8.35838051559863,44.2259159703885,1392.1836683677
8.35805786102127,44.2761344166349,1380.88870621486
8.35773717843718,44.3259610341599,1369.61505306817
8.3574184506717,44.3754001849513,1358.36264868231
8.35729523858177,44.394489766605,1354
8.35679062185826,44.4725416134389,1336.05757999491
8.35656936448592,44.5066990131767,1328.15206802809
8.35634906331317,44.5406690702058,1320.25731532995
8.35612971247466,44.5744532486658,1312.37329995064
8.35591130615417,44.6080529975563,1304.5
8.35557333668731,44.6599698939556,1292.27046329956
8.35540520641848,44.6857625044441,1286.16558487831
8.35523764219878,44.7114454455422,1280.0672855322
8.35522102522666,44.713991124322,1279.46176837359
8.35520441381261,44.716535727785,1278.85631604003
8.3551225014855,44.7290801167202,1275.86876266185
8.3550407241947,44.7415984001256,1272.88278717215
8.35487757347343,44.7665569579068,1266.91556486065
8.35471495913021,44.7914120180109,1260.95463912357
8.35455287867277,44.8161641909111,1255
8.35449485033051,44.8250208468772,1252.86486936871
8.35432022113127,44.8516574601576,1246.42905929664
8.35423314189151,44.8649306674863,1243.21398312205
8.35414621903251,44.8781739365767,1240.00079064521
8.3540594521583,44.8913873634059,1236.78948021112
8.35397284087423,44.9045710435441,1233.58005016674
8.35392959345473,44.9111517584846,1231.97603977464
8.3538863847854,44.9177250724079,1230.37249886094
8.35384321481728,44.924290997147,1228.76942721957
8.3538216443308,44.927571192279,1227.96806731163
8.35380008350131,44.930849544541,1227.16682464455
8.35350891415157,44.9750855910431,1216.32268603573
8.35321950130018,45.0189872534377,1205.5
8.35288887288439,45.0690587395511,1193.08182241803
8.35256055250316,45.1186940287272,1180.69249676883
8.35223451758007,45.1678984953203,1168.33192261882
8.35191074583543,45.2166774266069,1156
8.35127615533598,45.312041602442,1131.66158906888
8.35095001295206,45.3609287040328,1119.06540313811
8.35062620899709,45.4093818535881,1106.5
8.35031343554464,45.456105630871,1094.30565081738
8.35000286131413,45.502424388927,1082.1409665081
8.34968302565305,45.5500448620199,1069.5546440837
8.34936550919466,45.5972403447609,1057
8.34905893976372,45.6427334602083,1044.82116506304
8.34875455302023,45.6878296993939,1032.67290433428
8.34844025865911,45.7343176167936,1020.07004160769
8.34812827826161,45.7803868534298,1007.5
8.34782748994092,45.8247314221253,995.323620858176
8.3475288727181,45.8686861369216,983.178802118096
8.34722036862541,45.9140232498649,970.572443581608
8.34691416867412,45.9589486218506,958
8.34676651028898,45.9805869214191,951.91554374812
8.34661939429723,46.0021289300007,945.839249902263
8.34632677861932,46.0449264583673,933.711083816563
8.34617493194649,46.0671092235921,927.395103104456
8.34602366408945,46.0891897187154,921.087941193903
8.34572285279177,46.1330465202629,908.5
8.3455781581551,46.1541174358733,902.423247724747
8.34543400370187,46.175093655268,896.354941210249
8.34514730437418,46.2167643679386,884.243595131338
8.34499812016088,46.2384227695777,877.918955197763
8.34484951551546,46.2599800450905,871.60348931928
8.34455403268976,46.3027938370865,859
8.34441180306687,46.323378262657,852.91138122816
8.34427011316103,46.3438691861097,846.831503704974
8.34398834138864,46.3845728796635,834.697897215213
8.34384224871683,46.4056530148486,828.384305116467
8.34369673089922,46.4266340190827,822.080138932514
8.34340740756458,46.4683012156051,809.5
8.34312985010619,46.5082140738602,797.373209296456
8.34299187260675,46.5280335003754,791.323321138095
8.34285442554687,46.5477623636305,785.282411049003
8.34256740827499,46.5889140260641,772.621532191134
8.34242476475756,46.6093426038347,766.3058592348
8.34235365789908,46.6195203640293,763.151704332378
8.34228269378773,46.6296738789813,760
8.34200545802139,46.6693041706208,747.624980525305
8.34179386814608,46.6995114647158,738.10585056905
8.34158538805285,46.7292417740538,728.662576868828
8.34137995690143,46.758505264614,719.29425629553
8.34117751534252,46.7873118280766,710
8.34104523919173,46.8061175164785,703.893262828064
8.34091422816629,46.8247303902922,697.818265601651
8.34091199860958,46.8250470342646,697.714649662011
8.34065593788234,46.8613882424728,685.762506287605
8.34065156346973,46.8620086503452,685.557420936635
8.34052645978905,46.8797456070499,679.679239165515
8.3404025172318,46.8973063852882,673.830777988988
8.34032915857235,46.9076947776977,670.357470241551
8.34025620464229,46.9180218640705,666.894602614602
8.34018365246248,46.9282881337532,663.442128107172
8.34014752609771,46.9333986149955,661.719773662561
8.3401114990658,46.9384940733226,660
8.33986632824893,46.9731438969064,647.44308825296
8.33985294343102,46.9750342726084,646.754516626808
8.33962549885343,47.0071364917628,635.004994961893
8.33959921463225,47.0108438414529,633.641205778202
8.33938890880815,47.0404886349007,622.6840416075
8.33935019306613,47.0459424337312,620.658098913648
8.3391564590375,47.0732165629273,610.478581138349
8.339147383396,47.0744935595018,610
8.3391057628245,47.08034903688,607.803266391352
8.33892805335272,47.1053359935679,598.386997236882
8.33891690653196,47.1069025182552,597.794365946859
8.33869045435909,47.1387071463533,585.703166460287
8.33846793324243,47.1699226475171,573.724799718285
8.33821517938258,47.2053347758938,560
8.33809068861863,47.222759218743,553.192741540924
8.33799247502011,47.236497680693,547.800018114301
8.33793741872955,47.2441960325476,544.768301784382
8.33788260742784,47.2518579064154,541.743844590016
8.33782803966205,47.259483535719,538.726620490491
8.33777371399005,47.2670731519896,535.716603569497
8.33775144223109,47.2701840189545,534.480806121155
8.33774032158408,47.2717371879267,533.863362308618
8.33773476506331,47.2725132071477,533.554754032585
8.33772921107568,47.273288849852,533.246221472873
8.33770433013722,47.2767633207596,531.863248856533
8.33767949999334,47.2802302436803,530.481796516729
8.33766710392578,47.2819608816234,529.791639667362
8.33765472050503,47.2836896408729,529.101861948018
8.33764234971388,47.2854165241861,528.412463046378
8.337636169049,47.2862792632328,528.067905554689
8.33763307989829,47.2867104572534,527.895662281578
8.33762999153506,47.2871415343286,527.723442650462
8.33757141308813,47.2953166468114,524.453026404614
8.33755880374663,47.2970760553943,523.748093657487
8.33741565092766,47.3170422689938,515.721110339925
8.33731410005128,47.3311969165823,510
8.33715923464628,47.3527681997853,501.231837635871
8.33697608866161,47.378255960062,490.793867695779
8.33679577059929,47.4033261178729,480.443297181012
8.33661822249726,47.4279878671074,470.179032946135
8.33644338787488,47.4522501466482,460
8.3363598369215,47.4638368417346,455.110153799645
8.33627690094615,47.4753332035118,450.239855181777
8.33619457392517,47.486740180678,445.388987165494
8.3361128499086,47.4980587093463,440.55743370145
8.33603172301916,47.5092897132477,435.745079662605
8.3359511874512,47.5204341039292,430.951810835079
8.33587123746955,47.5314927809489,426.177513909115
8.33579186740863,47.542466632067,421.42207647015
8.33574416419828,47.5490599563072,418.556340878194
8.33569666965693,47.555622791652,415.697432495386
8.33564938256892,47.5621553281319,412.845326953464
8.33562581643936,47.5654102936987,411.421817664446
8.33560230172127,47.5686577551316,410
8.33543347505145,47.5919614642955,399.307878836069
8.33526706724182,47.6149109976112,388.697138499809
8.33510303228031,47.6375135896392,378.166853394176
8.33494132524612,47.6597762887621,367.716111905669
8.33482262467157,47.6761060833454,360
8.33478190211362,47.6817059856772,357.344016141245
8.3346729189399,47.6966867336269,350.213610508655
8.33462472020235,47.7033093529304,347.049681671167
8.33452520398917,47.7169777914015,340.49665633665
8.33437944483448,47.7369847089853,330.84840112145
8.33423560694035,47.7567128528536,321.268118876023
8.33406756311383,47.7797420377137,310
8.33392266444345,47.7995829803428,300.217481876511
8.33377971831524,47.819141723381,290.505624974055
8.33363868980032,47.8384236564215,280.863666446062
8.33349954474853,47.8574340394911,271.290854387338
8.33333653880644,47.8796866458734,260
8.3331963340042,47.8988112957207,250.221496159884
8.33305804435789,47.91766087761,240.514923480173
8.33292163514599,47.9362407005101,230.879491175603
8.33278707243126,47.9545559444955,221.314420010072
8.33270771145944,47.9653516317851,215.644922069009
8.33262898811645,47.9760561239857,210
8.33255369555447,47.9862899610744,204.581591531031
8.33247856294045,47.9964980141156,199.16578174378
8.33232877565203,48.0168371366221,188.341950740003
8.33224816180552,48.0277767874778,182.501932901358
8.33216773222204,48.0386868067669,176.664936727765
8.33200742348482,48.0604184058246,165
8.33197260024358,48.0651366520449,162.460614540196
8.33183639563417,48.083582886322,152.509498489537
8.33170071985008,48.1019443578242,142.567164179106
8.33162001038088,48.1128608298036,136.638571687629
8.33150695648805,48.128144296777,128.316210957766
8.33139426920192,48.1433691562354,120
8.33128855077208,48.1576442669294,112.178010498598
8.33113493205889,48.1783731814768,100.775120697231
8.33105666137769,48.1889283841189,94.9483509011809
8.33097861518584,48.1994489856931,89.126912393105
8.33090079259977,48.2099351444626,83.3107978594423
8.3308231927404,48.2203870177515,77.5
8.3307526448412,48.2298853648573,72.2074135776759
8.33068228065106,48.2393554670574,66.9192339716901
8.33061209951363,48.2487974415287,61.6354556803995
8.33054210077554,48.2582114048178,56.3560732113143
8.33047134787895,48.2677232711212,51.0103056534594
8.33040078096952,48.2772066082686,45.6690413893526
8.33033039937661,48.2866615356079,40.3322747310044
8.33029527786392,48.2913783828812,37.6655762291114
8.33027773439226,48.2937341588699,36.332647874741
8.33026896697308,48.2949113857566,35.6662888829499
8.33026020242995,48.2960881722102,35
8.3302396341771,48.2988495910248,33.125
8.33021907602854,48.3016093547838,31.25
8.33017799001395,48.3071239231091,27.5
8.33013694432555,48.3126318891176,23.75
8.33011643658476,48.3153833999738,21.875
8.33010618648691,48.3167585380149,20.9375
8.33010106238072,48.3174459527699,20.46875
8.33009593890284,48.318133264712,20
8.33006985355271,48.3216323139641,17.3283812080545
8.33004378678693,48.3251283908736,14.6567624161089
8.33000806576622,48.3299185189935,10.9925718120812
8.32999839550569,48.331215129716,10
8.32997237961437,48.3347030728284,7.32838120805445
8.32993672827961,48.3394820621369,3.66419060402677
8.32991891565248,48.3418694731372,1.83209530201384
8.32991001259615,48.3430626582556,0.916047651006011
8.32990556188195,48.3436591207858,0.458023825503005
8.32990111171025,48.3442554966552,0
