-71.06,-27.21,12
-71.0574372587084,-27.2074876383286,14.6567624161089
-71.0548581205388,-27.2049590406917,17.3283812080545
-71.0522769078358,-27.2024282470387,20
-71.0517699600677,-27.2019311824689,20.46875
-71.051262941035,-27.2014340417661,20.9375
-71.0502486891155,-27.2004395318916,21.875
-71.0482193294348,-27.1984495977769,23.75
-71.0441571833051,-27.1944660681578,27.5
-71.0400904616614,-27.1904776491936,31.25
-71.0380553825839,-27.1884816033922,33.125
-71.0360191567004,-27.186484331874,35
-71.0351516643464,-27.1856334045694,35.6662888829499
-71.0342838608066,-27.1847821536917,36.332647874741
-71.0325473195529,-27.1830786805327,37.6655762291114
-71.029070496014,-27.179667843796,40.3322747310044
-71.022101850048,-27.1728305701093,45.6690413893526
-71.0151131385646,-27.1659724219127,51.0103056534594
-71.008104281184,-27.1590933100819,56.3560732113143
-71.0011684300797,-27.1522846758737,61.6354556803995
-70.9942128065087,-27.1454554558435,66.9192339716901
-70.987237332039,-27.1386055629374,72.2074135776759
-70.980241927835,-27.1317349096235,77.5
-70.972545276636,-27.1241741385891,83.3107978594423
-70.9648244433111,-27.1165881636337,89.126912393105
-70.957079322101,-27.1089768672044,94.9483509011809
-70.9493098066458,-27.1013401310361,100.775120697231
-70.9340547274803,-27.086341483231,112.178010498598
-70.9235516315706,-27.0760116475299,120
-70.9123519167559,-27.0649937265189,128.316210957766
-70.9011113387051,-27.0539325360596,136.638571687629
-70.8930839469918,-27.0460313707847,142.567164179106
-70.8795844903409,-27.0327406497405,152.509498489537
-70.8660259860073,-27.0193873300199,162.460614540196
-70.8625584676577,-27.0159715682307,165
-70.846590316389,-27.000237983169,176.664936727765
-70.8385754612435,-26.9923385244945,182.501932901358
-70.8305399867282,-26.9844171741433,188.341950740003
-70.8156033980544,-26.9696885483659,199.16578174378
-70.8081083335395,-26.9622957925543,204.581591531031
-70.8005953415996,-26.9548839822558,210
-70.7927379301821,-26.9471309216984,215.644922069009
-70.7848147220655,-26.9393114171741,221.314420010072
-70.771375359671,-26.9260444644257,230.879491175603
-70.7577452273985,-26.9125847008015,240.514923480173
-70.7439206695274,-26.898928324818,250.221496159884
-70.7298979416122,-26.8850714396749,260
-70.7135862300505,-26.868946623497,271.290854387338
-70.6996549979477,-26.8551698873571,280.863666446062
-70.6855283888493,-26.8411951202088,290.505624974055
-70.6712027022117,-26.8270184581471,300.217481876511
-70.6566741486797,-26.8126359413378,310
-70.639815832765,-26.7959406455383,321.268118876023
-70.6253781407665,-26.781637071639,330.84840112145
-70.6107403183286,-26.7671300511713,340.49665633665
-70.6007422166301,-26.757218296423,347.049681671167
-70.5958986015839,-26.7524156383808,350.213610508655
-70.5849436434897,-26.7415512097224,357.344016141245
-70.5808491701936,-26.7374898230886,360
-70.5689110818206,-26.7256458771255,367.716111905669
-70.5526398613929,-26.7094973893666,378.166853394176
-70.5361251613488,-26.6931006761399,388.697138499809
-70.5193620546921,-26.676450549721,399.307878836069
-70.5023454879079,-26.6595416842062,410
-70.4999748303586,-26.6571854723677,411.421817664446
-70.4975987983569,-26.6548237817402,412.845326953464
-70.4928305459804,-26.6500838957628,415.697432495386
-70.4880405982464,-26.6453218870179,418.556340878194
-70.4832288222227,-26.6405376157562,421.42207647015
-70.4752211017112,-26.6325744207769,426.177513909115
-70.4671526741275,-26.6245492798134,430.951810835079
-70.4590229189776,-26.6164615398439,435.745079662605
-70.4508312077432,-26.6083105391008,440.55743370145
-70.4425769037555,-26.6000956069282,445.388987165494
-70.4342593620671,-26.5918160636363,450.239855181777
-70.4258779293206,-26.5834712203527,455.110153799645
-70.4174319436154,-26.5750603788711,460
-70.3997504794208,-26.5574468747513,470.179032946135
-70.3817837746778,-26.539541444266,480.443297181012
-70.36352560345,-26.5213375055163,490.793867695779
-70.3449695672185,-26.5028282873234,501.231837635871
-70.3292698054274,-26.4871616037071,510
-70.3189703896306,-26.4768806352114,515.721110339925
-70.3044455821989,-26.4623774634961,523.748093657487
-70.3031658519331,-26.4610993938134,524.453026404614
-70.2972199642561,-26.4551606997234,527.723442650462
-70.2969064531226,-26.4548475440542,527.895662281578
-70.2965928587409,-26.4545343028427,528.067905554689
-70.2959654201149,-26.4539075636671,528.412463046378
-70.2947095425823,-26.4526530574234,529.101861948018
-70.2934523297394,-26.4513971789538,529.791639667362
-70.292193779674,-26.4501399262256,530.481796516729
-70.2911858092555,-26.4491329670948,531.034286315346
-70.2896726602813,-26.4476212899169,531.863248856533
-70.2871461689646,-26.4450971320889,533.246221472873
-70.2865821696996,-26.4445336325689,533.554754032585
-70.2860179024914,-26.4439698576109,533.863362308618
-70.2848885635658,-26.4428414806582,534.480806121155
-70.2826266628952,-26.4405814135181,535.716603569497
-70.2771086725477,-26.4350673747627,538.726620490491
-70.2715650612406,-26.4295269886684,541.743844590016
-70.2659956685221,-26.4239600845117,544.768301784382
-70.2604003326682,-26.4183664901627,547.800018114301
-70.250416334138,-26.408383710182,553.192741540924
-70.2377562913933,-26.3957217314231,560
-70.2120360183657,-26.3699855386957,573.724799718285
-70.1893738551658,-26.3472960361588,585.703166460287
-70.1662936628492,-26.3241751833101,597.794365946859
-70.165157108962,-26.3230362930296,598.386997236882
-70.1470316273311,-26.3048693131872,607.803266391352
-70.1427849472973,-26.300611757184,610
-70.1418588504663,-26.2996832304249,610.478581138349
-70.1220829961011,-26.2798505184398,620.658098913648
-70.118129428744,-26.2758844455435,622.6840416075
-70.0966443305386,-26.2543247548256,633.641205778202
-70.0939580188748,-26.2516283287783,635.004994961893
-70.0707025654009,-26.2282779942642,646.754516626808
-70.069333450059,-26.2269028839178,647.44308825296
-70.0442441917387,-26.2016957119892,660
-70.0405565377589,-26.1979894394126,661.719773662561
-70.0368582639917,-26.1942721620463,663.442128107172
-70.0294296933183,-26.1868044168704,666.894602614602
-70.0219581453638,-26.1792921172435,670.357470241551
-70.0144432840536,-26.1717349018438,673.830777988988
-70.0017423622473,-26.1589592825417,679.679239165515
-69.9889170442152,-26.1460545644101,685.557420936635
-69.9884684919366,-26.1456031629784,685.762506287605
-69.9622004364782,-26.11915974431,697.714649662011
-69.9619716167483,-26.1189293234697,697.818265601651
-69.948522901388,-26.1053842733184,703.893262828064
-69.9349382607922,-26.0916978710445,710
-69.9141359093339,-26.0707310169099,719.29425629553
-69.8930117738745,-26.0494290962874,728.662576868828
-69.8715590965304,-26.0277847959313,738.10585056905
-69.8497709383786,-26.0057905981237,747.624980525305
-69.8211993700773,-25.9769314042154,760
-69.8138815729042,-25.9695367571968,763.151704332378
-69.8065472597277,-25.9621241185367,766.3058592348
-69.7918288796316,-25.947244623237,772.621532191134
-69.7621916481289,-25.9172670398129,785.282411049003
-69.7479885617661,-25.9028933029568,791.323321138095
-69.7337238940017,-25.8884523259032,797.373209296456
-69.7050083370543,-25.8593669004572,809.5
-69.6750462549924,-25.8289976035778,822.080138932514
-69.6599652576905,-25.8137034153451,828.384305116467
-69.6448170762501,-25.7983355493642,834.697897215213
-69.6155789426039,-25.7686576836133,846.831503704974
-69.6008657196801,-25.7537153514609,852.91138122816
-69.5860892287087,-25.7387034924429,859
-69.5553678364578,-25.7074758390738,871.60348931928
-69.5399055700811,-25.691750128263,877.918955197763
-69.5243750385076,-25.675949166166,884.243595131338
-69.4945063566894,-25.6455439836757,896.354941210249
-69.4794770291978,-25.630236538555,902.423247724747
-69.4643838807639,-25.6148585935781,908.5
-69.432982075807,-25.5828466064265,921.087941193903
-69.4171788753551,-25.5667273084782,927.395103104456
-69.4013069273486,-25.550531810831,933.711083816563
-69.3706975341386,-25.5192812496804,945.839249902263
-69.3552966524398,-25.5035492063759,951.91554374812
-69.3398311492151,-25.4877453842596,958
-69.3077352032422,-25.4549288751124,970.572443581608
-69.2753635236705,-25.42180523544,983.178802118096
-69.2439965486479,-25.3896854960546,995.323620858176
-69.2123689377955,-25.3572748126781,1007.5
-69.1795299100894,-25.3235971667789,1020.07004160769
-69.1464116761258,-25.289606825881,1032.67290433428
-69.1143033146271,-25.2566276852086,1044.82116506304
-69.0819307411739,-25.2233519915375,1057
-69.0483662294015,-25.1888244221324,1069.5546440837
-69.0145195136602,-25.1539790478921,1082.1409665081
-68.9816172834337,-25.1200795602656,1094.30565081738
-68.9484465783872,-25.0858770557443,1106.5
-68.9140684941709,-25.0504016464752,1119.06540313811
-68.8794034813115,-25.0146013319052,1131.66158906888
-68.8118428254519,-24.9447448949131,1156
-68.7773162641558,-24.9090026788888,1168.33192261882
-68.7425095810163,-24.8729414558048,1180.69249676883
-68.7074195488192,-24.8365571839081,1193.08182241803
-68.6720428908014,-24.7998457539521,1205.5
-68.6410432911071,-24.7676518082949,1216.32268603573
-68.6098244959146,-24.7352068922318,1227.16682464455
-68.6075115328344,-24.7328021559812,1227.96806731163
-68.6051973627446,-24.7303960362585,1228.76942721957
-68.6005653979814,-24.7255796419068,1230.37249886094
-68.5959285944398,-24.7207577001152,1231.97603977464
-68.5912869449425,-24.7159302018258,1233.58005016674
-68.5819890794772,-24.7062584996076,1236.78948021112
-68.572671743707,-24.6965644622155,1240.00079064521
-68.5633348797008,-24.6868480164816,1243.21398312205
-68.5539784292978,-24.6771090889229,1246.42905929664
-68.5352065369344,-24.6575634943021,1252.86486936871
-68.5289662519973,-24.6510641369581,1255
-68.5115297784443,-24.6328988157473,1260.95463912357
-68.4940261381204,-24.6146561838853,1266.91556486065
-68.476454962357,-24.5963357735929,1272.88278717215
-68.4676439321779,-24.587146253751,1275.86876266185
-68.4588158786596,-24.5779371121892,1278.85631604003
-68.4570252911299,-24.5760690008906,1279.46176837359
-68.4552340025768,-24.574200081294,1280.0672855322
-68.4371650949998,-24.5553437996126,1286.16558487831
-68.4190247272619,-24.5364050704289,1292.27046329956
-68.3825280057335,-24.4982782242879,1304.5
-68.3589202298002,-24.4735990087357,1312.37329995064
-68.3351925938111,-24.4487810414819,1320.25731532995
-68.311344227763,-24.4238232108645,1328.15206802809
-68.2873742531849,-24.3987243934555,1336.05757999491
-68.2326385674251,-24.3413594327654,1354
-68.2192594229981,-24.3273267084576,1358.36264868231
-68.1846237988515,-24.2909792257709,1369.61505306817
-68.1497376467944,-24.2543398403994,1380.88870621486
-68.1145983650674,-24.2174052013196,1392.1836683677
-68.079203315524,-24.1801719065522,1403.5
-68.0398818165652,-24.1387731644507,1416.00091043435
-68.0002458838242,-24.0970060298441,1428.52728207025
-67.9717220277294,-24.0669252700294,1437.49595584382
-67.9221251067954,-24.0145750271508,1453
-67.8745973151563,-23.9643537678271,1467.75058586692
-67.8266213327946,-23.9136043474659,1482.53582354711
-67.7940645211413,-23.8791342525902,1492.51001140198
-67.7612998802384,-23.8444186502951,1502.5
-67.6784658517824,-23.7565384355729,1527.54507831142
-67.6274169502905,-23.7022984663732,1542.83118695309
-67.5966163231781,-23.6695425590377,1552
-67.5507762721531,-23.6207508085146,1565.57126913744
-67.5045403752724,-23.5714872336488,1579.170417641
-67.4663855906168,-23.5307957843083,1590.32581136295
-67.4279593346241,-23.4897799561945,1601.5
-67.3412782986962,-23.3971290625908,1626.48639000535
-67.2708250155802,-23.3216926357246,1646.57372505332
-67.2552074618639,-23.3049545734581,1651
-67.2096400680248,-23.2560849468044,1663.8601754062
-67.1636993096096,-23.2067652849116,1676.74440637374
-67.121126192944,-23.1610165101841,1688.61198033775
-67.0782301280672,-23.1148774881196,1700.5
-66.9873642868385,-23.0169990429288,1725.4548124004
-66.9026182697885,-22.9255376872456,1748.45502649824
-66.8968910010891,-22.9193504971562,1750
-66.8498898707654,-22.8685459005273,1762.63439076853
-66.8025087372548,-22.8172780743116,1775.29117016255
-66.7569537623293,-22.7679365660374,1787.3853461322
-66.711044911022,-22.7181625714704,1799.5
-66.6158082196683,-22.6147504216457,1824.39975341869
-66.5695936460558,-22.5644921996472,1836.37139519048
-66.5230229863944,-22.513796274329,1848.36269448377
-66.5217816121979,-22.5124442455089,1848.68134029567
-66.5205399840485,-22.5110919041271,1849
-66.4962055991811,-22.4845804154352,1855.23500903794
-66.47177361606,-22.457948701441,1861.47531612652
-66.4226145472362,-22.404321435681,1873.9718514899
-66.3741062987116,-22.3513489665265,1886.22570701501
-66.3252127532738,-22.2979003263987,1898.5
-66.2757301634846,-22.2437511729127,1910.84442848281
-66.2258522374916,-22.1891118399062,1923.2092043829
-66.1755742777475,-22.1339758552735,1935.59437804998
-66.1248915090019,-22.0783366319034,1948
-66.0764771734974,-22.0251321198229,1959.77676083581
-66.0276906401266,-21.9714637219543,1971.5719790383
-66.0248459239493,-21.9683326488196,1972.25753325194
-66.0219999373196,-21.9651999901692,1972.94314986794
-65.9965021920632,-21.9371255441572,1979.07486614926
-65.9709022500722,-21.9089234646483,1985.21157586195
-65.9451995009538,-21.8805929053443,1991.35328510815
-65.9193933292338,-21.8521330123989,1997.5
-65.8673138616098,-21.794651298034,2009.84502897631
-65.8148125016538,-21.7366406785553,2022.2100063482
-65.7085236428617,-21.619004206731,2047
-65.6506255360376,-21.5548156087936,2060.36870830591
-65.6003884917164,-21.4990581390728,2071.89234040359
-65.4920765621982,-21.3786474827605,2096.5
-65.3731087328035,-21.2460817390378,2123.16098513565
-65.2698306848358,-21.1307375541741,2146
-65.2643729217304,-21.1246354017067,2147.19913328747
-65.1538683103888,-21.0009381844827,2171.31202186828
-65.041551183254,-20.8749284212106,2195.5
-64.9833337594199,-20.80950142252,2207.91232549126
-64.9246232186921,-20.743442765619,2220.34447117778
-64.869021379419,-20.6808102648549,2232.04013039989
-64.8069868289009,-20.6108495480925,2245
-64.687456481856,-20.4758030994772,2269.71064065429
-64.5658691251477,-20.3381043274103,2294.5
-64.5155181388512,-20.2809846942711,2304.66492071891
-64.4648094671474,-20.2234021752149,2314.84316635167
-64.4422854465595,-20.1978065326826,2319.34536379588
-64.3179092874845,-20.0562660526595,2344
-64.1741876517523,-19.8922833870022,2372.0612614952
-64.0628000971283,-19.7648793601139,2393.5
-64.0515611386023,-19.7520091713413,2395.64836841572
-64.0367580935328,-19.735053363322,2398.47391666304
-64.0219251540798,-19.7180584820597,2401.3004964165
-63.9921692224044,-19.6839509678372,2406.95675270202
-63.9622925955078,-19.6496855531231,2412.61714179685
-63.9322945202195,-19.6152611541122,2418.28166823218
-63.8665473374251,-19.5397438005378,2430.63099049315
-63.8002126887572,-19.4634558948082,2443
-63.665467387777,-19.3081972061309,2467.84827539613
-63.5979345333262,-19.2302347777219,2480.16420665138
-63.529788797734,-19.1514646094811,2492.5
-63.3917444039641,-18.9915905117022,2517.20988262419
-63.2511437728905,-18.8283342992442,2542
-63.1709624981613,-18.735043341435,2555.96968856544
-63.0899323345356,-18.6406251942933,2569.96536136428
-63.0879782851428,-18.6383465641627,2570.30136722411
-63.0860237391356,-18.6360672735831,2570.63738807489
-63.0821131564958,-18.6315067099391,2571.3094747533
-63.0742860232216,-18.6223776447299,2572.65382804564
-63.0586078406557,-18.6040876986208,2575.34325459725
-63.0271554576292,-18.5673800293165,2580.72498936814
-62.9638637649196,-18.4934494309232,2591.5
-62.8905205409178,-18.4076715020094,2603.89554466347
-62.8164765275212,-18.3209586172379,2616.31173760945
-62.7141897548368,-18.2009806134211,2633.30425228385
-62.6674985528071,-18.1461407479123,2641
-62.5921223353519,-18.0575132951325,2653.34395023328
-62.516015415905,-17.967906215396,2665.70856565713
-62.4391666199736,-17.8773032107775,2678.09389820886
-62.3615645221613,-17.7856876068109,2690.5
-62.3305302745379,-17.7490142223811,2695.43330787115
-62.2602310085198,-17.6658674826896,2706.54938086619
-62.1893042298066,-17.5818752901152,2717.68249439006
-62.0455325857056,-17.411302557282,2740
-62.0131653002328,-17.3728432174741,2744.97932763395
-61.9402558462535,-17.2861327585516,2756.13924688407
-61.8667789077533,-17.1986380316967,2767.30765889383
-61.7927271637315,-17.1103481213622,2778.48457336147
-61.7180931508641,-17.0212518983853,2789.67
-61.6602416999601,-16.9521131040641,2798.28585062775
-61.5212535138494,-16.7857327323803,2818.79348811137
-61.3802174570012,-16.6165069693933,2839.33
-61.3034984393057,-16.5242879846304,2850.3872878975
-61.1682969926001,-16.3614885045788,2869.68099414036
-61.0999826193259,-16.2790929758199,2879.33733150893
-61.0311849950918,-16.1960224199554,2889
-61.0303624306329,-16.1950286459298,2889.1000846569
-61.0295397488819,-16.1940347170206,2889.20017366278
-61.027894033401,-16.1920463944074,2889.40036472264
-61.0246011938044,-16.1880678889907,2889.80079904268
-61.0180098743121,-16.1801034292961,2890.60187654757
-61.0048046279418,-16.1641446495057,2892.20486752515
-60.9783033343679,-16.1321071261062,2895.41419742546
-60.9249345448806,-16.0675480049195,2901.84628168333
-60.871071635679,-16.0023352293059,2908.29632769777
-60.816707496717,-15.936458794095,2914.76441081194
-60.7127687035093,-15.8103513606619,2927.01472392131
-60.6069702126043,-15.6817751266702,2939.33
-60.4952346049138,-15.5457521863674,2952.17095087527
-60.4385850006212,-15.4766986388415,2958.61750086836
-60.3814040503287,-15.4069360166519,2965.08152815299
-60.2719187699433,-15.2731890414729,2977.33921702579
-60.1604547774716,-15.1367948198494,2989.66
-60.0427957568767,-14.9925698086792,3002.49571543133
-59.9229077473707,-14.8453500706037,3015.39890143113
-59.8074192465688,-14.7032840915491,3027.66381416945
-59.6898163560517,-14.5583681198112,3039.99
-59.5657465667734,-14.4052129737083,3052.81908434385
-59.4392945314093,-14.2488337275329,3065.71352997519
-59.3172630594803,-14.0976521880693,3077.98700900047
-59.1929606379918,-13.9433877704893,3090.32
-59.0618297815874,-13.7803567336386,3103.14955388861
-58.928136905627,-13.6138342685574,3116.04247592231
-58.798970965011,-13.4526595044485,3128.32235675033
-58.6673533044297,-13.288134189763,3140.66
-58.52858171491,-13.1143509952639,3153.48051912725
-58.3870417442091,-12.9367710187304,3166.3623986169
-58.2500328489463,-12.7645618646312,3178.6481624524
-58.1103597102948,-12.5886894950438,3190.99
-57.8127157644649,-12.2128619430359,3216.69183982688
-57.6670711750429,-12.0284511987766,3228.97873402073
-57.5185121647205,-11.8400115488578,3241.32
-57.2096691634406,-11.4471842242427,3266.37483646147
-56.887778007417,-11.036251530171,3291.65
-56.7708045299746,-10.8865483344667,3300.62894076405
-56.685995046598,-10.7778867268559,3307.07193322699
-56.5493448511401,-10.6025911987008,3317.33618064189
-56.2590685311026,-10.2293651675805,3338.6688674973
-56.213229302684,-10.170321965607,3341.98
-56.0140098832977,-9.91339156760709,3356.19208780315
-55.8097058879839,-9.64936265251774,3370.47067351015
-55.6508288843491,-9.44367014040988,3381.37088028597
-55.4887558197161,-9.23351286825205,3392.31
-55.4879439984962,-9.23245937395211,3392.36434000005
-55.3374273420797,-9.03699563075377,3402.36247766525
-54.838313778173,-8.38690836147518,3434.44472730291
-54.7066438873627,-8.21493356901188,3442.64
-54.30942279052,-7.69497269815293,3466.70910756626
-53.9522073376502,-7.22597165473424,3487.5369695979
-53.8568348767335,-7.10053845305878,3492.97
-53.7480261683224,-6.95732668775473,3499.1039710572
-53.1479503259207,-6.16556164270145,3531.7293278752
-52.9258559421437,-5.87172934619393,3543.3
-52.5038727161568,-5.31236229890943,3564.56143118921
-52.0552406370533,-4.71624293388763,3586.15679406558
-51.8946628820041,-4.50254780977752,3593.64
-51.8099719349499,-4.38977676423685,3597.53542656682
-51.0539992191506,-3.38134940137299,3630.78033222899
-50.7358797461209,-2.95614502367403,3643.97
-50.2241700973565,-2.27133453820884,3664.23116754033
-49.5762829989366,-1.4031202194529,3688.25154454241
-49.4051479606638,-1.17362872613341,3694.3
-49.302089811324,-1.03540428081539,3697.88393367011
-48.2568976242203,0.366952717646562,3731.82301655774
-47.8241059192454,0.947597023249012,3744.63
-47.0431889444107,1.9945628895947,3765.97595971175
-45.8646117822351,3.57116313337395,3794.08314579437
-45.8242989331382,3.62498531370886,3794.96
-45.5711408558346,3.96278764168847,3800.34253176438
-43.6131687886368,6.56128976172115,3835.00544199814
-42.8522084420132,7.56263254967723,3845.29
-39.8438067980374,11.4564323545516,3869.90796215946
-38.5488177726781,13.0934592116365,3873.11357344114
-38.2073791308044,13.5205550022041,3873.25732042369
-37.8647149331773,13.9471866135511,3873.11357344114
-36.5424191296671,15.5738686477957,3869.90796215946
-33.3255723723536,19.3885508943373,3845.29
-32.478187122319,20.3570115500478,3835.00544199814
-30.2320965263828,22.845556641296,3800.34253176438
-29.9346059092811,23.166393696962,3794.96
-29.8870813275099,23.2174549015521,3794.08314579437
-28.4789824145295,24.7060113975005,3765.97595971175
-27.5258121691153,25.686680212559,3744.63
-26.9905229527344,26.2277842981805,3731.82301655774
-25.6768382398417,27.5262411234118,3697.88393367011
-25.5456864761431,27.653566679881,3694.3
-25.3272534460512,27.8646971964095,3688.25154454241
-24.4929596535315,28.6604043845479,3664.23116754033
-23.8257609332415,29.2845563369402,3643.97
-23.4072784906136,29.6705212433203,3630.78033222899
-22.4013623603527,30.5809294383856,3597.53542656682
-22.2876632983968,30.6822968305289,3593.64
-22.071526060549,30.8741342768116,3586.15679406558
-21.4637833741474,31.4075398349367,3564.56143118921
-20.8869056703757,31.9056856517754,3543.3
-20.5812457294225,32.1664192654372,3531.7293278752
-19.7483245171174,32.8656983835819,3499.1039710572
-19.5961901206968,32.9916586572874,3492.97
-19.4625628578463,33.1018483317889,3487.5369695979
-18.9597462161201,33.5127349436823,3466.70910756626
-18.3963184937546,33.9661695850612,3442.64
-18.2085557842235,34.1156471296532,3434.44472730291
-17.4922996364604,34.6784267789374,3402.36247766525
-17.274898417839,34.8469277097557,3392.36434000005
-17.2737240910185,34.8478349785725,3392.31
-17.0389020033199,35.0286273461484,3381.37088028597
-16.8079809426917,35.2052005522175,3370.47067351015
-16.5099728624764,35.4312971838377,3356.19208780315
-16.2182333382183,35.6507096337011,3341.98
-16.1509455001628,35.7010459309251,3338.6688674973
-15.7234558780088,36.0184884523357,3317.33618064189
-15.521381015604,36.1671352223193,3307.07193322699
-15.3956999824929,36.2591323741916,3300.62894076405
-15.2220193463139,36.3856932068492,3291.65
-14.7420777717589,36.7319937923875,3266.37483646147
-14.2788380622238,37.0614952690924,3241.32
-14.0550541456991,37.2190136377515,3228.97873402073
-13.835058328195,37.3728183409113,3216.69183982688
-13.3836191264997,37.6851981299061,3190.99
-13.1709223360031,37.8308786882109,3178.6481624524
-12.9617547712535,37.9732115927665,3166.3623986169
-12.7451219830811,38.1196558865996,3153.48051912725
-12.5321872170244,38.2626440232433,3140.66
-12.3297376803452,38.39771577478,3128.32235675033
-12.1305948617613,38.5297522577979,3116.04247592231
-11.9239893498804,38.6658712635867,3103.14955388861
-11.7208668975483,38.7988399330488,3090.32
-11.5278875395372,38.9243861659182,3077.98700900047
-11.3380239134976,39.0471643210087,3065.71352997519
-11.1408552820468,39.1738915219231,3052.81908434385
-10.9469797639298,39.2977354828741,3039.99
-10.7628254996289,39.4146686078713,3027.66381416945
-10.5816194242794,39.5290656347496,3015.39890143113
-10.3931312729825,39.6473637277457,3002.49571543133
-10.207773278052,39.7630077602281,2989.66
-10.0318339401661,39.8721455391284,2977.33921702579
-9.85869603131629,39.9789488899199,2965.08152815299
-9.76814472632682,40.0345721896101,2958.61750086836
-9.67834948198486,40.0895721172651,2952.17095087527
-9.50098892470579,40.1977423030745,2939.33
-9.33274933497826,40.2997823827022,2927.01472392131
-9.1671808294015,40.3996651765416,2914.76441081194
-9.08046923054714,40.4517638558981,2908.29632769777
-8.99448096501096,40.5032844027496,2901.84628168333
-8.9092069163331,40.5542361364031,2895.41419742546
-8.86683490167098,40.5795015659895,2892.20486752515
-8.84571466501223,40.5920821623279,2890.60187654757
-8.83517092965034,40.5983594916141,2889.80079904268
-8.82990315028071,40.6014949215891,2889.40036472264
-8.82727028174688,40.6030618288512,2889.20017366278
-8.82595410265198,40.6038450806685,2889.1000846569
-8.82463809362787,40.6046281979879,2889
-8.71450759377443,40.6700456880882,2879.33733150893
-8.60502928598008,40.7348453043442,2869.68099414036
-8.38800454755295,40.8626240453932,2850.3872878975
-8.26464619725363,40.9348545392892,2839.33
-8.03747719985835,41.0671147237255,2818.79348811137
-7.81310997841162,41.1967873697065,2798.28585062775
-7.7195762460226,41.2505655179911,2789.67
-7.59878339002194,41.3197740252307,2778.48457336147
-7.47879386280518,41.3882522870517,2767.30765889383
-7.35959922539926,41.4560112336974,2756.13924688407
-7.24119117531233,41.5230615776492,2744.97932763395
-7.18858265608313,41.5527685242971,2740
-6.95458582377788,41.6842818280928,2717.68249439006
-6.83895893846076,41.748895142903,2706.54938086619
-6.72423208799192,41.8127628759031,2695.43330787115
-6.67354603236572,41.84090268509,2690.5
-6.54670011368682,41.9111189864184,2678.09389820886
-6.42093969048004,41.980444731129,2665.70856565713
-6.29625080242228,42.0488958752314,2653.34395023328
-6.17261975117975,42.1164879978055,2641
-6.09596815684799,42.1582564903393,2633.30425228385
-5.92786225335752,42.2494887212085,2616.31173760945
-5.80601500294902,42.3152984544526,2603.89554466347
-5.68519097575418,42.3802928122066,2591.5
-5.58082198524556,42.4362255530319,2580.72498936814
-5.52892090290339,42.4639677195098,2575.34325459725
-5.50304076971575,42.4777832450274,2572.65382804564
-5.4901182498684,42.484677179439,2571.3094747533
-5.48366136975038,42.4881206971578,2570.63738807489
-5.48043402378423,42.4898415945932,2570.30136722411
-5.47720740688729,42.4915619181061,2569.96536136428
-5.34332669799416,42.5627795697849,2555.96968856544
-5.21069529793691,42.6330193689627,2542
-4.97775546846022,42.755629413057,2517.20988262419
-4.74859994341732,42.8753171642751,2492.5
-4.63531350863342,42.9341472850052,2480.16420665138
-4.5229397870761,42.9922824474809,2467.84827539613
-4.29841135572882,43.1077826395622,2443
-4.18772383811587,43.1644006311979,2430.63099049315
-4.07791752520346,43.220359138027,2418.28166823218
-4.02778419668262,43.2458386551852,2412.61714179685
-3.9778335467129,43.2711823936339,2406.95675270202
-3.92806459847624,43.2963913690974,2401.3004964165
-3.90324795796309,43.3089456360662,2398.47391666304
-3.87847637991742,43.3214665886893,2395.64836841572
-3.85966568162588,43.3309675606282,2393.5
-3.67308214770409,43.4248804504265,2372.0612614952
-3.43192612680001,43.5453832685316,2344
-3.22286055899566,43.6490537989571,2319.34536379588
-3.18496313644577,43.667767264671,2314.84316635167
-3.09960331082263,43.7098288041657,2304.66492071891
-3.01478986531322,43.7514998996171,2294.5
-2.809754894007,43.8517414243893,2269.71064065429
-2.60787670040523,43.9497545127666,2245
-2.50298370810943,44.0004134438708,2232.04013039989
-2.40889773546861,44.0456980515917,2220.34447117778
-2.30947996344358,44.0933900348545,2207.91232549126
-2.2108250428915,44.1405550675938,2195.5
-2.02029112358875,44.2311931354836,2171.31202186828
-1.83257412801748,44.3199102375911,2147.19913328747
-1.82329629782267,44.324280134581,2146
-1.64761429311322,44.406762867411,2123.16098513565
-1.44497090066794,44.501282517435,2096.5
-1.26022698169008,44.5868757560302,2071.89234040359
-1.17445870423559,44.6264263373134,2060.36870830591
-1.07554785937194,44.6718909921503,2047
-0.89379343275283,44.7550273157601,2022.2100063482
-0.803932899571763,44.7959359895629,2009.84502897631
-0.71474058293569,44.8364136014295,1997.5
-0.670524614454777,44.8564330958008,1991.35328510815
-0.626472836622924,44.8763474631514,1985.21157586195
-0.582584379328381,44.8961574722181,1979.07486614926
-0.538858378696531,44.9158638844787,1972.94314986794
-0.533977017341229,44.9180619407554,1972.25753325194
-0.529097677012032,44.9202587111321,1971.5719790383
-0.44539304005994,44.9578856353842,1959.77676083581
-0.362281265218215,44.9951368793389,1948
-0.275226728264926,45.0340388822301,1935.59437804998
-0.188818609056725,45.0725344784014,1923.2092043829
-0.103050086620755,45.1106295638133,1910.84442848281
-0.017914436725718,45.1483299243379,1898.5
0.0662534626620754,45.1854906848809,1886.22570701501
0.149802791015702,45.2222693599899,1873.9718514899
0.234518291851586,45.2594507504739,1861.47531612652
0.276638636570411,45.2778958547591,1855.23500903794
0.318601822813051,45.2962448352035,1849
0.320743232587148,45.2971804657976,1848.68134029567
0.322884233133507,45.2981158467223,1848.36269448377
0.403225485765816,45.333164920591,1836.37139519048
0.482992265143977,45.3678648609702,1824.39975341869
0.647496040927393,45.4391177095042,1799.5
0.726854553532988,45.473342397162,1787.3853461322
0.805639351991289,45.5072243012104,1775.29117016255
0.88762236550383,45.5423809358936,1762.63439076853
0.968987947647506,45.5771714690313,1750
0.978905376660862,45.5814051000302,1748.45502649824
1.12572164482118,45.64390434341,1725.4548124004
1.28328220541121,45.7106139078789,1700.5
1.35771432718595,45.7419972437455,1688.61198033775
1.43161804788488,45.7730751541373,1676.74440637374
1.51140330280111,45.806534103068,1663.8601754062
1.59057642792928,45.8396418364945,1651
1.61772013630009,45.8509708501464,1646.57372505332
1.74022207152838,45.9019624745631,1626.48639000535
1.89105709654513,45.9644399560022,1601.5
1.95796414812357,45.9920450941178,1590.32581136295
2.02442324055872,46.0193995619535,1579.170417641
2.10499110448116,46.0524733287308,1565.57126913744
2.18490456083367,46.085183517532,1552
2.23861931519481,46.1071170048133,1542.83118695309
2.32768072546632,46.1433898820564,1527.54507831142
2.47228685030757,46.2020362885154,1502.5
2.52951620419675,46.2251613890273,1492.51001140198
2.58639986613846,46.2480992392153,1482.53582354711
2.67025541511657,46.2818269320309,1467.75058586692
2.75336419484815,46.3151529309211,1453
2.84012974762281,46.3498378499291,1437.49595584382
2.89004755653909,46.3697430803988,1428.52728207025
2.95943335542869,46.3973512445371,1416.00091043435
3.02829324529849,46.4246811149473,1403.5
3.09029792467787,46.4492314622816,1392.1836683677
3.15187395194393,46.4735570742132,1380.88870621486
3.21302544420625,46.4976607966745,1369.61505306817
3.27375646704739,46.5215454294888,1358.36264868231
3.29722077913792,46.5307593800599,1354
3.39324478379375,46.5683835319767,1336.05757999491
3.43531028956701,46.5848239412504,1328.15206802809
3.47717108144177,46.6011591527574,1320.25731532995
3.51882854182928,46.6173900983282,1312.37329995064
3.56028404099614,46.6335176992261,1304.5
3.62438922892741,46.6584084348142,1292.27046329956
3.65625959598198,46.6707612096056,1286.16558487831
3.68800932402763,46.683052818908,1280.0672855322
3.69115714785313,46.6842706862996,1279.46176837359
3.69430378775161,46.685487954494,1278.85631604003
3.70981822639567,46.6914876056797,1275.86876266185
3.72530390913428,46.6974727170586,1272.88278717215
3.75618930039852,46.7093995147833,1266.91556486065
3.78696055197332,46.7212687366217,1260.95463912357
3.81761824839681,46.733080767436,1255
3.82859133033901,46.7373053139322,1252.86486936871
3.8616037946714,46.7500045296278,1246.42905929664
3.87806009867765,46.756329152626,1243.21398312205
3.8944832403736,46.762637199464,1240.00079064521
3.91087331231468,46.7689287303364,1236.78948021112
3.92723040672107,46.7752038051576,1233.58005016674
3.93539661623085,46.7783351902553,1231.97603977464
3.9435546157881,46.7814624836818,1230.37249886094
3.9517044168267,46.7845856928484,1228.76942721957
3.9557762464882,46.7861457681529,1227.96806731163
3.95984603079832,46.7877048251638,1227.16682464455
4.01478485469208,46.8087278987875,1216.32268603573
4.06935200191545,46.8295664900939,1205.5
4.13164092309394,46.8533025394172,1193.08182241803
4.19344303172956,46.8767990006924,1180.69249676883
4.25476357688494,46.9000592139015,1168.33192261882
4.31560773447349,46.9230864595506,1156
4.43471494784677,46.9680136830551,1131.66158906888
4.49585322430173,46.9909978434929,1119.06540313811
4.55650207942244,47.0137463739043,1106.5
4.61503652958021,47.0356531178124,1094.30565081738
4.67311229550137,47.0573409853744,1082.1409665081
4.73287076393702,47.079608221351,1069.5546440837
4.79214651717731,47.101646535528,1057
4.84933185687669,47.1228614133766,1044.82116506304
4.90606454143641,47.1438635568799,1032.67290433428
4.96459618705133,47.1654849564782,1020.07004160769
5.02264894413227,47.186882661803,1007.5
5.07857380377297,47.2074520325129,995.323620858176
5.13405095313372,47.2278141180235,983.178802118096
5.19131873648197,47.2487889673201,970.572443581608
5.24811236016801,47.2695456014083,958
5.27548331968653,47.2795331702885,951.91554374812
5.30274301915453,47.2894699195131,945.839249902263
5.3569310966804,47.3091923779011,933.711083816563
5.38503413568884,47.3194050003053,927.395103104456
5.41301868844977,47.3295638197544,921.087941193903
5.46863504986113,47.3497216047074,908.5
5.49537133421815,47.3593969483785,902.423247724747
5.52199746373397,47.3690227275178,896.354941210249
5.5749217217151,47.3881269846084,884.243595131338
5.60244472361587,47.3980469669498,877.918955197763
5.62984978382174,47.407914187521,871.60348931928
5.6843088212684,47.4274918818423,859
5.71050696490411,47.4368955882735,852.91138122816
5.73659565764,47.4462507404768,846.831503704974
5.78844716911007,47.4648167562566,834.697897215213
5.81531545521182,47.4744229019236,828.384305116467
5.84206740638466,47.4839777333043,822.080138932514
5.89522503324801,47.5029349551664,809.5
5.94618149597984,47.5210713038551,797.373209296456
5.97149825883812,47.5300689594574,791.323321138095
5.99670819812322,47.5390200486107,785.282411049003
6.04932107009157,47.5576732500098,772.621532191134
6.07545352562197,47.5669242954923,766.3058592348
6.08847656276069,47.5715310932939,763.151704332378
6.10147092088023,47.5761254695018,760
6.15221219783822,47.594044145703,747.624980525305
6.19091315600386,47.6076876498924,738.10585056905
6.22902376166252,47.6211033675893,728.662576868828
6.26655606512068,47.6342964553871,719.29425629553
6.30352180779857,47.6472719220145,710
6.32766444959002,47.6557364238682,703.893262828064
6.35156766562253,47.664109291486,697.818265601651
6.35197437917869,47.6642516897609,697.714649662011
6.39866837743168,47.6805854465878,685.762506287605
6.39946579244929,47.6808641324403,685.557420936635
6.42226703000799,47.6888292624842,679.679239165515
6.44484900203089,47.6967109489263,673.830777988988
6.45821115117781,47.7013714733514,670.357470241551
6.47149693516408,47.7060029990632,666.894602614602
6.48470693943959,47.7106057713611,663.442128107172
6.49128370699705,47.7128964514034,661.719773662561
6.49784174660736,47.7151800338841,660
6.54246407914142,47.7307027987784,647.44308825296
6.54489931881798,47.7315491814537,646.754516626808
6.58626698504031,47.7459147012412,635.004994961893
6.59104589579253,47.7475727786877,633.641205778202
6.62927055254696,47.7608241604218,622.6840416075
6.63630501349117,47.763260686727,620.658098913648
6.67149425323689,47.7754393074073,610.478581138349
6.67314226278417,47.7760092625342,610
6.68069944726091,47.7786224115254,607.803266391352
6.71295696534929,47.7897679973319,598.386997236882
6.71497978887533,47.7904664609887,597.794365946859
6.7560607595471,47.8046396205031,585.703166460287
6.79640349571808,47.8185363054219,573.724799718285
6.84219717831768,47.8342845261979,560
6.86474046884479,47.8420268565096,553.192741540924
6.88251987716112,47.848128324301,547.800018114301
6.89248448032382,47.8515461100795,544.768301784382
6.9024032260162,47.85494686359,541.743844590016
6.91227639709027,47.8583307000897,538.726620490491
6.92210427420464,47.8616977338459,535.716603569497
6.92613295421523,47.8630775921458,534.480806121155
6.92814444524376,47.8637664652548,533.863362308618
6.92914947955967,47.8641106382246,533.554754032585
6.93015404013944,47.8644546356324,533.246221472873
6.93465411309694,47.8659954577005,531.863248856533
6.93734929980833,47.8669181598359,531.034286315346
6.93914468789735,47.8675327610232,530.481796516729
6.94138642195968,47.8683000965913,529.791639667362
6.94362579155874,47.8690665565647,529.101861948018
6.94586280004079,47.8698321423018,528.412463046378
6.94698041991498,47.8702146077582,528.067905554689
6.94753900894186,47.8704057587071,527.895662281578
6.94809745076407,47.8705968551643,527.723442650462
6.95868876992517,47.8742203808636,524.453026404614
6.96096838474953,47.8750000941233,523.748093657487
6.98684303857844,47.8838453840604,515.721110339925
7.00519193247212,47.8901126296145,510
7.03316402542541,47.8996582327794,501.231837635871
7.06622857094946,47.910928363428,490.793867695779
7.09876600334663,47.922004774803,480.443297181012
7.13078753672626,47.9328919649175,470.179032946135
7.1623040866117,47.9435942999075,460
7.17735992485143,47.9487023289278,455.110153799645
7.19230144569474,47.9537686302474,450.239855181777
7.20712981049937,47.9587936656033,445.388987165494
7.2218461658186,47.963777890262,440.55743370145
7.23645164362864,47.9687217531292,435.745079662605
7.25094736155209,47.9736256968578,430.951810835079
7.26533442307706,47.9784901579533,426.177513909115
7.27961391777281,47.9833155668775,421.42207647015
7.28819467959565,47.9862139422066,418.556340878194
7.29673675830317,47.9890982933639,415.697432495386
7.30524038740626,47.9919687123297,412.845326953464
7.30947785639729,47.9933987259622,411.421817664446
7.31370579975058,47.9948252906927,410
7.34405568904373,48.0050588822043,399.307878836069
7.373956490334,48.0151292631165,388.697138499809
7.40341707479386,48.0250399508782,378.166853394176
7.43244609425183,48.0347943671985,367.716111905669
7.45374624486128,48.0419447080661,360
7.46105201725884,48.0443958511089,357.344016141245
7.48059981101852,48.0509508628154,350.213610508655
7.48924304942554,48.0538476331359,347.049681671167
7.5070850286553,48.0598242692677,340.49665633665
7.53320861333606,48.0685675610259,330.84840112145
7.55897718403278,48.0771833246362,321.268118876023
7.58906880893753,48.0872335680037,310
7.6150041939552,48.0958862252556,300.217481876511
7.64057953164343,48.1044101984412,290.505624974055
7.6658014928187,48.1128080715982,280.863666446062
7.69067659364639,48.1210823632619,271.290854387338
7.71980466990219,48.1307611297169,260
7.74484740205345,48.1390736079101,250.221496159884
7.76953814953839,48.1472612925622,240.514923480173
7.79388351276734,48.1553267116163,230.879491175603
7.81788993733404,48.1632723284029,221.314420010072
7.83204381899476,48.1679534676648,215.644922069009
7.84608077424478,48.1725933760423,210
7.85950300632184,48.1770277047602,204.581591531031
7.87289376331219,48.1814493140265,199.16578174378
7.89958126459531,48.1902545784159,188.341950740003
7.91393931043062,48.1949880603151,182.501932901358
7.92826114070262,48.1997069509775,176.664936727765
7.95679666499741,48.20910121029,165
7.9629935427478,48.2111399131779,162.460614540196
7.98722536023934,48.2191071533442,152.509498489537
8.01135341274721,48.2270327555969,142.567164179106
8.0257018844067,48.2317423964851,136.638571687629
8.04579477115139,48.2383330872338,128.316210957766
8.06581581867236,48.2448950443092,120
8.08459265313957,48.2510445197215,112.178010498598
8.11186668518252,48.2599687784321,100.775120697231
8.12575838562204,48.2645105665016,94.9483509011809
8.13960703971134,48.2690358125451,89.126912393105
8.15341283118964,48.2735446003065,83.3107978594423
8.16717594279019,48.2780370129854,77.5
8.17968557292129,48.2821181674449,72.2074135776759
8.19216002225554,48.2861858444463,66.9192339716901
8.20459942707333,48.2902401058564,61.6354556803995
8.21700392297785,48.2942810131774,56.3560732113143
8.22953944551881,48.2983625993483,51.0103056534594
8.2420393940167,48.3024305965752,45.6690413893526
8.2545039075068,48.3064850677406,40.3322747310044
8.26072291959599,48.3085072506683,37.6655762291114
8.26382912199368,48.3095170823667,36.332647874741
8.26538139821817,48.3100216836981,35.6662888829499
8.26693312481558,48.3105260755118,35
8.27057545054151,48.3117098995626,33.125
8.27421576342346,48.3128928996218,31.25
8.28149035730617,48.3152564311082,27.5
8.28875691974697,48.317616676645,23.75
8.2923871933196,48.318795569263,21.875
8.29420157891794,48.319384708398,20.9375
8.29510858401049,48.3196792012173,20.46875
8.29601546399972,48.3199736428884,20
8.30063303806287,48.3214726925712,17.3283812080545
8.30524696257619,48.3229702848771,14.6567624161089
8.30983161501865,48.3244581061612,12
8.31156914566112,48.3250219030594,10.9925718120812
8.31788448287959,48.3270707890449,7.32838120805445
8.32419298531876,48.3291169481618,3.66419060402677
8.32734467695433,48.330139006806,1.83209530201384
8.3289198834804,48.3306497811898,0.916047651006011
8.32970732699594,48.3309051046833,0.458023825503005
8.33049466404196,48.331160385725,0
