-68.33,-22.23,114
-68.3217101802235,-22.2211082357244,120
-68.3101899296395,-22.2087489013979,128.316210957766
-68.2986272555489,-22.1963410490589,136.638571687629
-68.2903696009632,-22.187477955829,142.567164179106
-68.2764824658734,-22.1725691766616,152.509498489537
-68.2625340167734,-22.1575902047534,162.460614540196
-68.2589666801005,-22.1537586075144,165
-68.2425383749364,-22.1361096350528,176.664936727765
-68.2342922558069,-22.1272485193914,182.501932901358
-68.2260247207615,-22.1183628558989,188.341950740003
-68.2106562338235,-22.1018412500382,199.16578174378
-68.202944182666,-22.0935485528845,204.581591531031
-68.1952135081877,-22.0852344890627,210
-68.1871281233191,-22.0765375104907,215.644922069009
-68.178974707157,-22.0677658676209,221.314420010072
-68.1651441168068,-22.052883168948,230.879491175603
-68.1511162392786,-22.0377837881371,240.514923480173
-68.1368872689799,-22.0224634419162,250.221496159884
-68.12245330717,-22.0069177392334,260
-68.1056619336325,-21.9888271698656,271.290854387338
-68.0913199296926,-21.9733704778332,280.863666446062
-68.0767757412534,-21.9576911775703,290.505624974055
-68.0620255119608,-21.9417849134574,300.217481876511
-68.0470652920709,-21.9256472213226,310
-68.0297046825248,-21.9069139279977,321.268118876023
-68.0148356155983,-21.8908638151792,330.84840112145
-67.9997593022651,-21.8745849412577,340.49665633665
-67.9894610382107,-21.8634623131771,347.049681671167
-67.9844718158481,-21.858072856083,350.213610508655
-67.9731870688559,-21.8458807940495,357.344016141245
-67.9689691697344,-21.8413230365436,360
-67.9566706992123,-21.8280313420438,367.716111905669
-67.9399070538553,-21.8099084189507,378.166853394176
-67.9228910990049,-21.7915063041116,388.697138499809
-67.9056176886864,-21.7728191438035,399.307878836069
-67.8880815434317,-21.7538409276931,410
-67.8856373111912,-21.7511951507058,411.421817664446
-67.8831875036917,-21.7485432048962,412.845326953464
-67.8782710949119,-21.7432207295509,415.697432495386
-67.8733321784687,-21.7378733442506,418.556340878194
-67.868370615306,-21.7325008910273,421.42207647015
-67.860113309847,-21.7235585417561,426.177513909115
-67.8517930126082,-21.7145464358158,430.951810835079
-67.8434090742961,-21.7054638349287,435.745079662605
-67.8349608371292,-21.6963099908766,440.55743370145
-67.8264476347023,-21.687084145338,445.388987165494
-67.8178687918488,-21.6777855297206,450.239855181777
-67.8092236245002,-21.6684133649919,455.110153799645
-67.8005114395429,-21.6589668615058,460
-67.782271282895,-21.6391838301183,470.179032946135
-67.7637349119581,-21.6190719349927,480.443297181012
-67.7448958027244,-21.5986237296259,490.793867695779
-67.7257472482123,-21.577831552123,501.231837635871
-67.709544512698,-21.5602316761458,510
-67.6989143058106,-21.5486816680082,515.721110339925
-67.6839218809769,-21.5323877203876,523.748093657487
-67.6826008877764,-21.5309518095205,524.453026404614
-67.6764631506287,-21.5242796210091,527.723442650462
-67.6761395176734,-21.5239277840559,527.895662281578
-67.6758157981708,-21.5235758506838,528.067905554689
-67.6751680993997,-21.5228716945411,528.412463046378
-67.6738716619228,-21.5214622236624,529.101861948018
-67.6725738361839,-21.5200512060645,529.791639667362
-67.6712746201758,-21.518638639446,530.481796516729
-67.6686720093802,-21.5158088500012,531.863248856533
-67.6660638133289,-21.512972836747,533.246221472873
-67.665481569346,-21.5123397150581,533.554754032585
-67.6648990467698,-21.5117062828926,533.863362308618
-67.6637331651242,-21.5104384863134,534.480806121155
-67.6613980508384,-21.5078991584011,535.716603569497
-67.6557013194013,-21.5017037202216,538.726620490491
-67.6499779458617,-21.495478581515,541.743844590016
-67.644227761739,-21.4892235489257,544.768301784382
-67.6384505972003,-21.4829384274954,547.800018114301
-67.6281416676263,-21.4717212443568,553.192741540924
-67.6150687039286,-21.457493112197,560
-67.5885064390558,-21.428572037392,573.724799718285
-67.5650989437367,-21.4030729101806,585.703166460287
-67.5412563353804,-21.3770872992052,597.794365946859
-67.5400821501096,-21.3758072511797,598.386997236882
-67.5213554249653,-21.3553880239863,607.803266391352
-67.5169675756346,-21.3506024818681,610
-67.5160106780021,-21.3495587991612,610.478581138349
-67.4955758007114,-21.3272657562843,620.658098913648
-67.4914901829751,-21.3228075197679,622.6840416075
-67.469285729983,-21.2985715033238,633.641205778202
-67.4665092685259,-21.2955402462077,635.004994961893
-67.4424714523997,-21.2692893522248,646.754516626808
-67.4410561687899,-21.2677433700312,647.44308825296
-67.4151187334631,-21.2394028225024,660
-67.4113021825926,-21.2352314119194,661.719773662561
-67.4074745409611,-21.2310475560913,663.442128107172
-67.399785812249,-21.2226423082314,666.894602614602
-67.3920521937923,-21.2141866698861,670.357470241551
-67.3842733301731,-21.2056802295927,673.830777988988
-67.3711252743441,-21.191299365042,679.679239165515
-67.3578472398935,-21.1767724613792,685.557420936635
-67.3573828324093,-21.1762643034867,685.762506287605
-67.3301836805638,-21.1464945015236,697.714649662011
-67.3299467276989,-21.1462350820273,697.818265601651
-67.316019312788,-21.130984967205,703.893262828064
-67.3019497737875,-21.1155748881173,710
-67.2804022334254,-21.0919658492303,719.29425629553
-67.2585180816803,-21.0679775251933,728.662576868828
-67.2362901528162,-21.0436015747675,738.10585056905
-67.2137110856871,-21.0188294210926,747.624980525305
-67.1840969546838,-20.9863218957518,760
-67.1765112158621,-20.9779919044615,763.151704332378
-67.1689080971283,-20.9696415591664,766.3058592348
-67.1536494987386,-20.9528795296141,772.621532191134
-67.1229212922669,-20.9191081535636,785.282411049003
-67.1081938665118,-20.9029148491802,791.323321138095
-67.0934015988964,-20.8866454588839,797.373209296456
-67.0636209481259,-20.8538764247595,809.5
-67.0325432583327,-20.8196594736706,822.080138932514
-67.0168990833224,-20.8024270240634,828.384305116467
-67.0011840990571,-20.7851111824327,834.697897215213
-66.9708487851233,-20.751670382283,846.831503704974
-66.9555818550182,-20.734832933994,852.91138122816
-66.9402482062804,-20.7179167758855,859
-66.9083650170759,-20.6827266386047,871.60348931928
-66.8923162597505,-20.6650048944938,877.918955197763
-66.8761954646449,-20.6471979447111,884.243595131338
-66.8451882330305,-20.6129315758349,896.354941210249
-66.8295843431151,-20.5956796504265,902.423247724747
-66.8139130668659,-20.5783478824553,908.5
-66.7813048413044,-20.5422674255636,921.087941193903
-66.7648926572624,-20.5240988637072,927.395103104456
-66.7484078313558,-20.5058439884953,933.711083816563
-66.7166129580486,-20.4706184733709,945.839249902263
-66.7006138476505,-20.4528847651254,951.91554374812
-66.684546414827,-20.4350697333398,958
-66.6511974685318,-20.398075656308,970.572443581608
-66.6175568224247,-20.3607335614784,983.178802118096
-66.584955263382,-20.3245214888057,995.323620858176
-66.5520778072653,-20.2879796642869,1007.5
-66.5179357419774,-20.2500075398574,1020.07004160769
-66.4834978968824,-20.2116809398723,1032.67290433428
-66.4501048750245,-20.1744926976113,1044.82116506304
-66.4164317797313,-20.1369681984278,1057
-66.3815132477739,-20.0980300111932,1069.5546440837
-66.3462953337735,-20.0587313939652,1082.1409665081
-66.3120545701812,-20.0204975776331,1094.30565081738
-66.2775288017378,-19.9819200172288,1106.5
-66.2417403817945,-19.9419046225588,1119.06540313811
-66.2056471216155,-19.901520570651,1131.66158906888
-66.13528506212,-19.8227136344046,1156
-66.0993177353884,-19.7823886136609,1168.33192261882
-66.0630523442817,-19.7417014512838,1180.69249676883
-66.0264853487812,-19.7006475097692,1193.08182241803
-65.9896131523107,-19.6592220729322,1205.5
-65.9572976692772,-19.6228922535605,1216.32268603573
-65.9247485972212,-19.5862773851351,1227.16682464455
-65.9223368718124,-19.5835635086436,1227.96806731163
-65.9199238596947,-19.5808480606149,1228.76942721957
-65.9150939714199,-19.5754124447879,1230.37249886094
-65.9102589244915,-19.5699705272447,1231.97603977464
-65.9054187110117,-19.5645222975799,1233.58005016674
-65.8957227529129,-19.5536068603616,1236.78948021112
-65.8860060334259,-19.5426660492216,1240.00079064521
-65.8762684887788,-19.5316997800935,1243.21398312205
-65.8665100549362,-19.5207079685425,1246.42905929664
-65.8469302637299,-19.4986473803051,1252.86486936871
-65.8404209976986,-19.4913115784841,1255
-65.8222318510119,-19.4708080464209,1260.95463912357
-65.8039710203937,-19.450216663357,1266.91556486065
-65.7856380993092,-19.4295368915444,1272.88278717215
-65.7785692061463,-19.4215611898652,1275.17906015915
-65.7764444763503,-19.4191636899424,1275.86876266185
-65.7672326769108,-19.4087681875155,1278.85631604003
-65.7653642038988,-19.4066593996067,1279.46176837359
-65.7634949822943,-19.4045496929974,1280.0672855322
-65.7446390003819,-19.3832636631716,1286.16558487831
-65.7257066934182,-19.3618839170817,1292.27046329956
-65.6876113310101,-19.3188409235525,1304.5
-65.6629656789108,-19.2909781182654,1312.37329995064
-65.6381918861743,-19.2629575501507,1320.25731532995
-65.6132889904414,-19.2347779397311,1328.15206802809
-65.5882560195632,-19.2064379937412,1336.05757999491
-65.5310813160299,-19.1416608696132,1354
-65.5171035257116,-19.1258140414448,1358.36264868231
-65.4809136283749,-19.0847659905832,1369.61505306817
-65.4444553592287,-19.0433858097356,1380.88870621486
-65.4077258297135,-19.0016696365011,1392.1836683677
-65.3707221089578,-18.9596135486145,1403.5
-65.3296054115898,-18.9128494060139,1416.00091043435
-65.2881513059354,-18.8656658547201,1428.52728207025
-65.2583136322311,-18.8316821322825,1437.49595584382
-65.2064215020343,-18.7725353480732,1453
-65.1566813945394,-18.7157890055011,1467.75058586692
-65.1064594208356,-18.6584409372722,1482.53582354711
-65.0723710978832,-18.6194860416836,1492.51001140198
-65.0380591305061,-18.580251342903,1502.5
-64.9512861213448,-18.4809207514331,1527.54507831142
-64.897790257081,-18.4196059282085,1542.83118695309
-64.865506024073,-18.3825746106903,1552
-64.8174478645411,-18.3274104055796,1565.57126913744
-64.7689624490768,-18.271707888248,1579.170417641
-64.7289420026122,-18.2256941894337,1590.32581136295
-64.6886282599744,-18.1793102547813,1601.5
-64.5976578331891,-18.0745205736953,1626.48639000535
-64.5236856701972,-17.9891875552102,1646.57372505332
-64.5072841042299,-17.9702519857685,1651
-64.4594209302022,-17.9149629838002,1663.8601754062
-64.4111530767503,-17.8591597027719,1676.74440637374
-64.3664121870975,-17.8073920977236,1688.61198033775
-64.32132089402,-17.7551783399616,1700.5
-64.225768270459,-17.6443978031519,1725.4548124004
-64.1366058890579,-17.5408612761864,1748.45502649824
-64.1305785698323,-17.5338565541678,1750
-64.0811074508163,-17.4763357772874,1762.63439076853
-64.0312225814531,-17.4182846865933,1775.29117016255
-63.9832472592771,-17.3624091927113,1787.3853461322
-63.9348861906172,-17.306038337163,1799.5
-63.8345203889377,-17.1889022139656,1824.39975341869
-63.7857962851223,-17.1319652399296,1836.37139519048
-63.7366830653122,-17.0745264274243,1848.36269448377
-63.7353737286057,-17.0729944874521,1848.68134029567
-63.7340641142216,-17.0714621890253,1849
-63.7083952993534,-17.0414219286647,1855.23500903794
-63.6826197302839,-17.011243771379,1861.47531612652
-63.630745670237,-16.9504700637041,1873.9718514899
-63.579543126968,-16.8904316668505,1886.22570701501
-63.5279184774524,-16.8298467318979,1898.5
-63.4756560645549,-16.7684606984338,1910.84442848281
-63.422959936215,-16.706511738334,1923.2092043829
-63.3698246514493,-16.6439922540488,1935.59437804998
-63.3162446729697,-16.5808945086546,1948
-63.265046887123,-16.5205506204706,1959.77676083581
-63.2134396921433,-16.459673377618,1971.5719790383
-63.2104300131356,-16.4561215073685,1972.25753325194
-63.2074189356931,-16.4525678136017,1972.94314986794
-63.1804396837307,-16.4207189957083,1979.07486614926
-63.1533478969012,-16.3887233600379,1985.21157586195
-63.1261428638535,-16.3565799100746,1991.35328510815
-63.0988238668842,-16.32428764011,1997.5
-63.0436776084295,-16.2590591290174,2009.84502897631
-62.9880659143239,-16.1932217373943,2022.2100063482
-62.8754222736282,-16.0596866714804,2047
-62.8140296779024,-15.9868074619557,2060.36870830591
-62.7607415952378,-15.923491896511,2071.89234040359
-62.6457912350166,-15.7867303630061,2096.5
-62.5194359229378,-15.6361169082558,2123.16098513565
-62.4096622487984,-15.505029454307,2146
-62.4038590730329,-15.4980933691843,2147.19913328747
-62.2863140442727,-15.3574683727409,2171.31202186828
-62.1667489053279,-15.2141685958286,2195.5
-62.104737690253,-15.1397457552047,2207.91232549126
-62.0421754788255,-15.0645914305233,2220.34447117778
-61.9829019252516,-14.9933228609757,2232.04013039989
-61.9167431504902,-14.9137015129006,2245
-61.7891829156874,-14.7599642972909,2269.71064065429
-61.6593138158102,-14.6031488279615,2294.5
-61.6054993085465,-14.5380815768221,2304.66492071891
-61.5512822502658,-14.4724763948805,2314.84316635167
-61.5271933059312,-14.4433111976097,2319.34536379588
-61.3941026474532,-14.2819928313429,2344
-61.2401551752443,-14.0950130457716,2372.0612614952
-61.1207257325122,-13.9496787453555,2393.5
-61.1086696369912,-13.9349941583276,2395.64836841572
-61.0927887182869,-13.9156470977908,2398.47391666304
-61.0768738931504,-13.8962544512972,2401.3004964165
-61.0449420702319,-13.8573317566797,2406.95675270202
-61.0128732506288,-13.8182247725004,2412.61714179685
-60.9806665095381,-13.7789321861438,2418.28166823218
-60.9100519382202,-13.6927207357888,2430.63099049315
-60.838769123128,-13.6056089733391,2443
-60.6938560037408,-13.4282567842698,2467.84827539613
-60.6211677002684,-13.3391667528464,2480.16420665138
-60.5477790808986,-13.2491306727279,2492.5
-60.3989875860647,-13.0663188094512,2517.20988262419
-60.2472644178562,-12.8795380167186,2542
-60.1606593364763,-12.7727572039983,2555.96968856544
-60.07307690429,-12.6646507910864,2569.96536136428
-60.0709640911966,-12.6620413726811,2570.30136722411
-60.068850705449,-12.6594311769313,2570.63738807489
-60.0646222150044,-12.6542084519984,2571.3094747533
-60.0561583513905,-12.6437536585742,2572.65382804564
-60.0392030377143,-12.6228066187073,2575.34325459725
-60.005181618047,-12.5807620936252,2580.72498936814
-59.9366920029556,-12.4960661475356,2591.5
-59.8572778100378,-12.3977694360192,2603.89554466347
-59.7770525774996,-12.298370053214,2616.31173760945
-59.6661396953794,-12.1607862358314,2633.30425228385
-59.6154769881286,-12.0978785435311,2641
-59.5336440557392,-11.9961850059771,2653.34395023328
-59.4509606029137,-11.8933324154589,2665.70856565713
-59.3674122992714,-11.7893004962524,2678.09389820886
-59.2829844541828,-11.6840684700245,2690.5
-59.249203312451,-11.641933822047,2695.43330787115
-59.172645128867,-11.5463823257106,2706.54938086619
-59.0953517333331,-11.4498267606759,2717.68249439006
-58.9385131674915,-11.2536382493773,2740
-58.9031743558181,-11.2093846226104,2744.97932763395
-58.8235330230882,-11.1095875767483,2756.13924688407
-58.7432177470085,-11.0088556324116,2767.30765889383
-58.6622188003337,-10.9071750025912,2778.48457336147
-58.580526241647,-10.8045316079049,2789.67
-58.5171639717809,-10.7248562992669,2798.28585062775
-58.3647935686977,-10.5330334143687,2818.79348811137
-58.2099697796842,-10.3378023200205,2839.33
-58.1256613599807,-10.2313567090125,2850.3872878975
-57.9769299329223,-10.0433457417137,2869.68099414036
-57.9017030092191,-9.94814271855817,2879.33733150893
-57.8258917295542,-9.85212698367103,2889
-57.824970350892,-9.85095959920356,2889.1000846569
-57.8240488282172,-9.84979202151181,2889.20017366278
-57.8222053506859,-9.8474562862581,2889.40036472264
-57.8185166658898,-9.84278249488349,2889.80079904268
-57.8111323692915,-9.8334256175603,2890.60187654757
-57.7963360033171,-9.81467459552762,2892.20486752515
-57.7666316593169,-9.77702276520658,2895.41419742546
-57.7067723083036,-9.70111416123539,2901.84628168333
-57.646303838836,-9.62438764694999,2908.29632769777
-57.585216205379,-9.54682941039377,2914.76441081194
-57.4682628872714,-9.3982148236915,2927.01472392131
-57.3489979453143,-9.24649166432287,2939.33
-57.2227963813652,-9.08575863688237,2952.17095087527
-57.1587155999083,-9.00407192360055,2958.61750086836
-57.093966698654,-8.92148476715542,2965.08152815299
-56.9698003588699,-8.76297510010722,2977.33921702579
-56.8431282860304,-8.60108543980652,2989.66
-56.7091244148629,-8.42962978392562,3002.49571543133
-56.5722681822196,-8.25432055745137,3015.39890143113
-56.4401279772007,-8.08486047499541,3027.66381416945
-56.30525280563,-7.91170226055546,3039.99
-56.1626088276804,-7.72836468949841,3052.81908434385
-56.0168462282258,-7.54080528997834,3065.71352997519
-55.8758068633359,-7.35912260652055,3077.98700900047
-55.73175745219,-7.17336320788117,3090.32
-55.5793640429725,-6.97662984086532,3103.14955388861
-55.4235273166491,-6.77522964969332,3116.04247592231
-55.2725084851732,-6.57984790564328,3128.32235675033
-55.118146561438,-6.37993522111657,3140.66
-54.9548606346706,-6.16824534312937,3153.48051912725
-54.7877381179151,-5.95135491063213,3166.3623986169
-54.6253917883649,-5.74045069828886,3178.6481624524
-54.4592896685193,-5.52445831752854,3190.99
-54.1032318514681,-5.06077858910384,3216.69183982688
-53.9279209986297,-4.83215752380236,3228.97873402073
-53.7483357303423,-4.59775556820809,3241.32
-53.3724088327619,-4.10644691721206,3266.37483646147
-52.97665812697,-3.58838678033494,3291.65
-52.8317870337449,-3.39854678464304,3300.62894076405
-52.7263845755958,-3.26036583790843,3307.07193322699
-52.5558872241159,-3.03674369745891,3317.33618064189
-52.1908591778839,-2.55758696975788,3338.6688674973
-52.1328455462563,-2.48139018788704,3341.98
-51.879493484001,-2.14850208815298,3356.19208780315
-51.6175266977826,-1.80409832659526,3370.47067351015
-51.412223279925,-1.53406988605831,3381.37088028597
-51.2012874627885,-1.25654197254287,3392.31
-51.200226947265,-1.25514644789602,3392.36434000005
-51.0029057574004,-0.995461819018215,3402.36247766525
-50.3380103689357,-0.120117848967076,3434.44472730291
-50.1596616389858,0.114714856317367,3442.64
-49.6133300196679,0.833998154664806,3466.70910756626
-49.1102363359002,1.49606309736417,3487.5369695979
-48.9738239419205,1.6755009157269,3492.97
-48.817042409378,1.88167984340073,3499.1039710572
-47.9278895306402,3.04958984011667,3531.7293278752
-47.5867736323989,3.49684999477151,3543.3
-46.9170914902588,4.37325191823918,3564.56143118921
-46.1677549509232,5.35074349777075,3586.15679406558
-45.888207194676,5.71441503842356,3593.64
-45.7380072995867,5.90957034700372,3597.53542656682
-44.2899490337866,7.78109634752589,3630.78033222899
-43.6008877379583,8.66443627379857,3643.97
-42.3229279582778,10.288157988167,3664.23116754033
-39.9722677727518,13.2166245215904,3688.25154454241
-38.7905899835951,14.6559066853217,3694.3
-37.4525137666149,16.2559553718738,3696.62003677853
-36.092522490619,17.8474688933301,3694.3
-34.8539446337247,19.2645776373117,3688.25154454241
-32.2793994872456,22.105618145837,3664.23116754033
-30.8145886799982,23.6561538271908,3643.97
-30.004880671098,24.4921306896077,3630.78033222899
-28.2563333268721,26.2453197183611,3597.53542656682
-28.0712462566858,26.4267013028881,3593.64
-27.7248755157687,26.7639703620224,3586.15679406558
-26.7841551923025,27.6656961832331,3564.56143118921
-25.9281096761178,28.4681075578021,3543.3
-25.4864298163934,28.8753538230909,3531.7293278752
-24.3170179432392,29.9314228937003,3499.1039710572
-24.1080756048723,30.1167328414945,3492.97
-23.9256048025177,30.2777291283785,3487.5369695979
-23.2471945135491,30.8694771539762,3466.70910756626
-22.5006956785209,31.5082401532842,3442.64
-22.2547822007009,31.7158366631212,3434.44472730291
-21.3282988885722,32.4854564000837,3402.36247766525
-21.0503874226091,32.7124807747479,3392.36434000005
-21.0488900964017,32.713699161816,3392.31
-20.7502908820735,32.9556523618581,3381.37088028597
-20.4581678234032,33.190399259452,3370.47067351015
-20.0832692978186,33.4888364461827,3356.19208780315
-19.718400104432,33.7762516032103,3341.98
-19.6345320866754,33.8418941284978,3338.6688674973
-19.104094990832,34.2534229142965,3317.33618064189
-18.8547211561302,34.4447320782953,3307.07193322699
-18.7000408435693,34.5627044719786,3300.62894076405
-18.4867955421247,34.7244776302144,3291.65
-17.900458868139,35.1641379821549,3266.37483646147
-17.3383247266282,35.5786097641447,3241.32
-17.068006036916,35.7754853058395,3228.97873402073
-16.8030105258018,35.9669579802708,3216.69183982688
-16.2614227354471,36.3536121502109,3190.99
-16.0072205532977,36.5329444041025,3178.6481624524
-15.7578134028915,36.7075674374596,3166.3623986169
-15.5000849798892,36.8866426044895,3153.48051912725
-15.2473094646849,37.0609260686761,3140.66
-15.0074732646788,37.2250575484587,3128.32235675033
-14.7720082152976,37.3850372008405,3116.04247592231
-14.5281782489743,37.5494938594241,3103.14955388861
-14.2888985921516,37.7096937064921,3090.32
-14.0619596545183,37.8605491740897,3077.98700900047
-13.8390472982205,38.0077069449065,3065.71352997519
-13.6079266824631,38.1592197260617,3052.81908434385
-13.3810203626812,38.3069209789934,3039.99
-13.1658080880538,38.4460542502807,3027.66381416945
-12.9543347584897,38.5818677625183,3015.39890143113
-12.7346627060209,38.7220034838133,3002.49571543133
-12.5189278012824,38.8586962161312,2989.66
-12.3144139596695,38.9874306732564,2977.33921702579
-12.1133970673297,39.11316262725,2965.08152815299
-12.0083578185003,39.1785476451539,2958.61750086836
-11.904257377117,39.2431356324651,2952.17095087527
-11.6988191089937,39.3699782845403,2939.33
-11.5041596606587,39.4894100396481,2927.01472392131
-11.3127899111212,39.6061095243011,2914.76441081194
-11.2126427726025,39.6668992489292,2908.29632769777
-11.1133824872269,39.7269605612731,2901.84628168333
-11.0149965787891,39.7863064441257,2895.41419742546
-10.9661276664755,39.8157150832523,2892.20486752515
-10.9417735647128,39.8303540079648,2890.60187654757
-10.9296165212453,39.8376572057151,2889.80079904268
-10.9235429912679,39.8413047488915,2889.40036472264
-10.9205074729593,39.8431275078579,2889.20017366278
-10.9189900253178,39.8440386343482,2889.1000846569
-10.917472785292,39.8449495922383,2889
-10.7925327676303,39.9198135118369,2879.33733150893
-10.6683584894547,39.9939241950137,2869.68099414036
-10.4222757207039,40.1399292052126,2850.3872878975
-10.2824438168512,40.2223839374793,2839.33
-10.0250180272192,40.3732185730508,2818.79348811137
-9.77086606999575,40.5209180259088,2798.28585062775
-9.66494400322249,40.5821188737884,2789.67
-9.52817647247826,40.6608338291755,2778.48457336147
-9.39234491781051,40.7386673147618,2767.30765889383
-9.25743881277594,40.815633402962,2756.13924688407
-9.1234478220188,40.8917458628906,2744.97932763395
-9.06392365989627,40.9254523285629,2740
-8.79923592920997,41.0745507530915,2717.68249439006
-8.66848594099133,41.1477307514836,2706.54938086619
-8.53878088391036,41.2200191219111,2695.43330787115
-8.48148600268882,41.2518541462452,2690.5
-8.33812339844981,41.3312514151666,2678.09389820886
-8.19601876127509,41.4095863383392,2665.70856565713
-8.05515499985638,41.4868790944799,2653.34395023328
-7.91551537546351,41.5631493512529,2641
-7.82895271901615,41.6102544315346,2633.30425228385
-7.63914827664853,41.713073906922,2616.31173760945
-7.50160512765995,41.7871831770837,2603.89554466347
-7.36524286579622,41.8603258548955,2591.5
-7.24747214955526,41.9232324040051,2580.72498936814
-7.18891351343812,41.954420333549,2575.34325459725
-7.15971533783657,41.9699485784209,2572.65382804564
-7.14513646892883,41.9776963471603,2571.3094747533
-7.13785208089111,41.9815661525933,2570.63738807489
-7.13421114744001,41.9835000367586,2570.30136722411
-7.1305710539739,41.9854332423393,2569.96536136428
-6.97954945117128,42.0654342363014,2555.96968856544
-6.82996625391588,42.1442803277351,2542
-6.56732244717892,42.2817792321106,2517.20988262419
-6.30902809343745,42.4158363981241,2492.5
-6.18136592146629,42.4816698769091,2480.16420665138
-6.05475115385045,42.5466870285297,2467.84827539613
-5.80182361138323,42.6757459464777,2443
-5.67716244879332,42.7389549462191,2430.63099049315
-5.55351060453518,42.8013918378696,2418.28166823218
-5.49706146111044,42.8298093309475,2412.61714179685
-5.4408214222904,42.858068046819,2406.95675270202
-5.38478932955296,42.8861692313662,2401.3004964165
-5.3568509019232,42.9001611359924,2398.47391666304
-5.32896403060115,42.914114119172,2395.64836841572
-5.30778823316162,42.9247005296435,2393.5
-5.09777064147691,43.0292870139697,2372.0612614952
-4.82639353882406,43.1633376115106,2344
-4.59118788169025,43.2785301559477,2319.34536379588
-4.54855781986542,43.2993102794136,2314.84316635167
-4.45254466144358,43.3460022385236,2304.66492071891
-4.35715480913342,43.3922406455118,2294.5
-4.12658694618737,43.5033868178269,2269.71064065429
-3.89961686801759,43.6119495328903,2245
-3.78170485534791,43.6680173537353,2232.04013039989
-3.67595169874203,43.7181117145238,2220.34447117778
-3.56421623397495,43.7708432501302,2207.91232549126
-3.45334884525911,43.8229659741642,2195.5
-3.23925853201533,43.9230580431277,2171.31202186828
-3.02837103954013,44.0209350569154,2147.19913328747
-3.01794897146414,44.0257537362332,2146
-2.82061678675798,44.1166648674619,2123.16098513565
-2.59303953402183,44.2207434050586,2096.5
-2.38559976751827,44.3149006396716,2071.89234040359
-2.28930618719266,44.3583787175275,2060.36870830591
-2.17826603719907,44.4083348623822,2047
-1.97424764080841,44.4996196279689,2022.2100063482
-1.87339114355223,44.5445070829934,2009.84502897631
-1.77329205186811,44.5889014799959,1997.5
-1.72367191354444,44.6108507464289,1991.35328510815
-1.67423782974805,44.6326798803543,1985.21157586195
-1.6249887959822,44.65438979434,1979.07486614926
-1.57592381521171,44.6759813919906,1972.94314986794
-1.57044654393144,44.6783894260688,1972.25753325194
-1.56497156209466,44.6807959920034,1971.5719790383
-1.47105211744616,44.7220071261221,1959.77676083581
-1.37780414301928,44.7627895817753,1948
-1.28013918329367,44.8053609466539,1935.59437804998
-1.18320608013325,44.8474690806146,1923.2092043829
-1.08699697796857,44.8891209576586,1910.84442848281
-0.991504136319534,44.9303234165536,1898.5
-0.897102976873072,44.9709187167932,1886.22570701501
-0.803401675709239,45.011079510513,1873.9718514899
-0.708398637990697,45.0516627009282,1861.47531612652
-0.661165638524025,45.07178889423,1855.23500903794
-0.614110374593551,45.0918059232049,1849
-0.611709152714937,45.0928264945564,1848.68134029567
-0.609308393609254,45.0938467824555,1848.36269448377
-0.519222484400686,45.1320693322741,1836.37139519048
-0.429786110525072,45.1698957155716,1824.39975341869
-0.245357418795294,45.2475200985084,1799.5
-0.156394922793567,45.2847820055163,1787.3853461322
-0.0680807295561721,45.3216557981653,1775.29117016255
0.0238131001688373,45.3599011513434,1762.63439076853
0.115009433107886,45.3977324137384,1750
0.126124737658515,45.4023349915778,1748.45502649824
0.290664825562061,45.470253527975,1725.4548124004
0.467226931174039,45.5426907877608,1700.5
0.550628533425979,45.5767483460404,1688.61198033775
0.633433673333329,45.6104615476483,1676.74440637374
0.722823879554355,45.6467432885928,1663.8601754062
0.811523291197247,45.6826294349943,1651
0.841931853134767,45.6949058043815,1646.57372505332
0.979161108453539,45.7501400264238,1626.48639000535
1.14811351440463,45.8177677381128,1601.5
1.22305134940694,45.8476315281724,1590.32581136295
1.29748399627205,45.8772138461567,1579.170417641
1.38771353941679,45.9129675377359,1565.57126913744
1.47720524447605,45.9483133613095,1552
1.53735535281065,45.9720058525556,1542.83118695309
1.63708191754611,46.011173031081,1527.54507831142
1.79899165739798,46.0744600943515,1502.5
1.86306464881729,46.0994017967651,1492.51001140198
1.92674810030006,46.1241340818837,1482.53582354711
2.02062307594747,46.1604867700285,1467.75058586692
2.11365674110294,46.1963906218589,1453
2.21077821970199,46.2337416633247,1437.49595584382
2.26665136085664,46.2551691528881,1428.52728207025
2.34431190941372,46.2848792190566,1416.00091043435
2.42138020279037,46.3142789638799,1403.5
2.49077300710651,46.3406794368476,1392.1836683677
2.55968315207589,46.3668295772671,1380.88870621486
2.62811531672006,46.3927326556974,1369.61505306817
2.69607412059005,46.4183918881271,1358.36264868231
2.7223302377007,46.4282881834316,1354
2.82977483762532,46.4686856011234,1336.05757999491
2.87684115498723,46.4863312440944,1328.15206802809
2.92367707077786,46.5038599988855,1320.25731532995
2.97028415461484,46.521272933216,1312.37329995064
3.01666396212687,46.5385711023426,1304.5
3.0883813028546,46.5652608007792,1292.27046329956
3.12403492512431,46.5785029077273,1286.16558487831
3.15955280827475,46.5916771641766,1280.0672855322
3.16307418316325,46.5929823612515,1279.46176837359
3.16659422600134,46.5942868937967,1278.85631604003
3.18394960815304,46.6007163252301,1275.86876266185
3.18795294973533,46.6021988041166,1275.17906015915
3.20127263754827,46.6071296335572,1272.88278717215
3.23582197105713,46.6199081031366,1266.91556486065
3.27024289643063,46.6326227470591,1260.95463912357
3.30453607679952,46.6452740050956,1255
3.31681020483315,46.6497981845792,1252.86486936871
3.35373629354224,46.6633964749075,1246.42905929664
3.37214317356832,46.6701679481975,1243.21398312205
3.39051275036124,46.6769210653664,1240.00079064521
3.4088451288989,46.683655895113,1236.78948021112
3.4271404137737,46.6903725058071,1233.58005016674
3.43627417884522,46.6937240003507,1231.97603977464
3.44539870954922,46.6970709656218,1230.37249886094
3.45451401885211,46.7004134100748,1228.76942721957
3.4590682195458,46.7020829396392,1227.96806731163
3.46362011974081,46.7037513421605,1227.16682464455
3.525065865673,46.7262452368225,1216.32268603573
3.58609360460743,46.7485350289732,1205.5
3.65575452138985,46.7739158808817,1193.08182241803
3.72486801146762,46.799031928278,1180.69249676883
3.79344002430587,46.8238869734629,1168.33192261882
3.86147642543513,46.8484847491401,1156
3.99465459344779,46.8964521421476,1131.66158906888
4.06301121066782,46.9209792735523,1119.06540313811
4.13081772060941,46.9452466958088,1106.5
4.19625752796352,46.9686083233191,1094.30565081738
4.2611818412596,46.9917289622741,1082.1409665081
4.32798449051801,47.0154593760988,1069.5546440837
4.39424472712018,47.0389379500037,1057
4.45816557540107,47.06153183805,1044.82116506304
4.521577849406,47.0838919451577,1032.67290433428
4.58699817941073,47.1069038211956,1020.07004160769
4.65188054707409,47.1296700739742,1007.5
4.71438210578305,47.151547907315,995.323620858176
4.77638078620818,47.1731983767365,983.178802118096
4.84037797181871,47.1954931880245,970.572443581608
4.90384265409988,47.2175488414615,958
4.93442770590498,47.2281589004086,951.91554374812
4.96488781700802,47.2387133113705,945.839249902263
5.02543599681891,47.2596567869729,933.711083816563
5.05683656122612,47.2704990972927,927.395103104456
5.0881040906184,47.2812825401032,921.087941193903
5.15024311248548,47.3026745722997,908.5
5.18011410503333,47.3129398806728,902.423247724747
5.20986143082713,47.3231510185685,896.354941210249
5.26898786596554,47.3434123471074,884.243595131338
5.2997353527892,47.3539306802471,877.918955197763
5.33035045087702,47.3643913943974,871.60348931928
5.39118657867664,47.3851416923675,859
5.42045160808638,47.3951062830798,852.91138122816
5.44959379434968,47.4050179047227,846.831503704974
5.50751243716617,47.4246837809347,834.697897215213
5.5375236785375,47.4348566479149,828.384305116467
5.56740436982483,47.4449735789451,822.080138932514
5.62677718410988,47.4650413150613,809.5
5.68368920847847,47.484234195303,797.373209296456
5.71196404643293,47.4937538598255,791.323321138095
5.74011902971849,47.5032228393607,785.282411049003
5.79887641219052,47.5229507233897,772.621532191134
5.82805991906909,47.5327324711459,766.3058592348
5.84260322010681,47.5376029795031,763.151704332378
5.85711434903425,47.5424599797558,760
5.91377489074675,47.5613986216342,747.624980525305
5.9569861959711,47.5758139495841,738.10585056905
5.9995346858036,47.5899845620581,728.662576868828
6.04143399299222,47.6039161043611,719.29425629553
6.08269739730042,47.6176140565813,710
6.10964505231335,47.626547843697,703.893262828064
6.13632404605116,47.6353833415845,697.818265601651
6.13677797732207,47.6355335943164,697.714649662011
6.18889024162588,47.6527652848263,685.762506287605
6.18978014041113,47.6530592394223,685.557420936635
6.21522519334653,47.6614600310351,679.679239165515
6.24042430220233,47.6697714167982,673.830777988988
6.25533447033855,47.6746853723393,670.357470241551
6.2701589943118,47.6795682700708,666.894602614602
6.28489853528345,47.6844203774423,663.442128107172
6.2922366435874,47.6868349680428,661.719773662561
6.29955375115519,47.6892419600183,660
6.34928802428955,47.7055840436025,647.44308825296
6.35200213531763,47.70647495486,646.754516626808
6.39810527842747,47.7215939610478,635.004994961893
6.40343103396748,47.7233387279064,633.641205778202
6.44602811847801,47.7372808590769,622.6840416075
6.45386693116951,47.7398439919282,620.658098913648
6.49307845041669,47.7526535658651,610.478581138349
6.49491477677201,47.7532529729892,610
6.50333544893654,47.7560010669476,607.803266391352
6.53927750796451,47.7677206046692,598.386997236882
6.54153131820365,47.7684549492298,597.794365946859
6.58730165864928,47.7833539782969,585.703166460287
6.63224639620563,47.7979582573077,573.724799718285
6.68326017446033,47.8145034151271,560
6.708371767693,47.8226356209713,553.192741540924
6.7281760706903,47.8290434416887,547.800018114301
6.7392752831621,47.8326324886568,544.768301784382
6.75032323264237,47.8362034039876,541.743844590016
6.76132023687126,47.8397563122889,538.726620490491
6.77226661110936,47.8432913370804,535.716603569497
6.77675373767147,47.8447399709653,534.480806121155
6.7789941164697,47.8454631641001,533.863362308618
6.78011351092275,47.8458244801755,533.554754032585
6.78123237585672,47.8461856094303,533.246221472873
6.78624446849486,47.847803137071,531.863248856533
6.79124594473406,47.8494169205353,530.481796516729
6.79374271121837,47.8502224119137,529.791639667362
6.79623683491947,47.8510269716691,529.101861948018
6.79872831959548,47.8518306012689,528.412463046378
6.79997307348067,47.8522320677211,528.067905554689
6.80059520351386,47.85243271394,527.895662281578
6.80121716901807,47.8526333021842,527.723442650462
6.81301315859227,47.8564366619829,524.453026404614
6.8155520325442,47.8572550356004,523.748093657487
6.84436871821286,47.8665379941229,515.721110339925
6.86480318944838,47.8731143377607,510
6.89595345682159,47.8831291185575,501.231837635871
6.93277291718013,47.8949506881904,490.793867695779
6.96900344045318,47.9065664179987,480.443297181012
7.00465761232829,47.9179811576797,470.179032946135
7.03974768144151,47.9291996124948,460
7.05650999334412,47.9345531111517,455.110153799645
7.07314462228052,47.939862324299,450.239855181777
7.08965287099782,47.9451277490201,445.388987165494
7.10603602554343,47.9503498753243,440.55743370145
7.12229535552315,47.9555291862687,435.745079662605
7.13843211435493,47.9606661580781,430.951810835079
7.15444753951803,47.965761260262,426.177513909115
7.17034285279766,47.97081495573,421.42207647015
7.17989440689342,47.9738502101569,418.556340878194
7.1894027693359,47.9768705985321,415.697432495386
7.19886820192862,47.9798762197188,412.845326953464
7.20358490142151,47.9813735234805,411.421817664446
7.20829096572288,47.9828671721404,410
7.24205752336313,47.9935761041036,399.307878836069
7.27532313518977,48.0041121457695,388.697138499809
7.30809773116705,48.014479074479,378.166853394176
7.3403909946408,48.0246805632538,367.716111905669
7.36408552728558,48.032157378696,360
7.37221240288414,48.0347201947415,357.344016141245
7.39395681726397,48.0415732403746,350.213610508655
7.40357113769612,48.0446014341062,347.049681671167
7.42341735499012,48.05084867564,340.49665633665
7.45247465359671,48.0599865075828,330.84840112145
7.48113611763729,48.0689895075116,321.268118876023
7.51460476656806,48.0794895142286,310
7.54344971268965,48.0885277101013,300.217481876511
7.57189328750407,48.0974299654761,290.505624974055
7.59994295046667,48.1061990449741,280.863666446062
7.62760598741558,48.1148376421781,271.290854387338
7.6599975556606,48.1249407372583,260
7.68784510831324,48.1336160811971,250.221496159884
7.7153003934306,48.1421597699869,240.514923480173
7.74237078823721,48.1505745033234,230.879491175603
7.76906349627843,48.1588629109905,221.314420010072
7.78480080027629,48.1637453838453,215.644922069009
7.80040782178564,48.1685843978654,210
7.81533111031789,48.1732085886176,204.581591531031
7.83021937803554,48.1778191723164,199.16578174378
7.85989131019842,48.1869997417105,188.341950740003
7.87585495634438,48.1919344147718,182.501932901358
7.89177830734975,48.1968534838777,176.664936727765
7.923504692046,48.2066450851672,165
7.93039449291679,48.2087698118082,162.460614540196
7.95733581238079,48.2170725274727,152.509498489537
7.98416167872568,48.2253307365191,142.567164179106
8.00011444585019,48.2302374948512,136.638571687629
8.02245385714262,48.2371033707221,128.316210957766
8.04471333759638,48.2439385450255,120
8.06073221760859,48.2488536427223,114
8.06558942117688,48.250343359801,112.178010498598
8.09591251769561,48.2596369475966,100.775120697231
8.11135714462355,48.264366138925,94.9483509011809
8.12675386076475,48.2690777307881,89.126912393105
8.14210287084494,48.2737718140459,83.3107978594423
8.1574043784679,48.2784484789574,77.5
8.17131224962306,48.2826966974896,72.2074135776759
8.18518096510272,48.2869305826536,66.9192339716901
8.19901067674944,48.2911502015438,61.6354556803995
8.21280153565073,48.2953556208522,56.3560732113143
8.22673802228034,48.2996030699128,51.0103056534594
8.24063491622648,48.3038360723025,45.6690413893526
8.25449237239778,48.3080546961889,40.3322747310044
8.2614063597541,48.310158637456,37.6655762291114
8.26485967662492,48.3112092691041,36.332647874741
8.26658541690294,48.3117342506409,35.6662888829499
8.26831054547235,48.3122590094938,35
8.27235545213809,48.3134892674061,33.125
8.27639812468927,48.3147186448381,31.25
8.28447677481779,48.3171747619037,27.5
8.29254651057738,48.3196273679634,23.75
8.2965780401598,48.3208523566334,21.875
8.29859297117892,48.3214645227744,20.9375
8.2996002283456,48.3217705238459,20.46875
8.30060734665518,48.3220764702702,20
8.30573272974723,48.3236332865441,17.3283812080545
8.31085406479022,48.3251885509015,14.6567624161089
8.317871526611,48.327319114285,10.9925718120812
8.32488139502266,48.329446768415,7.32838120805445
8.33188368230394,48.331571519069,3.66419060402677
8.33538198685051,48.3326328073938,1.83209530201384
8.3371304300195,48.3331631801204,0.916047651006011
8.33800447441149,48.333428298664,0.458023825503005
8.338878400707,48.3336933720094,0
