-73.11,-32.67,11
-73.1064930391488,-32.6669362820177,14.6567624161089
-73.1039284438669,-32.6646956297928,17.3283812080545
-73.1013618016774,-32.662453024494,20
-73.1008579292074,-32.6620127462418,20.46875
-73.1003539865353,-32.6615724002955,20.9375
-73.0993458905258,-32.660691505258,21.875
-73.0973288554318,-32.6589289021668,23.75
-73.0932914096295,-32.6554004404195,27.5
-73.0892494566867,-32.6518676312404,31.25
-73.0872267876628,-32.6500995938549,33.125
-73.0852029890021,-32.6483304665981,35
-73.0843415822863,-32.6475774267571,35.6662888829499
-73.0834798687824,-32.6468241001474,36.332647874741
-73.0817555208077,-32.6453165860152,37.6655762291114
-73.0783031367596,-32.6422981098379,40.3322747310044
-73.0713835823335,-32.6362473316501,45.6690413893526
-73.064444247393,-32.6301780531873,51.0103056534594
-73.0574850534765,-32.6240901954022,56.3560732113143
-73.0505984911749,-32.618064682094,61.6354556803995
-73.0436924395321,-32.6120209241895,66.9192339716901
-73.036766822003,-32.6059588444781,72.2074135776759
-73.0298215616533,-32.5998783653253,77.5
-73.0221802482096,-32.5931871060861,83.3107978594423
-73.0145151027416,-32.5864735090842,89.126912393105
-73.0068260220619,-32.5797374700592,94.9483509011809
-72.9991129024046,-32.5729788841193,100.775120697231
-72.9839690751873,-32.5597048399328,112.178010498598
-72.9735429781899,-32.5505626967987,120
-72.9624257207699,-32.5408115082986,128.316210957766
-72.9512682562024,-32.5310219397541,136.638571687629
-72.9433004375454,-32.5240290598789,142.567164179106
-72.9299015735138,-32.512266087568,152.509498489537
-72.9164446202314,-32.5004475890942,162.460614540196
-72.9130031565645,-32.4974244128189,165
-72.8971554283603,-32.4834990403785,176.664936727765
-72.8892012893668,-32.4765073781942,182.501932901358
-72.8812268702395,-32.4694962972379,188.341950740003
-72.8664042606832,-32.4564600743382,199.16578174378
-72.8589666291208,-32.4499167326197,204.581591531031
-72.8515113680349,-32.4433564885399,210
-72.843714603854,-32.4364942477805,215.644922069009
-72.8358528324799,-32.4295732473362,221.314420010072
-72.8225183266495,-32.4178308556777,230.879491175603
-72.8089953727384,-32.4059179591067,240.514923480173
-72.7952803808142,-32.3938312007018,250.221496159884
-72.7813696744765,-32.3815671395496,260
-72.7651893936611,-32.3672960471277,271.290854387338
-72.751371370196,-32.3551032736069,280.863666446062
-72.7373604607068,-32.3427354046742,290.505624974055
-72.7231530346804,-32.3301890292257,300.217481876511
-72.7087453751737,-32.3174606516649,310
-72.6920285518524,-32.3026857175979,321.268118876023
-72.6777130733332,-32.2900275968875,330.84840112145
-72.6632001372762,-32.277189620917,340.49665633665
-72.6532879044237,-32.2684183308057,347.049681671167
-72.6484860546501,-32.2641683074259,350.213610508655
-72.6376259579123,-32.2545541096976,357.344016141245
-72.6335670819452,-32.2509601173705,360
-72.6217332258839,-32.2404792879917,367.716111905669
-72.6056051336327,-32.2261895336784,378.166853394176
-72.5892369598083,-32.2116803730837,388.697138499809
-72.5726238802597,-32.1969472291754,399.307878836069
-72.55576094808,-32.1819854033391,410
-72.5534126478183,-32.1799012798798,411.421817664446
-72.5510590527175,-32.1778123179689,412.845326953464
-72.5463359144141,-32.1736198185678,415.697432495386
-72.5415914035537,-32.1694077824542,418.556340878194
-72.5368253901407,-32.1651760865121,421.42207647015
-72.5288940912688,-32.1581326974797,426.177513909115
-72.5209029983896,-32.1510346067309,430.951810835079
-72.5128515048918,-32.1438812390318,435.745079662605
-72.5047389963941,-32.1366720114714,440.55743370145
-72.4965648506253,-32.1294063333371,445.388987165494
-72.4883284373007,-32.1220836059872,450.239855181777
-72.4800291179973,-32.1147032227215,455.110153799645
-72.471666246026,-32.107264568649,460
-72.4541599755258,-32.0916872890082,470.179032946135
-72.4363729537831,-32.0758522851985,480.443297181012
-72.4182991015961,-32.0597537620535,490.793867695779
-72.3999321729833,-32.043385758389,501.231837635871
-72.3843938157184,-32.0295318439349,510
-72.3742009862985,-32.0204406664561,515.721110339925
-72.3598274383648,-32.0076161748264,523.748093657487
-72.3585610881598,-32.0064860511174,524.453026404614
-72.3526774798443,-32.0012348362277,527.723442650462
-72.3523672576974,-32.000957933749,527.895662281578
-72.3520569536926,-32.0006809557761,528.067905554689
-72.3514360999942,-32.0001267732373,528.412463046378
-72.3501934090337,-31.9990175010114,529.101861948018
-72.3489494050919,-31.9979070177562,529.791639667362
-72.3477040863043,-31.996795321683,530.481796516729
-72.3472054805538,-31.9963502053665,530.758026231897
-72.3452094967883,-31.9945682839755,531.863248856533
-72.3427096254329,-31.9923363734508,533.246221472873
-72.3421515732413,-31.9918381172659,533.554754032585
-72.3415932576075,-31.9913396180056,533.863362308618
-72.3404758353511,-31.9903418896234,534.480806121155
-72.3382378222211,-31.9883435089349,535.716603569497
-72.3327782194713,-31.9834679561995,538.726620490491
-72.3272934284591,-31.9785691525778,541.743844590016
-72.3217832927958,-31.973646947858,544.768301784382
-72.3162476548667,-31.9687011905963,547.800018114301
-72.3063705886513,-31.9598747094814,553.192741540924
-72.2938468975338,-31.9486795749775,560
-72.2684062520465,-31.9259255731351,573.724799718285
-72.2459933807035,-31.9058660616707,585.703166460287
-72.2231698900103,-31.8854260113064,597.794365946859
-72.2220460505216,-31.884419193718,598.386997236882
-72.204124267618,-31.8683592395641,607.803266391352
-72.1999255670376,-31.864595553676,610
-72.1990099461754,-31.8637747383802,610.478581138349
-72.1794588921089,-31.8462429925094,620.658098913648
-72.1755505183175,-31.842737132343,622.6840416075
-72.1543124862147,-31.823679604276,633.641205778202
-72.1516572403095,-31.8212961702274,635.004994961893
-72.1286723489302,-31.800656745209,646.754516626808
-72.1273192533547,-31.7994413084683,647.44308825296
-72.1025253533684,-31.7771616512735,660
-72.0988844403059,-31.7738886387169,661.719773662561
-72.0952331247426,-31.7706059381427,663.442128107172
-72.0878991274088,-31.7640113186391,666.894602614602
-72.0805230373706,-31.7573774780011,670.357470241551
-72.0731045290169,-31.750704099636,673.830777988988
-72.060567233755,-31.7394229115098,679.679239165515
-72.0479081404774,-31.728028093921,685.557420936635
-72.0474654198691,-31.7276295148691,685.762506287605
-72.0215410164771,-31.7042812622797,697.714649662011
-72.0213152088008,-31.704077818776,697.818265601651
-72.0080440869358,-31.6921188129053,703.893262828064
-71.9946399587249,-31.6800354262143,710
-71.974116222089,-31.6615251303463,719.29425629553
-71.9532777340763,-31.6427200501395,728.662576868828
-71.9321179619802,-31.6236137847084,738.10585056905
-71.9106302007684,-31.6041997554916,747.624980525305
-71.8824570115,-31.5787277705542,760
-71.8752420070426,-31.5722012954716,763.151704332378
-71.8680109387234,-31.5656589659121,766.3058592348
-71.8535004142414,-31.5525265300024,772.621532191134
-71.8242844248444,-31.5260690404897,785.282411049003
-71.8102844922196,-31.5133832767869,791.323321138095
-71.796224696186,-31.5006382672213,797.373209296456
-71.7679241061114,-31.4749689740959,809.5
-71.7383986312109,-31.4481670270576,822.080138932514
-71.7235387940643,-31.4346695433453,828.384305116467
-71.7086137035253,-31.421107148113,834.697897215213
-71.6798088514161,-31.3949162599844,846.831503704974
-71.6653150049124,-31.3817297259899,852.91138122816
-71.6507597385119,-31.368481944307,859
-71.620501185752,-31.3409242687777,871.60348931928
-71.6052733502895,-31.3270468727885,877.918955197763
-71.5899792847253,-31.3131031908314,884.243595131338
-71.5605682025707,-31.2862722450547,896.354941210249
-71.5457705376288,-31.2727644177002,902.423247724747
-71.5309109855194,-31.2591944970075,908.5
-71.499998229296,-31.2309466132686,921.087941193903
-71.4844427015948,-31.2167228796723,927.395103104456
-71.4688205538778,-31.2024320366402,933.711083816563
-71.4386958833031,-31.1748570359976,945.839249902263
-71.4235403719962,-31.1609755170136,951.91554374812
-71.4083222716075,-31.1470307898653,958
-71.3767429677191,-31.1180750775222,970.572443581608
-71.3448967474561,-31.0888489175787,983.178802118096
-71.3140431307195,-31.0605090707039,995.323620858176
-71.2829373489873,-31.0319130626227,1007.5
-71.2506446076191,-31.0021997888464,1020.07004160769
-71.2180819190035,-30.9722112253419,1032.67290433428
-71.1865166000888,-30.9431153928276,1044.82116506304
-71.154695973854,-30.9137585172006,1057
-71.121708436775,-30.883297822942,1069.5546440837
-71.0884484001484,-30.8525574025636,1082.1409665081
-71.0561211637583,-30.8226520714828,1094.30565081738
-71.0235348348729,-30.7924800686072,1106.5
-70.9897673709776,-30.7611858451184,1119.06540313811
-70.9557232051977,-30.7296057150538,1131.66158906888
-70.8893874184756,-30.6679861210499,1156
-70.8554944266674,-30.6364593818638,1168.33192261882
-70.821331664024,-30.6046519963299,1180.69249676883
-70.7868961067167,-30.5725604311282,1193.08182241803
-70.7521846861396,-30.540181094565,1205.5
-70.7217724921174,-30.5117868146271,1216.32268603573
-70.6911494849409,-30.4831718028683,1227.16682464455
-70.6888808322733,-30.4810509545121,1227.96806731163
-70.6866110191021,-30.4789288894687,1228.76942721957
-70.682067907927,-30.4746811053977,1230.37249886094
-70.6775201447015,-30.47042844274,1231.97603977464
-70.6729677227192,-30.4661708935829,1233.58005016674
-70.6638488757657,-30.4576411041946,1236.78948021112
-70.6547113129933,-30.4490916734379,1240.00079064521
-70.6455549802917,-30.4405225374044,1243.21398312205
-70.6363798233439,-30.4319336319135,1246.42905929664
-70.6179728197778,-30.4146962557533,1252.86486936871
-70.6118541766756,-30.4089644859638,1255
-70.5947584972918,-30.3929446626504,1260.95463912357
-70.5775983047927,-30.3768568609204,1266.91556486065
-70.5603732553558,-30.360700672322,1272.88278717215
-70.5517363006414,-30.3525968039224,1275.86876266185
-70.5430830016566,-30.3444756841735,1278.85631604003
-70.541327901334,-30.3428282888633,1279.46176837359
-70.539572128017,-30.3411801829185,1280.0672855322
-70.5218622572678,-30.3245519003969,1286.16558487831
-70.504083795985,-30.3078511356761,1292.27046329956
-70.4683196065898,-30.2742303744109,1304.5
-70.4451888080224,-30.2524684033907,1312.37329995064
-70.4219430586994,-30.2305844700914,1320.25731532995
-70.3985815494853,-30.2085776045935,1328.15206802809
-70.3751034636795,-30.186446826838,1336.05757999491
-70.3215006208948,-30.1358670547517,1354
-70.3084004165148,-30.1234944656338,1358.36264868231
-70.2744906223351,-30.0914476544551,1369.61505306817
-70.2403409836517,-30.0591443629087,1380.88870621486
-70.2059490885794,-30.0265816699537,1392.1836683677
-70.1713124928928,-29.9937566107136,1403.5
-70.132840214243,-29.9572603795617,1416.00091043435
-70.0940673647577,-29.9204405675138,1428.52728207025
-70.0661690306965,-29.8939236254267,1437.49595584382
-70.017668572188,-29.847777091049,1453
-69.9712020233641,-29.803509068779,1467.75058586692
-69.9243077656998,-29.7587773226673,1482.53582354711
-69.8924910354393,-29.7283956257206,1492.51001140198
-69.860476126997,-29.6977984219839,1502.5
-69.7795596266294,-29.6203476344536,1527.54507831142
-69.7297082902445,-29.5725476343038,1542.83118695309
-69.6996360876914,-29.543681958896,1552
-69.6548883278984,-29.5006864505014,1565.57126913744
-69.6097640998529,-29.457277031912,1579.170417641
-69.572534236516,-29.4214225166006,1590.32581136295
-69.5350464066977,-29.3852835094747,1601.5
-69.4505078431011,-29.3036538496174,1626.48639000535
-69.3818221919526,-29.2371960822004,1646.57372505332
-69.3665996775174,-29.2224508716175,1651
-69.3221915491729,-29.1794010505902,1663.8601754062
-69.2774296192152,-29.1359568220475,1676.74440637374
-69.2359579735994,-29.0956599333179,1688.61198033775
-69.1941805779631,-29.0550211309497,1700.5
-69.1057138042643,-28.9688168845324,1725.4548124004
-69.0232414910667,-28.8882720232946,1748.45502649824
-69.0176691502407,-28.8828235863151,1750
-68.9719455184705,-28.8380863934269,1762.63439076853
-68.9258632030806,-28.7929436874903,1775.29117016255
-68.8815674333436,-28.7494994576574,1787.3853461322
-68.8369379691077,-28.7056767478948,1799.5
-68.7443887469922,-28.6146367009191,1824.39975341869
-68.6994946203476,-28.5703950249672,1836.37139519048
-68.6542654279692,-28.5257705454116,1848.36269448377
-68.653059960917,-28.5245804729569,1848.68134029567
-68.6518542550264,-28.523390127191,1849
-68.6282254709171,-28.5000547885755,1855.23500903794
-68.6045049256659,-28.4766143312282,1861.47531612652
-68.55678648065,-28.4294153333751,1873.9718514899
-68.5097118133405,-28.3827955008081,1886.22570701501
-68.4622753770682,-28.3357595164443,1898.5
-68.4142798977303,-28.2881100740055,1910.84442848281
-68.3659136728593,-28.240032384077,1923.2092043829
-68.3171725053059,-28.1915208746579,1935.59437804998
-68.2680521326314,-28.1425698769821,1948
-68.2211427199027,-28.0957640470278,1959.77676083581
-68.1738850395239,-28.0485532532515,1971.5719790383
-68.1711298538452,-28.0457990217292,1972.25753325194
-68.1683734800915,-28.0430434063632,1972.94314986794
-68.1436804871885,-28.0183484546184,1979.07486614926
-68.1188919549807,-27.9935421165386,1985.21157586195
-68.0940073409371,-27.9686236650913,1991.35328510815
-68.0690260982885,-27.9435923669154,1997.5
-68.0186221256589,-27.8930383301543,2009.84502897631
-67.967824367781,-27.8420229487333,2022.2100063482
-67.865029374515,-27.7385836837654,2047
-67.8090599173637,-27.6821486900315,2060.36870830591
-67.7605109552404,-27.6331303906595,2071.89234040359
-67.6558850767011,-27.5272861360892,2096.5
-67.5410397117238,-27.4107779720692,2123.16098513565
-67.4414036158837,-27.3094234235536,2146
-67.4361399563301,-27.3040618532848,2147.19913328747
-67.3296010891302,-27.1953875056916,2171.31202186828
-67.2213848790564,-27.0847023139539,2195.5
-67.1653211164527,-27.0272406219146,2207.91232549126
-67.1088019775658,-26.9692301245412,2220.34447117778
-67.0552936421631,-26.914233949215,2232.04013039989
-66.9956157178913,-26.8528095370415,2245
-66.8806888252279,-26.7342605971216,2269.71064065429
-66.7638694424366,-26.6134106431375,2294.5
-66.7155183284945,-26.563288409481,2304.66492071891
-66.6668388575192,-26.5127649596913,2314.84316635167
-66.6452210603794,-26.4903087120392,2319.34536379588
-66.5259033728265,-26.3661467912731,2344
-66.3881425782986,-26.2223372807387,2372.0612614952
-66.2814609250742,-26.1106361693803,2393.5
-66.2707009964092,-26.0993537345498,2395.64836841572
-66.2565300718599,-26.0844901245599,2398.47391666304
-66.2423318778805,-26.0695927364683,2401.3004964165
-66.2138533668473,-26.0396961776448,2406.95675270202
-66.1852648262125,-26.0096631518528,2412.61714179685
-66.1565656150842,-25.9794927462135,2418.28166823218
-66.0936846562358,-25.9133144014397,2430.63099049315
-66.0302690796688,-25.8464705896757,2443
-65.9015382066641,-25.7104631928223,2467.84827539613
-65.8370628729642,-25.6421836520491,2480.16420665138
-65.7720318205569,-25.5732076766539,2492.5
-65.6403881378802,-25.4332466255299,2517.20988262419
-65.5064334798826,-25.2903733348936,2542
-65.4301000993127,-25.2087525062118,2555.96968856544
-65.3530016444699,-25.126162503021,2569.96536136428
-65.3511429456212,-25.124169539467,2570.30136722411
-65.3492837997466,-25.1221760083645,2570.63738807489
-65.3455641662681,-25.1181872425668,2571.3094747533
-65.3381195278195,-25.1102028899511,2572.65382804564
-65.323208728289,-25.0942068473319,2575.34325459725
-65.2933007442106,-25.0621049842773,2580.72498936814
-65.2331368615653,-24.9974586914639,2591.5
-65.1634518032357,-24.9224664887177,2603.89554466347
-65.0931377472569,-24.8466719480629,2616.31173760945
-64.9960649355269,-24.7418261063517,2633.30425228385
-64.9517775410224,-24.693912777611,2641
-64.8803135790119,-24.6164926865317,2653.34395023328
-64.8081967325934,-24.5382337343657,2665.70856565713
-64.7354178188104,-24.4591224467645,2678.09389820886
-64.6619674680881,-24.3791450535939,2690.5
-64.6326054382563,-24.3471355475719,2695.43330787115
-64.5661193483408,-24.2745738983022,2706.54938086619
-64.499075437506,-24.2012901146243,2717.68249439006
-64.3632852160538,-24.0525133858016,2740
-64.3327351395141,-24.0189774032318,2744.97932763395
-64.2639452893228,-23.943377916259,2756.13924688407
-64.1946569272853,-23.8671099078566,2767.30765889383
-64.124864220647,-23.7901644424424,2778.48457336147
-64.0545612351164,-23.7125324194873,2789.67
-64.0000936514925,-23.6523011574239,2798.28585062775
-63.8693313152877,-23.5073974964121,2818.79348811137
-63.7367822208404,-23.3600761209337,2839.33
-63.6647395365161,-23.2798199081498,2850.3872878975
-63.5378824203434,-23.1381845483006,2869.68099414036
-63.4738347151365,-23.0665229875748,2879.33733150893
-63.4093684072919,-22.9942898035181,2889
-63.4086063738619,-22.993435341525,2889.1000846569
-63.4078442392613,-22.992580751628,2889.20017366278
-63.4063196664691,-22.9908711880116,2889.40036472264
-63.4032693059611,-22.9874505247049,2889.80079904268
-63.3971637207721,-22.9806030475236,2890.60187654757
-63.3849330578016,-22.9668834405961,2892.20486752515
-63.3603934730693,-22.939345212322,2895.41419742546
-63.310998941509,-22.8838694355238,2901.84628168333
-63.2611793923674,-22.8278548812827,2908.29632769777
-63.2109293288658,-22.7712938347287,2914.76441081194
-63.114949422809,-22.6630855790902,2927.01472392131
-63.0173790427986,-22.5528503235,2939.33
-62.9144732786993,-22.4363320995002,2952.17095087527
-62.8623556744488,-22.3772206138085,2958.61750086836
-62.8097872474129,-22.3175299749986,2965.08152815299
-62.709241008996,-22.2031717661673,2977.33921702579
-62.6070239268099,-22.086658504596,2989.66
-62.4992872531297,-21.9635763092785,3002.49571543133
-62.3896817057938,-21.8380675939915,3015.39890143113
-62.2842646399588,-21.7170784077035,3027.66381416945
-62.177087320289,-21.5937914844587,3039.99
-62.0642037622317,-21.4636388794807,3052.81908434385
-61.9493526169742,-21.3309007935566,3065.71352997519
-61.8387102767565,-21.20272553314,3077.98700900047
-61.7262071562236,-21.072092122159,3090.32
-61.6077427647158,-20.9342080040286,3103.14955388861
-61.4871977252077,-20.7935570244255,3116.04247592231
-61.3709618192392,-20.6576052403098,3128.32235675033
-61.252752680077,-20.519015632267,3140.66
-61.1283759578095,-20.3728371180349,3153.48051912725
-61.0017934638849,-20.2236906090326,3166.3623986169
-60.8795320763519,-20.0792770692396,3178.6481624524
-60.7551695085571,-19.9320216771081,3190.99
-60.491097790268,-19.6181417247698,3216.69183982688
-60.3623589544118,-19.4645334604861,3228.97873402073
-60.2313743690394,-19.3078528595637,3241.32
-59.9601531686756,-18.9821727537936,3266.37483646147
-59.6790752141191,-18.6428895399414,3291.65
-59.5773486256879,-18.5196577721819,3300.62894076405
-59.5037341495934,-18.4303361376814,3307.07193322699
-59.3853735702536,-18.28646674089,3317.33618064189
-59.1349978867895,-17.981103998022,3338.6688674973
-59.0955924166074,-17.932918090955,3341.98
-58.9247611083634,-17.723627040902,3356.19208780315
-58.7503016197538,-17.5092327125829,3370.47067351015
-58.6151561923468,-17.3426976446126,3381.37088028597
-58.4777728023232,-17.1730012566725,3392.31
-58.4770858881979,-17.1721517602386,3392.36434000005
-58.349941800485,-17.0147408367013,3402.36247766525
-57.9314526054943,-16.4942101637802,3434.44472730291
-57.8218760072715,-16.3573086403977,3442.64
-57.4934606459752,-15.9455111732414,3466.70910756626
-57.200976763499,-15.5769166741454,3487.5369695979
-57.123359374056,-15.4788125267017,3492.97
-57.0350545693485,-15.367053942987,3499.1039710572
-56.5529259887867,-14.7541642761785,3531.7293278752
-56.3766536396712,-14.5289589278175,3543.3
-56.0451030015168,-14.1037726303089,3564.56143118921
-55.6976573081637,-13.6560069970344,3586.15679406558
-55.5746120437036,-13.4969056711904,3593.64
-55.5100024979173,-13.4132542977613,3597.53542656682
-54.9423489183385,-12.6751294307601,3630.78033222899
-54.7085830850254,-12.3695441548122,3643.97
-54.3392817185393,-11.8849226594138,3664.23116754033
-53.8842723826116,-11.2847948312069,3688.25154454241
-53.7665561733539,-11.1290053670515,3694.3
-53.696182046911,-11.035768209751,3697.88393367011
-53.0053830983265,-10.1166237492758,3731.82301655774
-52.7323327616003,-9.75142710717783,3744.63
-52.2605119449767,-9.11799763917213,3765.97595971175
-51.6038037144974,-8.23162218032018,3794.08314579437
-51.5826060099177,-8.20292416832859,3794.96
-51.4514851038978,-8.02529314783495,3800.34253176438
-50.5622500016161,-6.81564676224451,3835.00544199814
-50.2817207750914,-6.43236244323472,3845.29
-49.5738034036277,-5.46198155246132,3869.90796215946
-49.4774530004154,-5.32958551487639,3873.11357344114
-49.3799845299393,-5.19557978164165,3876.32157748084
-49.1815638262097,-4.92255812137006,3882.74477455844
-48.7697850206879,-4.35507555248274,3895.62
-48.6873400163062,-4.24132165105851,3898.12496232423
-48.5030642691896,-3.98691514560243,3903.63740321895
-48.1056760562611,-3.43763101309425,3915.12230326423
-47.6869742379538,-2.85802501194191,3926.63688105051
-46.9305038109658,-1.80907735055245,3945.95
-46.5321607326026,-1.25605024450215,3955.36729693952
-46.476602484357,-1.17889130760352,3956.64036192071
-46.4205951905184,-1.10110328958661,3957.91377751133
-46.3641291806228,-1.02267299124105,3959.18754385624
-46.3071944290853,-0.943586733484793,3960.46166110037
-46.1918767411855,-0.783389115072918,3963.01094886649
-46.0745540523873,-0.620390370243465,3965.5616419708
-45.9551313056193,-0.454461007809343,3968.11374157569
-45.8335056226027,-0.285460980139712,3970.66724884483
-45.5831893874976,0.0623713474022203,3975.77849103703
-45.3225861943856,0.424491520402234,3980.89537788254
-45.0504738909549,0.802558002510351,3986.01791873711
-44.7653651690468,1.19858632186066,3991.1461229772
-44.4654191132978,1.61506783076868,3996.28
-43.808611400741,2.52623262380759,4006.60462496822
-43.0535542207411,3.57167348731273,4016.9514704491
-41.6760821280576,5.47058523985953,4031.76290879415
-38.7988420564426,9.38255735305539,4046.62
-38.1628690535459,10.2339602051699,4047.10737229161
-37.523476825231,11.0841221933763,4046.62
-34.5428503780257,14.958535905512,4031.76290879415
-33.0629799239803,16.8201740755682,4016.9514704491
-32.2367410382794,17.8396606937066,4006.60462496822
-31.5091891056253,18.7249950654194,3996.28
-31.1741767855197,19.1286597974496,3991.1461229772
-30.8541209848763,19.5119061475341,3986.01791873711
-30.5471791329335,19.8772249324659,3980.89537788254
-30.2518625383673,20.2266312429648,3975.77849103703
-29.9669478692252,20.5617831785279,3970.66724884483
-29.8280657365019,20.7244554560383,3968.11374157569
-29.6914149083017,20.8840653241065,3965.5616419708
-29.5568923969658,21.04075279852,3963.01094886649
-29.4244030419788,21.1946473407493,3960.46166110037
-29.3588929820903,21.2705851236671,3959.18754385624
-29.2938586663076,21.3458689854449,3957.91377751133
-29.2292900575192,21.4205126019522,3956.64036192071
-29.165177474002,21.4945291692824,3955.36729693952
-28.7036983059998,22.0243472560397,3945.95
-27.8185711941992,23.0259102173033,3926.63688105051
-27.3236924185862,23.5774026816529,3915.12230326423
-26.8507114704997,24.0987465088692,3903.63740321895
-26.6302895603014,24.3397778258017,3898.12496232423
-26.531448105979,24.4474613345468,3895.62
-26.0356920723241,24.983821913509,3882.74477455844
-25.7955635296266,25.2413670270586,3876.32157748084
-25.677310725781,25.3676554350766,3873.11357344114
-25.5602221657953,25.4923480565859,3869.90796215946
-24.6940597319949,26.4038401768829,3845.29
-24.3479532210662,26.7626651040722,3835.00544199814
-23.2400443977428,27.8905112482399,3800.34253176438
-23.0752866991359,28.0555268800694,3794.96
-23.0486174353919,28.0821719688209,3794.08314579437
-22.2177550890069,28.9030831378182,3765.97595971175
-21.61525124202,29.4872328266923,3744.63
-21.2644475665812,29.8230450793263,3731.82301655774
-20.3699819059631,30.6649915693083,3697.88393367011
-20.278300142085,30.7501330157496,3694.3
-20.1247111420229,30.8922845413617,3688.25154454241
-19.5283244920833,31.4385626066841,3664.23116754033
-19.0411051884134,31.8781450515143,3643.97
-18.7312317953792,32.1546001242963,3630.78033222899
-17.9740462800743,32.8199727333375,3597.53542656682
-17.8874415132367,32.8951617711335,3593.64
-17.7222689880273,33.0380439176898,3586.15679406558
-17.2541811166384,33.4392790142404,3564.56143118921
-16.8051909587236,33.8190514136114,3543.3
-16.5655623226724,34.0197079514782,3531.7293278752
-15.906901877833,34.5640140976356,3499.1039710572
-15.7857510668414,34.6629820537909,3492.97
-15.6791321811745,34.7497848606878,3487.5369695979
-15.2762656335661,35.075298035461,3466.70910756626
-14.821848138821,35.437787038368,3442.64
-14.6697479110766,35.5580160513534,3434.44472730291
-14.0866430989432,36.0138527369735,3402.36247766525
-13.9087945327398,36.1512877980162,3392.36434000005
-13.9078328082597,36.1520289652219,3392.31
-13.7152990504695,36.299971464201,3381.37088028597
-13.5255371548615,36.444936069372,3370.47067351015
-13.2800402924044,36.6312339701031,3356.19208780315
-13.0390690390361,36.81273827119,3341.98
-12.983403250337,36.854476019165,3338.6688674973
-12.6290035085135,37.1185295238997,3317.33618064189
-12.4610424752984,37.2426667098869,3307.07193322699
-12.3564418381431,37.3196497266367,3300.62894076405
-12.2117233718051,37.4257474049265,3291.65
-11.8108184411912,37.7171831337929,3266.37483646147
-11.4225366032026,37.9959896754583,3241.32
-11.2345165543991,38.1297849418561,3228.97873402073
-11.0494033018434,38.2607426066668,3216.69183982688
-10.6687174318269,38.5276715288444,3190.99
-10.4889833688321,38.6525873835449,3178.6481624524
-10.3120048172486,38.7748961566971,3166.3623986169
-10.1284787071126,38.9010074867863,3153.48051912725
-9.94786192422817,39.0244043038253,3140.66
-9.77593741492188,39.1412059189969,3128.32235675033
-9.60663282523043,39.2556040882801,3116.04247592231
-9.43079100163627,39.3737668696007,3103.14955388861
-9.2577267417166,39.4894164046932,3090.32
-9.09313596794757,39.5988105617511,3077.98700900047
-8.93104486573422,39.7059804137672,3065.71352997519
-8.76255534106143,39.8167907896978,3052.81908434385
-8.59672252524562,39.9252689283492,3039.99
-8.43906263400714,40.0278646637575,3027.66381416945
-8.28379355147982,40.128395678315,3015.39890143113
-8.12214736276825,40.2325210005239,3002.49571543133
-7.96305178050106,40.3344727244901,2989.66
-7.81191943731328,40.4308356804454,2977.33921702579
-7.66308011084659,40.5252756583688,2965.08152815299
-7.5851929117036,40.5745140555114,2958.61750086836
-7.50792651495958,40.6232368859714,2952.17095087527
-7.35522723764824,40.7191666145189,2939.33
-7.21027713296701,40.809787400011,2927.01472392131
-7.06753113136519,40.8986121638888,2914.76441081194
-6.99273425148762,40.9449899153289,2908.29632769777
-6.91853589512641,40.9908845942343,2901.84628168333
-6.8449290601218,41.0363034080188,2895.41419742546
-6.80834529176803,41.0588365876242,2892.20486752515
-6.79010794873375,41.070059501357,2890.60187654757
-6.78100286646587,41.0756600863572,2889.80079904268
-6.7764537169118,41.0784576667573,2889.40036472264
-6.77417998931458,41.0798557796639,2889.20017366278
-6.77304333722158,41.0805546668852,2889.1000846569
-6.77190682623181,41.0812534413199,2889
-6.67572518138027,41.140295708508,2879.33733150893
-6.5800989702136,41.1988126574505,2869.68099414036
-6.3904929099419,41.314297147276,2850.3872878975
-6.28269557093606,41.3796336583429,2839.33
-6.08413816004163,41.499375063427,2818.79348811137
-5.88797399808495,41.6169058778814,2798.28585062775
-5.80618147163314,41.6656870395245,2789.67
-5.70053790242291,41.7284981164739,2778.48457336147
-5.59558177367906,41.7906834508907,2767.30765889383
-5.49130618599595,41.8522519049546,2756.13924688407
-5.38770434286513,41.9132121749142,2744.97932763395
-5.3416696425292,41.9402322614391,2740
-5.13687221996902,42.0599388645056,2717.68249439006
-5.0356490854992,42.1188047899823,2706.54938086619
-4.93519788595407,42.1770260961967,2695.43330787115
-4.89081375534175,42.2026890702586,2690.5
-4.77972561138277,42.2667542483397,2678.09389820886
-4.66956957916663,42.3300479108917,2665.70856565713
-4.5603341190495,42.3925831892613,2653.34395023328
-4.45200789407339,42.4543729216381,2641
-4.38483668915782,42.4925753653408,2633.30425228385
-4.23749954071165,42.5760705209106,2616.31173760945
-4.13068659500657,42.6363436121265,2603.89554466347
-4.02475472164548,42.6959066218222,2591.5
-3.93323713849888,42.7471945330364,2580.72498936814
-3.88772256784672,42.7726429684537,2575.34325459725
-3.86502596658012,42.7853187157807,2572.65382804564
-3.85369279088464,42.7916445226044,2571.3094747533
-3.84802997853146,42.7948044156227,2570.63738807489
-3.84519951551232,42.7963836103212,2570.30136722411
-3.84236968099277,42.7979623041122,2569.96536136428
-3.7249429203562,42.8633394258385,2555.96968856544
-3.60859362602959,42.9278622912666,2542
-3.40420669594549,43.0405966072225,2517.20988262419
-3.20308744261523,43.1507719040592,2492.5
-3.10364215238992,43.204972960309,2480.16420665138
-3.00498580771864,43.2585640520064,2467.84827539613
-2.80782927882193,43.3651261520463,2443
-2.71061804921253,43.4174065627544,2430.63099049315
-2.61416953706323,43.4691064824109,2418.28166823218
-2.57013118313527,43.4926563497356,2412.61714179685
-2.52625101504458,43.5160865757978,2406.95675270202
-2.48252820845636,43.5393980166218,2401.3004964165
-2.46072555865207,43.5510094584733,2398.47391666304
-2.43896194279077,43.5625915214068,2395.64836841572
-2.4224350190236,43.5713810144774,2393.5
-2.25848708914194,43.6583057461599,2372.0612614952
-2.04654149136341,43.7699608471513,2344
-1.86275833069841,43.8661274526115,2319.34536379588
-1.82943983965504,43.8834970912111,2314.84316635167
-1.75438907017211,43.9225501580143,2304.66492071891
-1.679812566083,43.9612571267854,2294.5
-1.49950023267165,44.054435592225,2269.71064065429
-1.32192992749194,44.1456351319637,2245
-1.22965376694216,44.1928085218246,2232.04013039989
-1.14687712552049,44.2349983046865,2220.34447117778
-1.05940181792585,44.2794524034938,2207.91232549126
-0.97258989219543,44.32343707597,2195.5
-0.804906638661947,44.408024444682,2171.31202186828
-0.639674527729156,44.4908974340128,2147.19913328747
-0.63150728974253,44.4949814847977,2146
-0.476842500652594,44.5721044970179,2123.16098513565
-0.298412279832874,44.6605661066707,2096.5
-0.135715526791543,44.7407513757691,2071.89234040359
-0.0601739890520605,44.7778282833366,2060.36870830591
0.0269498951664957,44.8204691842638,2047
0.187064126152563,44.8984971469716,2022.2100063482
0.266234651686062,44.936918489163,2009.84502897631
0.344822334245634,44.9749521731258,1997.5
0.383783357023077,44.9937692919099,1991.35328510815
0.422601133770343,45.0124917805652,1985.21157586195
0.461276412197023,45.0311203052311,1979.07486614926
0.49980993478836,45.0496555259824,1972.94314986794
0.504111719559276,45.0517232021509,1972.25753325194
0.508411740676252,45.0537897198286,1971.5719790383
0.582180916815133,45.0891935873047,1959.77676083581
0.655432648591116,45.1242588108885,1948
0.732164760403805,45.1608937529203,1935.59437804998
0.808332515976559,45.1971619648001,1923.2092043829
0.883941786589659,45.2330685720781,1910.84442848281
0.958998362184659,45.26861860793,1898.5
1.0332068657239,45.3036749666783,1886.22570701501
1.10687501743864,45.3383857589002,1873.9718514899
1.18157651489433,45.3734917404452,1861.47531612652
1.21871982417906,45.3909129283435,1855.23500903794
1.25572579939418,45.4082470650465,1849
1.25761427286804,45.4091310478881,1848.68134029567
1.25950238871059,45.4100148045551,1848.36269448377
1.33035647236143,45.4431365086365,1836.37139519048
1.40070844566122,45.4759417706632,1824.39975341869
1.54581016223207,45.5433464257019,1799.5
1.61581571506265,45.5757430937612,1787.3853461322
1.68531956599388,45.6078283997438,1775.29117016255
1.75764951506105,45.6411346975348,1762.63439076853
1.82943939419634,45.6741081156948,1750
1.83818998391044,45.6781215739707,1748.45502649824
1.96774060754893,45.7373946291364,1725.4548124004
2.10678877509355,45.8007108245276,1700.5
2.17248161363214,45.8305158085273,1688.61198033775
2.23771193054741,45.8600421862609,1676.74440637374
2.30813780311522,45.8918435345985,1663.8601754062
2.37802773875477,45.9233241935502,1651
2.40198980473109,45.9340994547752,1646.57372505332
2.51013912350348,45.9826177582631,1626.48639000535
2.64331634163543,46.0421076776276,1601.5
2.70239585975037,46.0684079328348,1590.32581136295
2.76108292367526,46.0944785833691,1579.170417641
2.83223294756013,46.1260124162518,1565.57126913744
2.90280952458724,46.1572129087631,1552
2.95025089330697,46.1781415347306,1542.83118695309
3.02891521871754,46.2127658033705,1527.54507831142
3.15665176599428,46.2687817228789,1502.5
3.20720885601547,46.2908815506109,1492.51001140198
3.25746284204028,46.3128091583042,1482.53582354711
3.33154934370482,46.3450636166359,1467.75058586692
3.40498094169715,46.3769482823018,1453
3.48164870472668,46.4101483404836,1437.49595584382
3.52575947831717,46.4292084877898,1428.52728207025
3.58707641071702,46.4556530974335,1416.00091043435
3.6479319429471,46.4818409779735,1403.5
3.70273199278614,46.5053738656478,1392.1836683677
3.75715590432218,46.5286992004039,1380.88870621486
3.81120725727085,46.5518195258255,1369.61505306817
3.8648895871175,46.574737345493,1358.36264868231
3.88563123470391,46.5835803700483,1354
3.97051727018128,46.6197017417305,1336.05757999491
4.007705615625,46.6354914918255,1328.15206802809
4.04471423980232,46.6511838370664,1320.25731532995
4.08154434565458,46.6667796127578,1312.37329995064
4.11819712568305,46.6822796450056,1304.5
4.17487800686952,46.7062088026263,1292.27046329956
4.2030584284317,46.7180875255807,1286.16558487831
4.23113290678481,46.7299095168908,1280.0672855322
4.23391638790746,46.7310809674603,1279.46176837359
4.23669882927267,46.7322518621344,1278.85631604003
4.2504176993926,46.7380232473641,1275.86876266185
4.26411131460812,46.7437811417998,1272.88278717215
4.29142303589573,46.7552566329259,1266.91556486065
4.31863450724816,46.7666786850962,1260.95463912357
4.34574623769892,46.7780476442703,1255
4.35545030323577,46.7821141988539,1252.86486936871
4.38464546732439,46.7943399833912,1246.42905929664
4.39919919122232,46.8004296637082,1243.21398312205
4.41372378360398,46.8065039417368,1240.00079064521
4.42821932508751,46.8125628716567,1236.78948021112
4.44268589600236,46.8186065074025,1233.58005016674
4.44990834265472,46.8216226068041,1231.97603977464
4.45712357665803,46.8246349027773,1230.37249886094
4.46433160797284,46.8276434019956,1228.76942721957
4.4679329257465,46.82914622991,1227.96806731163
4.47153244657517,46.8306481111315,1227.16682464455
4.5201242705281,46.8509035458616,1216.32268603573
4.56838953009573,46.8709873996445,1205.5
4.62348744834797,46.8938712837711,1193.08182241803
4.67815757286695,46.9165321001696,1180.69249676883
4.73240447863293,46.938972862804,1168.33192261882
4.78623267755928,46.9611965334655,1156
4.89161353888504,47.0045780621916,1131.66158906888
4.94571011151065,47.0267828427922,1119.06540313811
4.99937637572806,47.0487676078043,1106.5
5.05117427541826,47.0699460542055,1094.30565081738
5.1025688244264,47.0909198999875,1082.1409665081
5.15545513698601,47.112461314424,1069.5546440837
5.20791689391979,47.1337885554894,1057
5.25853105487865,47.154325811287,1044.82116506304
5.30874703338948,47.1746638118286,1032.67290433428
5.36055789618786,47.1956084609747,1020.07004160769
5.41194742864207,47.216343412177,1007.5
5.46145573801455,47.2362822774337,995.323620858176
5.51057008389115,47.2560266082881,983.178802118096
5.56127217532172,47.2763717933375,970.572443581608
5.61155695924573,47.2965120145715,958
5.63579195636561,47.3062053659916,951.91554374812
5.65992902183662,47.3158509389739,945.839249902263
5.70791150629327,47.3350000447527,933.711083816563
5.73279710002386,47.3449181719727,927.395103104456
5.75757838440208,47.3547856742056,921.087941193903
5.80683039779906,47.3743702243715,908.5
5.83050803056143,47.3837727087258,902.423247724747
5.85408867285339,47.3931285016141,896.354941210249
5.900961139674,47.4117012870286,884.243595131338
5.92533781303943,47.4213475976638,877.918955197763
5.94961062274024,47.4309441641949,871.60348931928
5.99784704903111,47.4499894740128,859
6.0210525730342,47.4591396545184,852.91138122816
6.04416169505828,47.4682440075439,846.831503704974
6.09009290119459,47.486316491339,834.697897215213
6.11389426470006,47.495669478201,828.384305116467
6.13759314641493,47.5049739931469,822.080138932514
6.18468585231265,47.5234389861087,809.5
6.22983067140729,47.5411099335874,797.373209296456
6.2522608134682,47.54987870794,791.323321138095
6.27459682996378,47.5586034261654,785.282411049003
6.3212135207376,47.576789152087,772.621532191134
6.34436854995324,47.5858104940207,766.3058592348
6.35590800204072,47.5903034355562,763.151704332378
6.36742217954874,47.5947846142693,760
6.41238624040783,47.6122657055783,747.624980525305
6.44668410476473,47.6255803432625,738.10585056905
6.48046152943083,47.6386763311181,728.662576868828
6.5137290633223,47.6515585270741,719.29425629553
6.54649698738213,47.6642316525433,710
6.56789937317021,47.6725007549673,703.893262828064
6.589090577264,47.6806817633513,697.818265601651
6.58945115508556,47.6808209109183,697.714649662011
6.63085044237805,47.6967845220652,685.762506287605
6.63155747225623,47.697056939412,685.557420936635
6.651774741125,47.704843575341,679.679239165515
6.67179854128162,47.7125499056814,673.830777988988
6.68364741910972,47.7171073341861,670.357470241551
6.69542890712178,47.721636843161,666.894602614602
6.70714351863168,47.7261386646182,663.442128107172
6.71297590599291,47.7283792648338,661.719773662561
6.71879176449254,47.7306130290655,660
6.75839893071873,47.7458125071758,647.44308825296
6.76056055747004,47.7466413964633,646.754516626808
6.79728170981014,47.7607121201382,635.004994961893
6.80152400920929,47.7623364294689,633.641205778202
6.83545776570348,47.7753198539546,622.6840416075
6.84170281564386,47.7777074823735,620.658098913648
6.8729442237338,47.7896434262379,610.478581138349
6.87440739121483,47.7902020949201,610
6.88111700836194,47.7927635785168,607.803266391352
6.9097576908496,47.8036902972972,598.386997236882
6.91155375994052,47.8043751258867,597.794365946859
6.94803097079522,47.8182736645972,585.703166460287
6.98385514698144,47.8319049045107,573.724799718285
7.02452269925352,47.8473568949545,560
7.04454365379782,47.8549553770742,553.192741540924
7.06033428590266,47.8609443148875,547.800018114301
7.06918447094668,47.8642993868274,544.768301784382
7.07799407433777,47.8676379677876,541.743844590016
7.08676334519399,47.8709601676284,538.726620490491
7.09549253071351,47.8742660952818,535.716603569497
7.09907087257969,47.8756209761497,534.480806121155
7.10085752205755,47.8762973937436,533.863362308618
7.10175021735391,47.8766353472363,533.554754032585
7.10264249337084,47.8769731306798,533.246221472873
7.10663959000821,47.8784861480742,531.863248856533
7.10983103816045,47.8796940410351,530.758026231897
7.11062828017847,47.8799957570145,530.481796516729
7.11261948030042,47.880749286592,529.791639667362
7.1146085876816,47.8815019679584,529.101861948018
7.11659560526978,47.8822538024093,528.412463046378
7.11758833131832,47.8826294024483,528.067905554689
7.11808449881605,47.8828171232415,527.895662281578
7.11858053602336,47.8830047912437,527.723442650462
7.12798838705397,47.8865634442186,524.453026404614
7.13001330081016,47.8873292321024,523.748093657487
7.15299752493671,47.8960173922454,515.721110339925
7.16929728648751,47.9021742442092,510
7.19414652783237,47.9115532065882,501.231837635871
7.22352118762942,47.9226289240231,490.793867695779
7.25242913764913,47.9335167299698,480.443297181012
7.2808802632086,47.9442209234977,470.179032946135
7.30888418787426,47.9547456796251,460
7.32226251865252,47.9597697622412,455.110153799645
7.33553959893341,47.9647533197716,450.239855181777
7.34871645295216,47.969696794202,445.388987165494
7.36179409195735,47.9746006214205,440.55743370145
7.37477351440917,47.9794652313198,435.745079662605
7.38765570617413,47.9842910478968,430.951810835079
7.40044164071622,47.9890784893508,426.177513909115
7.41313227928468,47.9938279681796,421.42207647015
7.42075841726664,47.9966809619674,418.556340878194
7.42835028269424,47.9995203194883,415.697432495386
7.43590808161018,48.0023461289293,412.845326953464
7.4396742705768,48.0037539806629,411.421817664446
7.44343201947646,48.0051584781192,410
7.4704170315439,48.0152385597659,399.307878836069
7.49700385240139,48.0251598687558,388.697138499809
7.52320031958386,48.0349257791945,378.166853394176
7.54901407770443,48.0445395747161,367.716111905669
7.56795567428064,48.051588018082,360
7.57445261022964,48.0540044611114,357.344016141245
7.59183655007023,48.0604672546726,350.213610508655
7.59952316914192,48.063323540924,347.049681671167
7.61539071605081,48.0692171710482,340.49665633665
7.63862410839027,48.077840298107,330.84840112145
7.66154257837691,48.086339122787,321.268118876023
7.68830697932633,48.0962548084905,310
7.71137557774689,48.1047932191284,300.217481876511
7.73412472647914,48.1132060944638,290.505624974055
7.75656032506778,48.1214959226628,280.863666446062
7.77868813683385,48.1296651296973,271.290854387338
7.80460016272885,48.139222703615,260
7.82687872950338,48.1474325878876,250.221496159884
7.8488449038656,48.155520567757,240.514923480173
7.87050452590658,48.1634890818849,230.879491175603
7.89186329925208,48.1713405074398,221.314420010072
7.90445648429603,48.1759667470131,215.644922069009
7.91694587378943,48.1805526735381,210
7.92888853129804,48.1849358154794,204.581591531031
7.94080325022856,48.1893067242036,199.16578174378
7.96454923780439,48.1980120338188,188.341950740003
7.97732484059065,48.2026923398753,182.501932901358
7.99006829605629,48.2073586071087,176.664936727765
8.01545921718942,48.2166492616292,165
8.02097324187585,48.2186656842871,162.460614540196
8.04253501909423,48.2265465511808,152.509498489537
8.06400468418106,48.2343873358098,142.567164179106
8.07677236973505,48.2390470980627,136.638571687629
8.09465173255224,48.2455686437144,128.316210957766
8.11246732177574,48.2520625177299,120
8.12917590873546,48.258148885078,112.178010498598
8.15344602528883,48.2669827684967,100.775120697231
8.16580784910184,48.2714791126415,94.9483509011809
8.17813145570402,48.2759594501291,89.126912393105
8.19041700782593,48.2804238602766,83.3107978594423
8.20266466730951,48.2848724218955,77.5
8.21379694162469,48.2889140561751,72.2074135776759
8.22489798062151,48.292942643702,66.9192339716901
8.23596790500424,48.2969582431009,61.6354556803995
8.24700683487914,48.3009609126573,56.3560732113143
8.25816243941743,48.3050041773619,51.0103056534594
8.26928645830618,48.3090342822629,45.6690413893526
8.28037901469563,48.3130512869743,40.3322747310044
8.28591353295863,48.3150548953618,37.6655762291114
8.2886778587656,48.3160554792853,36.332647874741
8.29005928916827,48.3165554665811,35.6662888829499
8.29144023155217,48.3170552509188,35
8.29468464811738,48.3182293517263,33.125
8.29792727465909,48.3194026595951,31.25
8.30440716358358,48.3217468996622,27.5
8.31087991013227,48.3240879774014,23.75
8.31411360869816,48.3252573323564,21.875
8.31572978994747,48.3258417141973,20.9375
8.31653771364405,48.3261338312513,20.46875
8.31734552608586,48.3264258990773,20
8.32146040778699,48.3279135113455,17.3283812080545
8.32557204134507,48.3293997160827,14.6567624161089
8.33119455686817,48.3314316718461,11
8.33120597202209,48.331435796796,10.9925718120812
8.3368338097896,48.3334692385789,7.32838120805445
8.34245556451164,48.335500046473,3.66419060402677
8.34526416380727,48.3365144642839,1.83209530201384
8.3466678944764,48.3370214269299,0.916047651006011
8.34736961763339,48.3372748467223,0.458023825503005
8.34807124603097,48.3375282255074,0
