125.36,12.38,33
125.359878316932,12.3801594337969,33.125
125.358052467994,12.382551700841,35
125.357273628739,12.3835721359438,35.6662888829499
125.356494491099,12.3845929517864,36.332647874741
125.354935320025,12.3866357264791,37.6655762291114
125.351813390206,12.3907258534355,40.3322747310044
125.345555143826,12.3989244620664,45.6690413893526
125.33927764569,12.4071476292601,51.0103056534594
125.332980812406,12.4153954577744,56.3560732113143
125.326748346341,12.4235583178839,61.6354556803995
125.320496891244,12.4317453907577,66.9192339716901
125.314226365633,12.4399567767335,72.2074135776759
125.307936687569,12.448192576689,77.5
125.301015075571,12.457255068541,83.3107978594423
125.294070208706,12.4663471946055,89.126912393105
125.287101976887,12.4754690903119,94.9483509011809
125.280110269347,12.4846208918938,100.775120697231
125.266377923153,12.5025934494566,112.178010498598
125.256919791375,12.5149701620465,120
125.246831271937,12.5281701145906,128.316210957766
125.236702761186,12.5414206545336,136.638571687629
125.229467593082,12.5508849360406,142.567164179106
125.21729672728,12.5668035674755,152.509498489537
125.205067987323,12.5827953556637,162.460614540196
125.201939802619,12.5868857415465,165
125.187530376738,12.6057252223616,176.664936727765
125.18029545428,12.615183124563,182.501932901358
125.173040284399,12.6246665981274,188.341950740003
125.159549798749,12.6422980696353,199.16578174378
125.152778244072,12.6511470210087,204.581591531031
125.145989060837,12.6600182215118,210
125.138886987316,12.6692974209415,215.644922069009
125.13172372786,12.6786556875689,221.314420010072
125.119569452774,12.6945323332417,230.879491175603
125.107237582326,12.7106383743873,240.514923480173
125.094724587192,12.7269783038811,250.221496159884
125.082026848581,12.7435567264589,260
125.067249591946,12.7628467156457,271.290854387338
125.054623069564,12.779326190564,280.863666446062
125.041813994351,12.7960411139001,290.505624974055
125.028818773896,12.8129960482239,300.217481876511
125.015633725543,12.8301956685639,310
125.000327024319,12.8501591671469,321.268118876023
124.987211888105,12.8672611261416,330.84840112145
124.973909043173,12.8846048069075,340.49665633665
124.964819349385,12.8964537943137,347.049681671167
124.960414815485,12.9021948648693,350.213610508655
124.950450531644,12.9151815227137,357.344016141245
124.946725469705,12.9200360297202,360
124.935861791073,12.9341922147565,367.716111905669
124.921048552361,12.9534916588626,378.166853394176
124.906006088663,12.973085833093,388.697138499809
124.890729561882,12.9929808522819,399.307878836069
124.87521400328,13.0131829929085,410
124.873050773491,13.0159993066805,411.421817664446
124.870882477958,13.0188221333473,412.845326953464
124.866530625805,13.0244874061219,415.697432495386
124.862158316735,13.0301789757994,418.556340878194
124.857765420186,13.035897007505,421.42207647015
124.85045332317,13.0454140782654,426.177513909115
124.843083931,13.0550047728714,430.951810835079
124.835656633305,13.0646698627744,435.745079662605
124.828170811419,13.0744101296952,440.55743370145
124.820625838246,13.0842263657911,445.388987165494
124.813021078118,13.0941193738257,450.239855181777
124.805355886656,13.1040899673424,455.110153799645
124.797629610615,13.1141389708408,460
124.781448177969,13.1351815721843,470.179032946135
124.764996454404,13.1565709305595,480.443297181012
124.748268276039,13.1783148154831,490.793867695779
124.73125729894,13.2004212185337,501.231837635871
124.716856969359,13.2191309833533,510
124.707406123164,13.2314080875538,515.721110339925
124.694072773896,13.2487260556919,523.748093657487
124.6928977246,13.2502521125356,524.453026404614
124.687437580664,13.2573429741985,527.723442650462
124.687149652957,13.2577168792284,527.895662281578
124.686861645931,13.2580908857888,528.067905554689
124.686285393806,13.2588392036489,528.412463046378
124.685131936432,13.2603370593668,529.101861948018
124.683977206628,13.2618365437568,529.791639667362
124.682821202486,13.2633376592161,530.481796516729
124.680505363605,13.2663447928655,531.863248856533
124.678184404386,13.2693584796685,533.246221472873
124.677666261513,13.2700312575354,533.554754032585
124.677147863202,13.2707043622954,533.863362308618
124.676110299593,13.2720515533465,534.480806121155
124.67403209964,13.2747498675723,535.716603569497
124.668961628064,13.2813329953013,538.726620490491
124.66386671901,13.2879473901588,541.743844590016
124.658747212134,13.2945932534563,544.768301784382
124.653602945752,13.3012707881528,547.800018114301
124.644421537829,13.3131875784007,553.192741540924
124.632775015949,13.3283017427552,560
124.609099373361,13.3590191234973,573.724799718285
124.5882226597,13.3860967914466,585.703166460287
124.566945341787,13.4136860258285,597.794365946859
124.565897163185,13.4150449369276,598.386997236882
124.549175927718,13.4367205167536,607.803266391352
124.545256853109,13.4418000502457,610
124.544402128353,13.4429078269199,610.478581138349
124.52614431162,13.4665679626375,620.658098913648
124.522492843368,13.4712991473511,622.6840416075
124.502641380349,13.4970163657582,633.641205778202
124.500158363611,13.5002325705203,635.004994961893
124.478653902049,13.5280822437144,646.754516626808
124.477387372765,13.5297222211606,647.44308825296
124.454168166896,13.5597826952665,660
124.450749952092,13.5642072243019,661.719773662561
124.447321475057,13.5686448244387,663.442128107172
124.440433567447,13.5775594460817,666.894602614602
124.433504103668,13.5865269848316,670.357470241551
124.42653274124,13.5955478677411,673.830777988988
124.414746448605,13.6107972254167,679.679239165515
124.402839686263,13.6261998910019,685.557420936635
124.402423167938,13.6267386552527,685.762506287605
124.378020275165,13.6582981670616,697.714649662011
124.377807609324,13.6585731536874,697.818265601651
124.365305489303,13.6747375187545,703.893262828064
124.352671340535,13.6910696971363,710
124.333313429127,13.7160880479782,719.29425629553
124.313642358435,13.7415041243066,728.662576868828
124.29365117055,13.767326564661,738.10585056905
124.273332708239,13.7935642482389,747.624980525305
124.246665984669,13.827988099905,760
124.239832032975,13.8368078903067,763.151704332378
124.232981124809,13.8456487032474,766.3058592348
124.219228202207,13.8633936749721,772.621532191134
124.191516254338,13.8991389717514,785.282411049003
124.178226915741,13.9162757033063,791.323321138095
124.164874140212,13.9334909550072,797.373209296456
124.137976568689,13.9681590214472,809.5
124.109886145021,14.0043502521184,822.080138932514
124.095737456365,14.0225736459903,828.384305116467
124.081519145521,14.0408829693061,834.697897215213
124.054057087925,14.0762360046548,846.831503704974
124.040228288804,14.0940330726672,852.91138122816
124.026333726789,14.1119111855782,859
123.997425712194,14.1490955422477,871.60348931928
123.982865790122,14.1678180461045,877.918955197763
123.968234607393,14.186628188128,884.243595131338
123.940075885079,14.2228183198328,896.354941210249
123.925897163569,14.2410354551225,902.423247724747
123.911651613418,14.2593346504706,908.5
123.881991993998,14.2974218222989,921.087941193903
123.867054681784,14.3165971836724,927.395103104456
123.85204504588,14.3358611500728,933.711083816563
123.823077830176,14.3730268038313,945.839249902263
123.808492818307,14.391733728897,951.91554374812
123.793839606283,14.4105240723681,958
123.763407021488,14.449535869036,970.572443581608
123.732682314237,14.4889042970417,983.178802118096
123.702881740183,14.5270714451104,995.323620858176
123.67280412853,14.5655762386955,1007.5
123.641543157619,14.6055776280051,1020.07004160769
123.60998403287,14.6459415549531,1032.67290433428
123.579356138688,14.6850961735299,1044.82116506304
123.548445147926,14.7245944182153,1057
123.516363037213,14.7655696625357,1069.5546440837
123.483977107032,14.806912794885,1082.1409665081
123.452462021012,14.8471247520609,1094.30565081738
123.420656892569,14.8876872756081,1106.5
123.387659180705,14.9297499908977,1119.06540313811
123.354350012049,14.9721882343774,1131.66158906888
123.289327489825,15.0549691547052,1156
123.256044622649,15.0973099437573,1168.33192261882
123.222455067032,15.1400188499004,1180.69249676883
123.18855472531,15.1831004264397,1193.08182241803
123.15433942614,15.2265593012635,1205.5
123.124326025015,15.2646620687551,1216.32268603573
123.094070641318,15.3030540059381,1227.16682464455
123.091827866148,15.3058992069237,1227.96806731163
123.089583756154,15.3087460015043,1228.76942721957
123.085091527107,15.3144443764968,1230.37249886094
123.080593944934,15.320149141105,1231.97603977464
123.076091000392,15.3258603055123,1233.58005016674
123.067068987291,15.3373018743412,1236.78948021112
123.05802541325,15.3487691651021,1240.00079064521
123.048960203545,15.3602622600368,1243.21398312205
123.0398732831,15.3717812417355,1246.42905929664
123.021634009379,15.394897195719,1252.86486936871
123.015568372986,15.4025831498967,1255
122.998613526753,15.4240632703178,1260.95463912357
122.98158392275,15.4456323348346,1266.91556486065
122.964479081518,15.4672908685044,1272.88278717215
122.955898295418,15.4781538521846,1275.86876266185
122.947298518333,15.4890394019157,1278.85631604003
122.945553937239,15.4912475025687,1279.46176837359
122.943808573658,15.4934565327263,1280.0672855322
122.926197349514,15.5157428782258,1286.16558487831
122.908506277487,15.538124018776,1292.27046329956
122.872882486509,15.5831729781934,1304.5
122.849817261946,15.6123271027085,1312.37329995064
122.82661741142,15.6416406043708,1320.25731532995
122.803281788021,15.6711147285779,1328.15206802809
122.779809231643,15.7007507336554,1336.05757999491
122.726141822602,15.7684683862757,1354
122.713009473708,15.7850299396612,1358.36264868231
122.678986561575,15.8279208781492,1369.61505306817
122.644679289239,15.8711465030259,1380.88870621486
122.610084172356,15.9147105602309,1392.1836683677
122.575197668693,15.9586168515708,1403.5
122.536394452641,16.0074233176643,1416.00091043435
122.497231112845,16.0566515097065,1428.52728207025
122.469016320445,16.0920979280334,1437.49595584382
122.419894775508,16.1537706102792,1453
122.372748440935,16.2129166708854,1467.75058586692
122.325083748527,16.2726663821739,1482.53582354711
122.292695844093,16.3132391737103,1492.51001140198
122.260066538944,16.3540923837641,1502.5
122.177419165853,16.4574712391968,1527.54507831142
122.126373893663,16.5212497233568,1542.83118695309
122.095534206302,16.5597559612014,1552
122.049578390448,16.6170991389591,1565.57126913744
122.003155710151,16.6749798576112,1579.170417641
121.964793668383,16.7227762020051,1590.32581136295
121.926109994305,16.7709418643683,1601.5
121.838668236341,16.8797004432329,1626.48639000535
121.767412024933,16.968207817318,1646.57372505332
121.751593975582,16.9878407792596,1651
121.705394782846,17.0451515173488,1663.8601754062
121.658746292654,17.1029733849283,1676.74440637374
121.615453699564,17.156593890607,1688.61198033775
121.571770607107,17.2106573271631,1700.5
121.479030981977,17.3252985254908,1725.4548124004
121.392283085635,17.4323650338587,1748.45502649824
121.386411634716,17.4396058489879,1750
121.338184612631,17.499052297105,1762.63439076853
121.289490530652,17.5590232247218,1775.29117016255
121.242599932591,17.6167242453631,1787.3853461322
121.195272165605,17.6749146067364,1799.5
121.096857581218,17.7957603357626,1824.39975341869
121.048986420649,17.8544657535902,1836.37139519048
121.000670398433,17.913665620527,1848.36269448377
120.999381453927,17.9152442134933,1848.68134029567
120.998092191318,17.9168231594237,1849
120.972813238319,17.9477746166576,1855.23500903794
120.947411832066,17.9788618062346,1861.47531612652
120.896238093196,18.0414468565066,1873.9718514899
120.845657636744,18.1032493796106,1886.22570701501
120.794590478109,18.1655890310759,1898.5
120.742820973567,18.228726909327,1910.84442848281
120.690548876877,18.292417192169,1923.2092043829
120.637766802466,18.3566669807049,1935.59437804998
120.584467214459,18.4214835000939,1948
120.533466099971,18.483445292313,1959.77676083581
120.481986521261,18.5459291451359,1971.5719790383
120.478982093137,18.5495739594655,1972.25753325194
120.475976027118,18.5532205575262,1972.94314986794
120.449030876124,18.5858980931145,1979.07486614926
120.421953760988,18.618719191081,1985.21157586195
120.394743702685,18.6516847785535,1991.35328510815
120.367399712136,18.6847957907964,1997.5
120.312142007956,18.751656107206,2009.84502897631
120.25633515491,18.819110702219,2022.2100063482
120.143040705716,18.9558339179473,2047
120.081148897222,19.0304012164321,2060.36870830591
120.027344581338,19.0951536277383,2071.89234040359
119.911017358458,19.2349245262031,2096.5
119.782731762769,19.3887032920479,2123.16098513565
119.670925002991,19.5224188697562,2146
119.665005102041,19.5294907289912,2147.19913328747
119.544895231535,19.6727973230928,2171.31202186828
119.422327702316,19.8186903370039,2195.5
119.358602392523,19.8944045309703,2207.91232549126
119.294201855536,19.9708244655748,2220.34447117778
119.233085346573,20.0432575491281,2232.04013039989
119.164752866622,20.1241388634889,2245
119.032652860939,20.2801864607908,2269.71064065429
118.897687938381,20.4391925338201,2294.5
118.841621121761,20.5051195473699,2304.66492071891
118.785051239322,20.5715624134674,2314.84316635167
118.759889926811,20.6010906014043,2319.34536379588
118.620574203233,20.764312204727,2344
118.458789076702,20.9532765871675,2372.0612614952
118.332805951236,21.0999894070692,2393.5
118.320065202253,21.1148053020379,2395.64836841572
118.303275950354,21.1343231270942,2398.47391666304
118.286443466628,21.1538843907454,2401.3004964165
118.252648114677,21.1931378116577,2406.95675270202
118.218677752967,21.2325667337556,2412.61714179685
118.184530974293,21.2721723346468,2418.28166823218
118.109556257467,21.3590338647922,2430.63099049315
118.033723260123,21.4467512918911,2443
117.879097246669,21.6251775725127,2467.84827539613
117.801302424692,21.7147267232067,2480.16420665138
117.722598479193,21.8051721623446,2492.5
117.562536231055,21.9886462617706,2517.20988262419
117.398635051428,22.1758699088379,2542
117.304766784408,22.2827977719886,2555.96968856544
117.209607648313,22.3909744258429,2569.96536136428
117.207309173608,22.3935845617633,2570.30136722411
117.20500993986,22.3961954291237,2570.63738807489
117.200409193669,22.4014193593997,2571.3094747533
117.191198575534,22.4118760108416,2572.65382804564
117.172740748199,22.4328245467959,2575.34325459725
117.135678021031,22.4748631095389,2580.72498936814
117.060958548319,22.5595107067246,2591.5
116.974140821129,22.6576904157005,2603.89554466347
116.886239585404,22.7569049621211,2616.31173760945
116.764387406196,22.8941225468823,2633.30425228385
116.708601136956,22.9568200770217,2641
116.61832396025,23.0581171882534,2653.34395023328
116.52689658222,23.1604975759905,2665.70856565713
116.43429578836,23.2639789588628,2678.09389820886
116.340497696298,23.368579465834,2690.5
116.302904531823,23.4104402075038,2695.43330787115
116.217573922022,23.5053259493437,2706.54938086619
116.131235803557,23.6011458645972,2717.68249439006
115.955461122811,23.7956447693167,2740
115.915747424323,23.8394811083657,2744.97932763395
115.826100453869,23.938287927416,2756.13924688407
115.735489259273,24.0379512102281,2767.30765889383
115.643896951123,24.1384826035814,2778.48457336147
115.551306215181,24.2398939813356,2789.67
115.479342604671,24.3185631251564,2798.28585062775
115.305754855411,24.5077847974441,2818.79348811137
115.128596662175,24.7001086992176,2839.33
115.031795746292,24.8048586840568,2850.3872878975
114.860454873514,24.9896838744601,2869.68099414036
114.773513617765,25.0831806530839,2879.33733150893
114.685706843595,25.1774121295072,2889
114.684636512191,25.1785595593176,2889.1000846569
114.683565984404,25.1797071703457,2889.20017366278
114.681424339455,25.1820029362315,2889.40036472264
114.677138690474,25.1865966445635,2889.80079904268
114.668557943454,25.1957927774178,2890.60187654757
114.651358551098,25.2142199876873,2892.20486752515
114.616807351339,25.2512148283117,2895.41419742546
114.547088634332,25.3257713804141,2901.84628168333
114.476535158656,25.4010938961534,2908.29632769777
114.40513100524,25.4771947278928,2914.76441081194
114.268065571583,25.6229094302118,2927.01472392131
114.127800342596,25.7715266812697,2939.33
113.978834628793,25.9288090589322,2952.17095087527
113.902980489419,26.0086788645824,2958.61750086836
113.826188145864,26.089385761221,2965.08152815299
113.678510635662,26.2441646106723,2977.33921702579
113.527286680293,26.4020782934268,2989.66
113.366683701559,26.5691404251322,3002.49571543133
113.201993670346,26.7397630138259,3015.39890143113
113.042333670645,26.9045060346109,3027.66381416945
112.878711256239,27.0726545740788,3039.99
112.704936505009,27.250478831969,3052.81908434385
112.526584671607,27.4321751730847,3065.71352997519
112.353258434201,27.6079636519975,3077.98700900047
112.175462602972,27.7874779794236,3090.32
111.986514627999,27.9773560940297,3103.14955388861
111.792383515368,28.1714810975842,3116.04247592231
111.603365874856,28.3595562641516,3128.32235675033
111.409253405434,28.5517393128125,3140.66
111.202909419386,28.7549642625833,3153.48051912725
110.990634018147,28.9628828825852,3166.3623986169
110.783367291227,29.1647727729841,3178.6481624524
110.570217371707,29.3712368789401,3190.99
110.109556870196,29.8134471424917,3216.69183982688
109.880841247442,30.0309728377133,3228.97873402073
109.645231474773,30.2536495334042,3241.32
109.147656106394,30.7192331413655,3266.37483646147
108.617337471797,31.2084840855168,3291.65
108.421508861713,31.3873351709305,3300.62894076405
108.278453527367,31.5173717700028,3307.07193322699
108.046009974095,31.7275539171756,3317.33618064189
107.543982652376,32.1768343295019,3338.6688674973
107.46363990649,32.2481450350188,3341.98
107.11096367157,32.559252560666,3356.19208780315
106.743159917532,32.8803808549595,3370.47067351015
106.452648894263,33.1316359171039,3381.37088028597
106.152065024224,33.3893918846855,3392.31
106.150548351673,33.3906867712622,3392.36434000005
105.867399487333,33.6314323863205,3402.36247766525
104.899026871215,34.4398682571404,3434.44472730291
104.635430767131,34.6559607036879,3442.64
103.817470373603,35.3158160913069,3466.70910756626
103.049743735133,35.9205744685934,3487.5369695979
102.839090060439,36.08406970711,3492.97
102.595637081641,36.2717209478839,3499.1039710572
101.186553166564,37.3307460635064,3531.7293278752
100.632410186425,37.734746267447,3543.3
99.5206649809447,38.5244579070534,3564.56143118921
98.235353733617,39.4035450884271,3586.15679406558
97.7433665153575,39.7306127746791,3593.64
97.4759660393979,39.906221607967,3597.53542656682
94.7665227409013,41.602183524447,3630.78033222899
93.3659399680881,42.4213643432756,3643.97
90.4149059565588,44.0262615316507,3664.23116754033
84.1056838773647,46.9532906344483,3679.9945723645
77.1180102936665,49.4955318573847,3664.23116754033
73.3166249184016,50.6104460057512,3643.97
71.3757550641989,51.1137204346797,3630.78033222899
67.3505451628816,52.0248404666072,3597.53542656682
66.933104483814,52.1095127239615,3593.64
66.1553038648784,52.2625175506631,3586.15679406558
64.0627881059923,52.6439717276032,3564.56143118921
62.1810207281951,52.9504211014405,3543.3
61.2178481422037,53.094215290453,3531.7293278752
58.6924997396444,53.4303132062219,3499.1039710572
58.2450834556251,53.483789645104,3492.97
57.8553076697849,53.5289083141286,3487.5369695979
56.4141078869915,53.6839643552073,3466.70910756626
54.8431380772545,53.8321310056162,3442.64
54.3291487580292,53.8759412323609,3434.44472730291
52.4090216274214,54.0194899734793,3402.36247766525
51.8382380177576,54.0560910758259,3392.36434000005
51.8351694038961,54.0562803749077,3392.31
51.2246638566944,54.0923560266681,3381.37088028597
50.6302095984366,54.1244585452778,3370.47067351015
49.8714618976749,54.1611142236218,3356.19208780315
49.1375803380053,54.1919769858834,3341.98
48.9695387496885,54.1984101773522,3338.6688674973
47.9124363771305,54.2334792712574,3317.33618064189
47.4189161999193,54.2466671073946,3307.07193322699
47.11392541617,54.2538055240844,3300.62894076405
46.6948882863285,54.262354388294,3291.65
45.5513782322499,54.2782789666704,3266.37483646147
44.4672412907478,54.2833807380674,3241.32
43.9502254323249,54.2823894303314,3228.97873402073
43.4461539343321,54.2792937537255,3216.69183982688
42.4245631443198,54.2665688360584,3190.99
41.9490966600553,54.2576976771495,3178.6481624524
41.4851286206583,54.2472331518721,3166.3623986169
41.0083306581781,54.234616575415,3153.48051912725
40.5433282591658,54.220491079392,3140.66
40.1045536566497,54.2055108651793,3128.32235675033
39.6760853798292,54.1893325194552,3116.04247592231
39.2348186649276,54.1710671868349,3103.14955388861
38.8041938724705,54.1516703761056,3090.32
38.3979906279215,54.1319474605445,3077.98700900047
38.0010992182837,54.1113365351951,3065.71352997519
37.5918024092368,54.088690907869,3052.81908434385
37.1921630532811,54.0652140636624,3039.99
36.8151341716601,54.041825505599,3027.66381416945
36.4465702230831,54.0177954909495,3015.39890143113
36.0657306937601,53.9917503750535,3002.49571543133
35.693717044612,53.9651135529265,2989.66
35.3428858944728,53.938908107234,2977.33921702579
34.9997941559433,53.9122589819417,2965.08152815299
34.8212021205845,53.897986313207,2958.61750086836
34.6446717104207,53.8836081901075,2952.17095087527
34.2976555990322,53.8545595996985,2939.33
33.970512888287,53.8262196757112,2927.01472392131
33.6504799639551,53.7975961805606,2914.76441081194
33.4836260089096,53.782319191491,2908.29632769777
33.3186732546738,53.7669774855346,2901.84628168333
33.1555896986027,53.7515758539999,2895.41419742546
33.0747390303801,53.743854008972,2892.20486752515
33.0344847918763,53.7399880761133,2890.60187654757
33.0144002385616,53.7380538874091,2889.80079904268
33.0043685775329,53.7370864912427,2889.40036472264
32.9993553977024,53.7366027181732,2889.20017366278
32.9968494700558,53.73636081295,2889.1000846569
32.9943439837688,53.7361188952902,2889
32.7887396819006,53.7160790307554,2879.33733150893
32.5850446396901,53.6958590067663,2869.68099414036
32.1832834022102,53.6549061451945,2850.3872878975
31.9561224382252,53.6311196697772,2839.33
31.5400718737751,53.5863674153309,2818.79348811137
31.1320380779574,53.5409804810459,2798.28585062775
30.9627821253059,53.5217169519677,2789.67
30.7449320791332,53.4965447759539,2778.48457336147
30.529347441511,53.4712145270987,2767.30765889383
30.3159950366562,53.4457343188691,2756.13924688407
30.104842299527,53.4201119971487,2744.97932763395
30.0112801713822,53.4086296744611,2740
29.5970256476343,53.3568357732105,2717.68249439006
29.3934707553849,53.3308129099897,2706.54938086619
29.1922457762467,53.30471576983,2695.43330787115
29.1035810276364,53.2930990358097,2690.5
28.8823225466958,53.2637953848197,2678.09389820886
28.6638470319198,53.2344184326891,2665.70856565713
28.448104817194,53.204976870168,2653.34395023328
28.2350473732222,53.1754790184574,2641
28.1033772608126,53.1570387260697,2633.30425228385
27.8157476217716,53.1161953952351,2616.31173760945
27.6082410532687,53.086250161937,2603.89554466347
27.4032828698443,53.0562769631985,2591.5
27.2268818876774,53.0301641973516,2580.72498936814
27.1393820479683,53.0171028922991,2575.34325459725
27.0958057493164,53.0105712435091,2572.65382804564
27.0740608143411,53.0073051988106,2571.3094747533
27.0631991266811,53.0056721249488,2570.63738807489
27.0577709748447,53.0048555755831,2570.30136722411
27.0523446165447,53.0040390180963,2569.96536136428
26.8276903638317,52.9699889105745,2555.96968856544
26.6060918885092,52.9359337705109,2542
26.2191999939956,52.87535719435,2517.20988262419
25.8414378938893,52.8148299442055,2492.5
25.6557220064751,52.7845710198753,2480.16420665138
25.4721768817424,52.7543391026104,2467.84827539613
25.1074477242261,52.6932965796595,2443
24.9286226142635,52.6628955570636,2430.63099049315
24.7518565574665,52.6325380832469,2418.28166823218
24.6713618500709,52.6186128567678,2412.61714179685
24.5912910220501,52.6046980047238,2406.95675270202
24.5116408858092,52.5907938847051,2401.3004964165
24.4719725872165,52.5838459584936,2398.47391666304
24.4324082802211,52.5769008459727,2395.64836841572
24.4023857999508,52.571620434482,2393.5
24.1055865134898,52.5189410089856,2372.0612614952
23.7246417891235,52.4500496941034,2344
23.3968031218254,52.3896066250856,2319.34536379588
23.3376144255349,52.3785796778494,2314.84316635167
23.2045658098939,52.3536643701239,2304.66492071891
23.0727349479984,52.3288018295432,2294.5
22.7555376006827,52.2682628919971,2269.71064065429
22.4452880528412,52.20806518049,2245
22.2848908509222,52.1765596294966,2232.04013039989
22.1414848658198,52.148169282179,2220.34447117778
21.990429053053,52.1180369598418,2207.91232549126
21.8410151537163,52.0880019035519,2195.5
21.5538050602815,52.0296216885468,2171.31202186828
21.2725784225774,51.9716312413317,2147.19913328747
21.2587234367814,51.9687530560365,2146
20.997157974419,51.9140413013141,2123.16098513565
20.6973017988992,51.8504406099318,2096.5
20.4256484074115,51.792006339138,2071.89234040359
20.3000853512219,51.7647338286706,2060.36870830591
20.1557156006595,51.733170152478,2047
19.8916338090999,51.6748607038681,2022.2100063482
19.7616445500316,51.6458859011016,2009.84502897631
19.6329961327998,51.6170319904373,1997.5
19.5693581553856,51.6026933528912,1991.35328510815
19.5060471782748,51.5883852387151,1985.21157586195
19.4430607952199,51.5741077153958,1979.07486614926
19.380396622972,51.5598608472007,1972.94314986794
19.3734066044131,51.5582690246194,1972.25753325194
19.3664205851089,51.5566775865034,1971.5719790383
19.2467479324013,51.5293339900318,1959.77676083581
19.1282435716924,51.5021048146795,1948
19.0044590044217,51.4734999340145,1935.59437804998
18.8819380714399,51.4450232042659,1923.2092043829
18.7606623389968,51.4166749541958,1910.84442848281
18.6406137221315,51.3884554681909,1898.5
18.5222541061664,51.3604786709763,1886.22570701501
18.4050823588459,51.3326313423351,1873.9718514899
18.2865976102889,51.3043185095657,1861.47531612652
18.2278078072756,51.2902128468571,1855.23500903794
18.1693167940109,51.2761410372833,1849
18.1663340819448,51.2754224421246,1848.68134029567
18.1633521459579,51.274703935713,1848.36269448377
18.0516034935001,51.2477069011138,1836.37139519048
17.9409400330179,51.2208357891349,1824.39975341869
17.7136143090304,51.1652103169221,1799.5
17.6043797839287,51.1382764067678,1787.3853461322
17.4962107030635,51.1114738200511,1775.29117016255
17.3839413603369,51.0835166707,1762.63439076853
17.2728098452106,51.0557035192436,1750
17.2592841926622,51.0523089428769,1748.45502649824
17.059555735943,51.0019424590101,1725.4548124004
16.8462556878369,50.9476556749219,1700.5
16.7458664290935,50.9219270907296,1688.61198033775
16.646426602926,50.8963288002177,1676.74440637374
16.5393370046807,50.8686351820258,1663.8601754062
16.4333391561525,50.8410948438802,1651
16.3970606539462,50.8316394284542,1646.57372505332
16.2337240024507,50.7888813021432,1626.48639000535
16.0334864483023,50.7360444992778,1601.5
15.9449739310558,50.7125411483088,1590.32581136295
15.8572409666164,50.6891553181487,1579.170417641
15.7511320589463,50.6607519843079,1565.57126913744
15.6461538812261,50.6325225521289,1552
15.57574164994,50.6135162539115,1542.83118695309
15.4592601970086,50.5819475053122,1527.54507831142
15.270834721776,50.5305443470253,1502.5
15.1965023375509,50.510151598517,1492.51001140198
15.1227527765279,50.4898545070709,1482.53582354711
15.0142768524893,50.459883659626,1467.75058586692
14.9070513535673,50.4301217017174,1453
14.7954090250859,50.398989136842,1437.49595584382
14.7313181175137,50.3810499397643,1428.52728207025
14.6423998159346,50.3560806270224,1416.00091043435
14.5543482934167,50.3312619293375,1403.5
14.4752264978132,50.3088813035731,1392.1836683677
14.3968050467392,50.2866249374298,1380.88870621486
14.3190751273272,50.2644921597987,1369.61505306817
14.2420280711471,50.2424822971071,1358.36264868231
14.2122993495869,50.2339706939739,1354
14.0908682996165,50.1990934501037,1336.05757999491
14.0377883689379,50.1837920982796,1328.15206802809
13.9850365594692,50.1685516376658,1320.25731532995
13.932609987662,50.1533718196874,1312.37329995064
13.8805058030094,50.1382523955837,1304.5
13.8000676253229,50.1148465126288,1292.27046329956
13.7601375287568,50.1031985052441,1286.16558487831
13.7203983518468,50.0915869617972,1280.0672855322
13.7164605757515,50.0904353225321,1279.46176837359
13.712524670095,50.0892840418838,1278.85631604003
13.6931244642875,50.0836065894674,1275.86876266185
13.6737696472344,50.0779378572528,1272.88278717215
13.6351955783105,50.0666264972564,1266.91556486065
13.596801260136,50.0553498473525,1260.95463912357
13.5585855024538,50.0441077937849,1255
13.5449161559479,50.0400823111075,1252.86486936871
13.5038203783224,50.0279662857826,1246.42905929664
13.4833505428159,50.0219235873582,1243.21398312205
13.4629324942163,50.0158910738472,1240.00079064521
13.4425660463437,50.0098687265889,1236.78948021112
13.4222510138919,50.0038565269317,1233.58005016674
13.4121127205808,50.0008542265689,1231.97603977464
13.401987212029,49.9978544561164,1230.37249886094
13.3918744653167,49.9948572132456,1228.76942721957
13.386822870478,49.9933595389184,1227.96806731163
13.3817744575286,49.9918624956136,1227.16682464455
13.3136879213081,49.971641770665,1216.32268603573
13.246177921258,49.9515361022584,1205.5
13.1692554881444,49.9285589672928,1193.08182241803
13.0930823128925,49.9057338504391,1180.69249676883
13.0176480680428,49.8830596277081,1168.33192261882
12.9429426113625,49.8605351790382,1156
12.7971111727118,49.8163664065181,1131.66158906888
12.7224655065511,49.7936559346706,1119.06540313811
12.6485578387571,49.7711017088538,1106.5
12.577359155481,49.7493098125249,1094.30565081738
12.506846559434,49.7276655513033,1082.1409665081
12.4344238307479,49.7053702575009,1069.5546440837
12.3627189572177,49.6832312487073,1057
12.2936679169631,49.6618506614803,1044.82116506304
12.2252845758333,49.6406177810293,1032.67290433428
12.154858954405,49.618689270688,1020.07004160769
12.0851357282465,49.5969178857603,1007.5
12.01808675448,49.5759236632018,995.323620858176
11.9516892615399,49.5550774138568,983.178802118096
11.8832682056021,49.5335374343344,970.572443581608
11.8155332945517,49.5121549738069,958
11.7829317862336,49.5018426029608,951.91554374812
11.750490216882,49.4915674093849,945.839249902263
11.6860825052132,49.471127909619,933.711083816563
11.6527217943189,49.4605202605632,927.395103104456
11.619530492445,49.4499523928788,921.087941193903
11.5536513052292,49.4289352811043,908.5
11.5220216169864,49.4188249110283,902.423247724747
11.4905481639016,49.4087517780374,896.354941210249
11.4280656527308,49.3887165562567,884.243595131338
11.3956121898777,49.3782905015885,877.918955197763
11.3633251250675,49.3679044946115,871.60348931928
11.2992454267703,49.3472518726662,859
11.2684573974966,49.337310242734,852.91138122816
11.2378226524748,49.3274060014925,846.831503704974
11.1770087589763,49.3077089946211,834.697897215213
11.1455344802974,49.297496066551,828.384305116467
11.1142222865379,49.2873230455532,822.080138932514
11.0520795010513,49.2670959564898,809.5
10.9926050775588,49.2476906226536,797.373209296456
10.9630908982675,49.2380437201775,791.323321138095
10.9337240243935,49.2284337583164,785.282411049003
10.8725087569505,49.2083658136591,772.621532191134
10.8421402215519,49.1983921632908,766.3058592348
10.8270152202504,49.1934203303923,763.151704332378
10.8119295385627,49.1884584590726,760
10.7530818099774,49.1690743872758,747.624980525305
10.7082626249545,49.1542809682018,738.10585056905
10.6641816772795,49.1397056650097,728.662576868828
10.6208224302592,49.1253442429287,719.29425629553
10.5781688186869,49.1111925681288,710
10.550338715396,49.1019462284605,703.893262828064
10.5228058524245,49.0927886675322,697.818265601651
10.5223375631142,49.0926328264194,697.714649662011
10.4686147738736,49.0747354447536,685.762506287605
10.4676980233605,49.0744297071922,685.557420936635
10.4414944259802,49.0656861096815,679.679239165515
10.4155616753517,49.0570240154664,673.830777988988
10.4002256422847,49.0518972963163,670.357470241551
10.384983758901,49.046798989143,666.894602614602
10.3698352375702,49.0417288857082,663.442128107172
10.3622957422018,49.0392043452846,661.719773662561
10.3547792957971,49.0366867785611,660
10.3037344117913,49.0195700852097,647.44308825296
10.3009507249351,49.018635655527,646.754516626808
10.2536964802533,49.0027577473528,635.004994961893
10.2482414904044,49.0009229203571,633.641205778202
10.2046385810762,48.9862426457967,622.6840416075
10.1966200605035,48.9835402305658,620.658098913648
10.1565347068972,48.9700178656546,610.478581138349
10.1546584827874,48.9693844214949,610
10.1460560289545,48.9664794957325,607.803266391352
10.1093597248491,48.9540766892801,598.386997236882
10.1070597868055,48.9532987512119,597.794365946859
10.0603824857057,48.9374953494693,585.703166460287
10.0146023575949,48.9219676689736,573.724799718285
9.96270654616126,48.9043320648198,560
9.93718656665767,48.895646571363,553.192741540924
9.91707217713426,48.8887947245112,547.800018114301
9.90580379754961,48.8849538682336,544.768301784382
9.89459075550019,48.8811301981663,541.743844590016
9.88343268146144,48.877323612518,538.726620490491
9.87232920905024,48.8735340102424,535.716603569497
9.86777861589745,48.8719804241759,534.480806121155
9.86550675140798,48.8712046997407,533.863362308618
9.86437167582076,48.8708171042959,533.554754032585
9.86323717082159,48.870429686557,533.246221472873
9.858155429468,48.8686941320788,531.863248856533
9.85308512485028,48.8669621409945,530.481796516729
9.85055425029353,48.8660974786693,529.791639667362
9.84802622179768,48.86523370356,529.101861948018
9.84550103500598,48.8643708144599,528.412463046378
9.84423950588096,48.8639397017838,528.067905554689
9.84360900714979,48.8637242283487,527.895662281578
9.84297868554987,48.8635088101576,527.723442650462
9.83102618343169,48.8594229315071,524.453026404614
9.82845411143667,48.8585434380461,523.748093657487
9.79927274191112,48.8485589975935,515.721110339925
9.7785931565956,48.8414765813376,510
9.74709075374695,48.8306765668193,501.231837635871
9.70988854110638,48.8179054214618,490.793867695779
9.67331673482416,48.8053326680264,480.443297181012
9.63736088915402,48.7929542383379,470.179032946135
9.60200697745189,48.7807661671201,460
9.58513019060116,48.774942083496,455.110153799645
9.56838934143305,48.769161140959,450.239855181777
9.55178294552512,48.7634229163798,445.388987165494
9.53530953903413,48.7577269917651,440.55743370145
9.51896767834829,48.7520729541833,435.745079662605
9.50275593974739,48.7464603956925,430.951810835079
9.48667291906891,48.7408889132687,426.177513909115
9.47071723138137,48.7353581087363,421.42207647015
9.46113261359834,48.7320340975076,418.556340878194
9.45159373342145,48.7287247226642,415.697432495386
9.44210029481225,48.7254298987515,412.845326953464
9.43737052362471,48.7237879166419,411.421817664446
9.43265200291874,48.7221495405001,410
9.39881473503037,48.7103917083118,399.307878836069
9.36550883879328,48.6988034690296,388.697138499809
9.33272302981599,48.6873815917118,378.166853394176
9.30044632706883,48.6761229213781,367.716111905669
9.27678135546155,48.6678592416233,360
9.26866800983979,48.6650243653191,357.344016141245
9.24696830736048,48.6574379252425,350.213610508655
9.23737770471243,48.6540829247494,347.049681671167
9.21758809825118,48.6471561634215,340.49665633665
9.1886322670248,48.6370114973724,330.84840112145
9.16009249855171,48.6270014995903,321.268118876023
9.12679308674356,48.6153081724452,310
9.09811742028647,48.6052264680226,300.217481876511
9.06986197795923,48.5952815999883,290.505624974055
9.04201844264742,48.5854711119408,280.863666446062
9.01457870540585,48.575792602012,271.290854387338
8.98247383674152,48.5644556266024,260
8.95489449629098,48.5547055307165,250.221496159884
8.92772329213791,48.5450896028739,240.514923480173
8.90095207382632,48.5356054002528,230.879491175603
8.87457289657692,48.5262505350754,221.314420010072
8.85902905495817,48.5207337709037,215.644922069009
8.84362019933954,48.5152616633393,210
8.82889226336272,48.5100283414151,204.581591531031
8.81420458041724,48.5048063745583,199.16578174378
8.78494934728738,48.4943963756115,188.341950740003
8.76921921282086,48.4887942297789,182.501932901358
8.75353527833028,48.4832051707257,176.664936727765
8.72230523704467,48.4720661509887,165
8.71552662126368,48.4696466161471,162.460614540196
8.68903170022338,48.4601835805841,152.509498489537
8.6626687073725,48.4507581236489,142.567164179106
8.64699989324397,48.4451516023368,136.638571687629
8.62506900058889,48.4372987693552,128.316210957766
8.60322920027659,48.4294719982541,120
8.5827581567,48.4221298081026,112.178010498598
8.55304310419831,48.4114619027024,100.775120697231
8.53791714255777,48.4060269207763,94.9483509011809
8.52284412200999,48.4006078330637,89.126912393105
8.50782378244853,48.3952045777252,83.3107978594423
8.49285586542634,48.3898170932127,77.5
8.47925634167569,48.3849194690716,72.2074135776759
8.46569997649345,48.3800348540482,66.9192339716901
8.45218657763324,48.3751632021407,61.6354556803995
8.43871595396067,48.3703044675443,56.3560732113143
8.42510796211353,48.3653936468568,51.0103056534594
8.41154350968768,48.360495998476,45.6690413893526
8.39802240119411,48.3556114753419,40.3322747310044
8.39127803990935,48.3531741210074,37.6655762291114
8.38790989694344,48.3519566681028,36.332647874741
8.38622683356273,48.3513482473986,35.6662888829499
8.38454444175022,48.350740030406,35
8.38060048177014,48.3493140599503,33.125
8.38033764320463,48.3492190209244,33
8.37665911130436,48.3478888113358,31.25
8.36878412873988,48.3450404775564,27.5
8.36091947373883,48.3421950249238,23.75
8.35699101273975,48.3407733777445,21.875
8.35502774775905,48.3400628237131,20.9375
8.35404635651018,48.3397076140587,20.46875
8.35306512603641,48.3393524493012,20
8.34807214443948,48.3375449909905,17.3283812080545
8.34308376518442,48.3357388549379,14.6567624161089
8.33624955405774,48.3332638429565,10.9925718120812
8.32942397200854,48.3307913120481,7.32838120805445
8.3226070027292,48.3283212586359,3.66419060402677
8.31920174279328,48.3270871598749,1.83209530201384
8.31749991811297,48.3264703422856,0.916047651006011
8.3166492069838,48.3261619914144,0.458023825503005
8.31579862995311,48.3258536791496,0
