153.95,-3.98,386
153.948289726609,-3.97678635517727,388.697138499809
153.941529884468,-3.96408416962852,399.307878836069
153.934667127852,-3.95118814553687,410
153.933712155757,-3.94939359082399,411.421817664446
153.932755008512,-3.94759493975297,412.845326953464
153.93083416214,-3.94398529862612,415.697432495386
153.928904534869,-3.94035912047554,418.556340878194
153.926966072662,-3.9367163032884,421.42207647015
153.923740006951,-3.93065370178885,426.177513909115
153.920489368474,-3.92454482005562,430.951810835079
153.917213904965,-3.91838918183674,435.745079662605
153.913913360884,-3.91218630468701,440.55743370145
153.910587477367,-3.90593569987033,445.388987165494
153.907235992172,-3.89963687226014,450.239855181777
153.903858639629,-3.89328932023812,455.110153799645
153.900455150581,-3.88689253559088,460
153.893329626432,-3.87349990748223,470.179032946135
153.886088596729,-3.8598896878774,480.443297181012
153.878729529286,-3.84605709489038,490.793867695779
153.871249821516,-3.83199721337146,501.231837635871
153.864920986016,-3.82010025681179,510
153.860768894045,-3.8122949421891,515.721110339925
153.854913080799,-3.80128661055346,523.748093657487
153.854397128561,-3.80031665758722,524.453026404614
153.851999873436,-3.7958099583455,527.723442650462
153.851873470797,-3.79557232729808,527.895662281578
153.851747034431,-3.79533463269418,528.067905554689
153.851494060466,-3.79485905272619,528.412463046378
153.850987707268,-3.7939071291116,529.101861948018
153.850480813063,-3.79295418602719,529.791639667362
153.849973377071,-3.79200022200315,530.481796516729
153.84895687664,-3.79008922529645,531.863248856533
153.847938199692,-3.7881741271266,533.246221472873
153.847710794715,-3.78774660768243,533.554754032585
153.847483281174,-3.78731888365877,533.863362308618
153.847027928127,-3.78646282135059,534.480806121155
153.846115916227,-3.7847482360135,535.716603569497
153.843890993927,-3.78056534237162,538.726620490491
153.841655690286,-3.77636288525615,541.743844590016
153.839409940013,-3.77214074132293,544.768301784382
153.837153677301,-3.76789878624515,547.800018114301
153.833127603065,-3.76032932617976,553.192741540924
153.828022172592,-3.75073034266901,560
153.817649125528,-3.73122670091736,573.724799718285
153.80850853951,-3.71403954178383,585.703166460287
153.799198504061,-3.69653297977221,597.794365946859
153.798740021808,-3.69567083075138,598.386997236882
153.791427984575,-3.68192071496082,607.803266391352
153.789714748404,-3.67869894410022,610
153.789341129843,-3.67799634427225,610.478581138349
153.781362566741,-3.66299213889981,620.658098913648
153.779767428387,-3.65999230885151,622.6840416075
153.771098454362,-3.64368896610079,633.641205778202
153.77001451075,-3.64165039548128,635.004994961893
153.760630328481,-3.62400114266075,646.754516626808
153.760077829174,-3.62296200788849,647.44308825296
153.74995268919,-3.60391827182529,660
153.748468564345,-3.6011267986265,661.719773662561
153.746980157063,-3.5983272510268,663.442128107172
153.743990429113,-3.59270380773173,666.894602614602
153.74098337055,-3.58704768716135,670.357470241551
153.737958845863,-3.58135863316633,673.830777988988
153.732846998246,-3.57174319452507,679.679239165515
153.727684987982,-3.56203316621769,685.557420936635
153.727504450278,-3.56169356052569,685.762506287605
153.716931625682,-3.54180474403677,697.714649662011
153.716839524646,-3.54163148608017,697.818265601651
153.711426301531,-3.53144814863523,703.893262828064
153.705958267686,-3.52116144270341,710
153.697584801136,-3.50540840661318,719.29425629553
153.689081581798,-3.48941064662082,728.662576868828
153.680445886613,-3.47316301362274,738.10585056905
153.671674919923,-3.4566602209321,747.624980525305
153.660172916296,-3.43501792181894,760
153.657226869206,-3.42947442617349,763.151704332378
153.654273994467,-3.42391800954616,766.3058592348
153.648347674857,-3.41276624770498,772.621532191134
153.636412138001,-3.39030583735602,785.282411049003
153.630691226635,-3.37953974783935,791.323321138095
153.624944840427,-3.36872544326622,797.373209296456
153.613375017024,-3.34695099879498,809.5
153.601300047946,-3.32422469120719,822.080138932514
153.595221153604,-3.31278314743262,828.384305116467
153.589114420441,-3.30128890232674,834.697897215213
153.577325416968,-3.27909848924166,846.831503704974
153.571391884677,-3.26792939012317,852.91138122816
153.565432120573,-3.25671062754714,859
153.553039030703,-3.23338074987144,871.60348931928
153.546800331287,-3.22163599176998,877.918955197763
153.540533293932,-3.20983757439767,884.243595131338
153.52847814738,-3.18714150385687,896.354941210249
153.522411127992,-3.1757187713668,902.423247724747
153.51631759962,-3.16424583872593,908.5
153.503637400006,-3.14037055345644,921.087941193903
153.497254759847,-3.12835234073675,927.395103104456
153.490843525123,-3.11627996936603,933.711083816563
153.478476980636,-3.09299284315593,945.839249902263
153.472253685521,-3.08127347214859,951.91554374812
153.466003495733,-3.06950315828372,958
153.453029808007,-3.04507025702027,970.572443581608
153.439941228005,-3.02041970185016,983.178802118096
153.427255590401,-2.99652681538739,995.323620858176
153.414461284739,-2.97242805191783,1007.5
153.40117345623,-2.94739844073282,1020.07004160769
153.387769067557,-2.92214796989523,1032.67290433428
153.374769993644,-2.89765977162865,1044.82116506304
153.361660551363,-2.87296243292822,1057
153.348064815526,-2.84734766148959,1069.5546440837
153.334351041389,-2.82150918621933,1082.1409665081
153.321016370961,-2.79638373373973,1094.30565081738
153.307569335633,-2.77104531790994,1106.5
153.293629070503,-2.74477619708825,1119.06540313811
153.279568566673,-2.71827916355684,1131.66158906888
153.252154060534,-2.66661269473189,1156
153.238138311781,-2.64019613887079,1168.33192261882
153.224004946394,-2.61355660471156,1180.69249676883
153.209752572885,-2.58669144997778,1193.08182241803
153.195379778153,-2.55959799153542,1205.5
153.182781986243,-2.53584943006196,1216.32268603573
153.170091995485,-2.51192605585727,1227.16682464455
153.169151684974,-2.51015332750196,1227.96806731163
153.168210866621,-2.50837963624391,1228.76942721957
153.166327704851,-2.50482936210209,1230.37249886094
153.164442507072,-2.50127522754266,1231.97603977464
153.162555270184,-2.49771722668039,1233.58005016674
153.158774666715,-2.4905896025739,1236.78948021112
153.154985869452,-2.48344644234142,1240.00079064521
153.151188853369,-2.47628769847877,1243.21398312205
153.147383593338,-2.46911332329253,1246.42905929664
153.139748240969,-2.45471748824588,1252.86486936871
153.137209795129,-2.44993137691693,1255
153.130116263399,-2.43655667476982,1260.95463912357
153.122994429076,-2.42312830386706,1266.91556486065
153.115844132651,-2.40964596148454,1272.88278717215
153.11225826077,-2.40288445537908,1275.86876266185
153.108665213012,-2.39610934186995,1278.85631604003
153.107936407572,-2.39473508428966,1279.46176837359
153.107207306603,-2.39336026630417,1280.0672855322
153.09985222187,-2.37949108876336,1286.16558487831
153.092467006855,-2.36556477566449,1292.27046329956
153.077605490577,-2.33753942322978,1304.5
153.067990126871,-2.31940640963017,1312.37329995064
153.05832416641,-2.30117744444182,1320.25731532995
153.048607232215,-2.28285181250366,1328.15206802809
153.038838943615,-2.26442879168696,1336.05757999491
153.016526193583,-2.22234488303687,1354
153.011070819786,-2.21205512567083,1358.36264868231
152.996945460822,-2.18541155575693,1369.61505306817
152.982714132725,-2.15856701399804,1380.88870621486
152.96837570633,-2.1315193593966,1392.1836683677
152.953929036587,-2.10426642107535,1403.5
152.937875202136,-2.07398037119448,1416.00091043435
152.921688134075,-2.04344163336354,1428.52728207025
152.910036162305,-2.02145804746578,1437.49595584382
152.889769894592,-1.9832203961563,1453
152.870342019994,-1.94656270176146,1467.75058586692
152.850723916458,-1.90954422723026,1482.53582354711
152.837406946007,-1.88441466760656,1492.51001140198
152.824001715494,-1.8591177231408,1502.5
152.790096720051,-1.79513210868106,1527.54507831142
152.769191461339,-1.75567708134085,1542.83118695309
152.756574383472,-1.73186362709097,1552
152.737791338597,-1.69641127434197,1565.57126913744
152.718839732487,-1.66063926650353,1579.170417641
152.703195701983,-1.63110934225553,1590.32581136295
152.687436010947,-1.60136009603214,1601.5
152.65186968233,-1.53421867452758,1626.48639000535
152.622945593182,-1.47961279017669,1646.57372505332
152.616531964617,-1.46750406021561,1651
152.597814850265,-1.43216588397678,1663.8601754062
152.578938292849,-1.39652541850921,1676.74440637374
152.561440043317,-1.36348620819408,1688.61198033775
152.543803814044,-1.3301854260069,1700.5
152.506428047457,-1.25960903310576,1725.4548124004
152.471548523514,-1.19374234031728,1748.45502649824
152.469190584947,-1.18928946355751,1750
152.449836575966,-1.15273954463105,1762.63439076853
152.43031986896,-1.11588128828575,1775.29117016255
152.411549521152,-1.08043157387655,1787.3853461322
152.392627597105,-1.04469463767998,1799.5
152.390842033992,-1.04132228137069,1800.63922403579
152.353356203076,-0.970521705475616,1824.39975341869
152.334290495871,-0.934510439313836,1836.37139519048
152.315072079678,-0.898209884830079,1848.36269448377
152.314559719694,-0.897242106300132,1848.68134029567
152.314047250782,-0.896274121433835,1849
152.304002659788,-0.877301122710519,1855.23500903794
152.293916196926,-0.858248812428324,1861.47531612652
152.273616649406,-0.819904364946751,1873.9718514899
152.253579612757,-0.782054961027481,1886.22570701501
152.23337720199,-0.743892382205148,1898.5
152.212925073438,-0.705257317292125,1910.84442848281
152.192303132145,-0.6663007275912,1923.2092043829
152.171509333421,-0.627018773591613,1935.59437804998
152.150541599563,-0.587407555074643,1948
152.130506269367,-0.549557189274624,1959.77676083581
152.110310971967,-0.511404063119328,1971.5719790383
152.109133212252,-0.509179013202963,1972.25753325194
152.107954906436,-0.506952929827641,1972.94314986794
152.097397340482,-0.487007248154124,1979.07486614926
152.08679584242,-0.466978433166076,1985.21157586195
152.076150147162,-0.446865987973991,1991.35328510815
152.065459987481,-0.426669411760257,1997.5
152.043881207594,-0.385900951853128,2009.84502897631
152.022120953179,-0.344789183877436,2022.2100063482
151.978047137243,-0.26151909213751,2047
151.954027819239,-0.216138058754458,2060.36870830591
151.933180387844,-0.176749594209298,2071.89234040359
151.888213183427,-0.0917894156318183,2096.5
151.838791418293,0.00158763962932013,2123.16098513565
151.795862083325,0.0826979658273015,2146
151.793592820969,0.086985483870079,2147.19913328747
151.747632759608,0.173821577472502,2171.31202186828
151.700892407305,0.262131002091666,2195.5
151.676655173003,0.307923371929486,2207.91232549126
151.652205662777,0.354116348516417,2220.34447117778
151.629044369449,0.397874986714906,2232.04013039989
151.603196272383,0.446709176532838,2245
151.553370225576,0.54084217322528,2269.71064065429
151.502659064527,0.6366439352624,2294.5
151.48165092943,0.676330619553931,2304.66492071891
151.460488950264,0.716307184086388,2314.84316635167
151.451087655874,0.734066681272285,2319.34536379588
151.399158390846,0.832160556901748,2344
151.339119447009,0.945566561644631,2372.0612614952
151.292564815365,1.03349663641431,2393.5
151.287866385543,1.04237049667264,2395.64836841572
151.281677695917,1.05405890318329,2398.47391666304
151.275476169309,1.06577145419502,2401.3004964165
151.263034449248,1.08926927718161,2406.95675270202
151.250540910254,1.11286454659975,2412.61714179685
151.23799523518,1.13655784698347,2418.28166823218
151.210494049749,1.18849401045641,2430.63099049315
151.182740775577,1.24090398708843,2443
151.126346796056,1.34739238764367,2467.84827539613
151.098073627927,1.40077649276117,2480.16420665138
151.069537920882,1.45465349939844,2492.5
151.011714916399,1.56381744873013,2517.20988262419
150.952798324884,1.67503265678368,2542
150.919189904496,1.73846794900567,2555.96968856544
150.88521899257,1.80258249717947,2569.96536136428
150.884399700884,1.80412871357962,2570.30136722411
150.88358019726,1.80567532696368,2570.63738807489
150.881940553876,1.80876974527161,2571.3094747533
150.878658720302,1.81496335217397,2572.65382804564
150.87208484782,1.82736968020376,2575.34325459725
150.858896136064,1.85225905877929,2580.72498936814
150.83235367264,1.90234684677424,2591.5
150.801591463408,1.96039348342341,2603.89554466347
150.770530728036,2.01899876524728,2616.31173760945
150.727615290806,2.09996349726645,2633.30425228385
150.708022936984,2.13692348716559,2641
150.676390720593,2.19659177507595,2653.34395023328
150.644448137389,2.25683999615347,2665.70856565713
150.612190668914,2.31767635665844,2678.09389820886
150.579613706829,2.37910921848712,2690.5
150.566584840645,2.40367700689667,2695.43330787115
150.537070046323,2.45932762188917,2706.54938086619
150.507289729537,2.51547351723693,2717.68249439006
150.446918322326,2.62927684579335,2740
150.433325774569,2.65489629612805,2744.97932763395
150.40270451226,2.71260728188572,2756.13924688407
150.371840691072,2.77076905470499,2767.30765889383
150.34073137643,2.82938685600642,2778.48457336147
150.309373584568,2.88846600971328,2789.67
150.285064554773,2.93426023789388,2798.28585062775
150.226653936875,3.0442786488535,2818.79348811137
150.167372313309,3.1559114253875,2839.33
150.135121259884,3.21663171384723,2850.3872878975
150.078279949532,3.32362884088949,2869.68099414036
150.049557019416,3.37768638875662,2879.33733150893
150.020629656491,3.43212174605405,2889
150.020294747812,3.43275193420215,2889.1000846569
150.019959794434,3.43338220551071,2889.20017366278
150.019289753546,3.43464299767065,2889.40036472264
150.017949135007,3.43716558059338,2889.80079904268
150.015265748974,3.44221474430583,2890.60187654757
150.00989036584,3.45232909089423,2892.20486752515
149.999105032849,3.47262208310173,2895.41419742546
149.977395112911,3.51346705575498,2901.84628168333
149.955497602815,3.55466082840714,2908.29632769777
149.933410179082,3.59620761609682,2914.76441081194
149.891220683684,3.67555466670975,2927.01472392131
149.848330755266,3.75620253525874,2939.33
149.803094660272,3.84124357822303,2952.17095087527
149.780184274104,3.88430632934464,2958.61750086836
149.757075792263,3.92773634535161,2965.08152815299
149.712877525332,4.01078803274634,2977.33921702579
149.667946608728,4.09519668043985,2989.66
149.6205922054,4.18413617458643,3002.49571543133
149.57242007106,4.27458785849821,3015.39890143113
149.526093525897,4.3615511598397,3027.66381416945
149.478999395777,4.44993181097163,3039.99
149.429405350465,4.54297782683894,3052.81908434385
149.378955728708,4.63760092418945,3065.71352997519
149.330364771396,4.72871057922363,3077.98700900047
149.280968048284,4.82130303789767,3090.32
149.228967507319,4.91874513510717,3103.14955388861
149.176069256337,5.017836024637,3116.04247592231
149.125078624948,5.11332099689732,3128.32235675033
149.073240938316,5.21035884894871,3140.66
149.018720248747,5.31238224664734,3153.48051912725
148.963257045765,5.41612978509031,3166.3623986169
148.909712673248,5.51624946600468,3178.6481624524
148.855275982972,5.61799810295772,3190.99
148.739785565002,5.83372818038204,3216.69183982688
148.683536581275,5.93873018818563,3228.97873402073
148.626346400551,6.04544230487671,3241.32
148.508063257352,6.26599540376158,3266.37483646147
148.385696294173,6.49393929245316,3291.65
148.341468725415,6.57626838764538,3300.62894076405
148.30948384939,6.63578846728185,3307.07193322699
148.258094537839,6.73138344300285,3317.33618064189
148.149548220623,6.93316048740584,3338.6688674973
148.13248559884,6.96486043680213,3341.98
148.058583711644,7.10210294358728,3356.19208780315
147.983231736176,7.24194205550832,3370.47067351015
147.924947832222,7.35003817480541,3381.37088028597
147.865781142719,7.45971006833432,3392.31
147.865485525485,7.46025787005873,3392.36434000005
147.810805414344,7.56155728560591,3402.36247766525
147.631378412915,7.89357532598243,3434.44472730291
147.584546710711,7.98013510864517,3442.64
147.444582131065,8.23858240958556,3466.70910756626
147.32046365633,8.46744736045174,3487.5369695979
147.287615533296,8.52796505698998,3492.97
147.250291468468,8.59670238170968,3499.1039710572
147.047431604744,8.96979223662933,3531.7293278752
146.973677662872,9.10522151391747,3543.3
146.835594794419,9.35845680132933,3564.56143118921
146.691843835496,9.62163885231989,3586.15679406558
146.641182800885,9.71427898281074,3593.64
146.614634791284,9.76280197817642,3597.53542656682
146.383036419009,10.1854101769219,3630.78033222899
146.288574315344,10.3574147868338,3643.97
146.140500388539,10.6266043691521,3664.23116754033
145.960126273336,10.9537790260349,3688.25154454241
145.913853429676,11.0375793292794,3694.3
145.886269610346,11.0875076852325,3697.88393367011
145.618788152351,11.5706396433064,3731.82301655774
145.51479928031,11.7579559847081,3744.63
145.337586412724,12.0764961842713,3765.97595971175
145.096494483061,12.5084618588886,3794.08314579437
145.088826122384,12.5221744107308,3794.96
145.041555041585,12.6066674495058,3800.34253176438
144.728674701743,13.1642842756624,3835.00544199814
144.632911318299,13.3343783347409,3845.29
144.397949418955,13.7505450977658,3869.90796215946
144.366740699336,13.805695576217,3873.11357344114
144.335363631217,13.8611132937802,3876.32157748084
144.272098415697,13.9727587434575,3882.74477455844
144.14348024902,14.1993492195928,3895.62
144.118172019444,14.2438743326599,3898.12496232423
144.062147374225,14.3423672417466,3903.63740321895
143.943935603379,14.5498593133358,3915.12230326423
143.823350524533,14.7610550050715,3926.63688105051
143.616272222324,15.1226333564316,3945.95
143.513029179373,15.3023777378103,3955.36729693952
143.498955474022,15.3268523689161,3956.64036192071
143.484849730423,15.3513760825956,3957.91377751133
143.470711825204,15.3759490401535,3959.18754385624
143.456541634292,15.4005714036907,3960.46166110037
143.428103896749,15.4499649990021,3963.01094886649
143.399535509673,15.4995581835722,3965.5616419708
143.370835454519,15.5493522834357,3968.11374157569
143.342002700924,15.5993486379037,3970.66724884483
143.283934926901,15.699953517825,3975.77849103703
143.225323691253,15.8013838277984,3980.89537788254
143.166160306264,15.90365077967,3986.01791873711
143.106435876404,16.0067658164261,3991.1461229772
143.046141291579,16.1107406188955,3996.28
142.923330919546,16.3221309435734,4006.60462496822
142.798124511448,16.5371033215821,4016.9514704491
142.615046041636,16.8504430278832,4031.76290879415
142.426665791203,17.1716077986237,4046.62
142.263879766991,17.4481049565008,4059.15515007181
142.0970078424,17.7305371934369,4071.72178746951
141.925868451845,18.0191243048461,4084.32003098289
141.750267671344,18.3140989040247,4096.95
141.485155751041,18.7572296494279,4115.46827673018
141.209442215339,19.2152299306257,4134.052414461
141.006942710072,19.5497357112041,4147.28
140.607283859977,20.2051989988614,4172.38680079322
140.183907157409,20.8926114458835,4197.61
139.73842490268,21.6080622980966,4222.71938602743
139.264205498434,22.3606722364773,4247.94
139.126829210945,22.5769428629561,4254.9698984375
138.689167101004,23.260648623832,4276.58049709787
138.224627916943,23.977430825073,4298.27
137.651289931935,24.8492975545336,4323.3842050406
137.032112472922,25.77483694001,4348.6
136.198528617484,26.9943220127185,4379.68699566615
135.637015409079,27.7985001684516,4398.93
134.841830507654,28.9134402335667,4424.04878468649
133.959109225479,30.1182883896949,4449.26
132.974979474079,31.4209435932075,4474.38621816463
131.853814469606,32.8532020756981,4499.6
131.442448119999,33.3650073850789,4508.0231018827
130.32073342444,34.7236894575181,4528.94779989798
129.012964210853,36.2406668435739,4549.93
127.090146841939,38.3439058177099,4575.05578769415
124.473461034642,40.9745683430709,4600.26
114.285117034982,49.0307318316766,4634.76901189529
100.517416445685,55.8640201467399,4600.26
95.36048578597,57.5903023302775,4575.05578769415
90.9779943411787,58.7859625357616,4549.93
87.6763459301116,59.5422426229259,4528.94779989798
84.6240123639925,60.1413527491586,4508.0231018827
83.4521855847307,60.3473898722998,4499.6
80.1136937473181,60.8655548370897,4474.38621816463
77.009173305388,61.2605919506143,4449.26
74.0892247527118,61.5599664522708,4424.04878468649
71.3540547483066,61.7796509786816,4398.93
69.3662701302916,61.9035675922788,4379.68699566615
66.3362169669514,62.0359624080005,4348.6
64.0304066576753,62.0917281614347,4323.3842050406
61.858855543767,62.1090514013254,4298.27
60.0772428219679,62.0978428368898,4276.58049709787
58.3833989677693,62.0659044453619,4254.9698984375
57.8490812147629,62.0515107142956,4247.94
55.9965514450276,61.9854737197882,4222.71938602743
54.2472598441659,61.8999432219036,4197.61
52.5794637997449,61.7971611120412,4172.38680079322
51.0027608999106,61.680633220543,4147.28
50.2037371785119,61.6142909531591,4134.052414461
49.1163506834105,61.5160173311322,4115.46827673018
48.0719672462576,61.4128451142569,4096.95
47.3811681035465,61.3398087884298,4084.32003098289
46.7088667460798,61.2650181409402,4071.72178746951
46.0543943395599,61.188657515204,4059.15515007181
45.4171109122166,61.1108968038054,4046.62
44.6812552011341,61.0168791056557,4031.76290879415
43.9679794125858,60.9213655710152,4016.9514704491
43.4813387275411,60.8536956681252,4006.60462496822
43.0049998159096,60.7854695564817,3996.28
42.7715143772731,60.7513032124142,3991.1461229772
42.5404902320133,60.7170251841615,3986.01791873711
42.3118914687641,60.6826428731364,3980.89537788254
42.0856828166343,60.6481634364448,3975.77849103703
41.8618296322483,60.6135937950987,3970.66724884483
41.7507756635911,60.596277244876,3968.11374157569
41.6402978487211,60.5789406358846,3965.5616419708
41.5303920281068,60.5615847703229,3963.01094886649
41.4210540791109,60.5442104370638,3960.46166110037
41.3665967758133,60.5355165876094,3959.18754385624
41.312279910972,60.5268184111324,3957.91377751133
41.2581029794688,60.5181160025929,3956.64036192071
41.204065478422,60.5094094561589,3955.36729693952
40.8081607592681,60.4448098586793,3945.95
40.0168764461791,60.3113791824636,3926.63688105051
39.5578988275683,60.2313142758916,3915.12230326423
39.1092993118329,60.1511411564457,3903.63740321895
38.8971706040537,60.1125635799691,3898.12496232423
38.8014475474656,60.0950145532798,3895.62
38.3159822247996,60.004656072143,3882.74477455844
38.0778179084125,59.9594924854497,3876.32157748084
37.9598543010732,59.9369179749066,3873.11357344114
37.8426276352445,59.9143495486825,3869.90796215946
36.9634691063626,59.740767495825,3845.29
36.6069240957971,59.6681700403784,3835.00544199814
35.4494980720825,59.4235697809595,3800.34253176438
35.2756564471731,59.385634572869,3794.96
35.2474816657622,59.3794565632552,3794.08314579437
34.3654328049099,59.1818026514554,3765.97595971175
33.7218479683248,59.0323224189474,3744.63
33.3461194581914,58.9429663873412,3731.82301655774
32.3863913251843,58.7076032707831,3697.88393367011
32.2879808684948,58.6828828015034,3694.3
32.1231326978733,58.6412261080236,3688.25154454241
31.4834322898499,58.4766177930498,3664.23116754033
30.961769242081,58.338855963297,3643.97
30.6306467675841,58.2497442593682,3630.78033222899
29.8243957909104,58.0272579797611,3597.53542656682
29.7324878851373,58.0013938458485,3593.64
29.5573969736529,57.9518334782073,3586.15679406558
29.0626973829065,57.8097532289035,3564.56143118921
28.590485370815,57.671268946563,3543.3
28.3394717623404,57.5965022454573,3531.7293278752
27.6534425519945,57.3880197481498,3499.1039710572
27.5279255819413,57.3492116539662,3492.97
27.4176431172632,57.3149427243585,3487.5369695979
27.0024822249557,57.1844909309953,3466.70910756626
26.5372711175116,57.0355691435997,3442.64
26.3823158752895,56.9853144916728,3434.44472730291
25.7919159442611,56.7908173369926,3402.36247766525
25.6130320788662,56.7309329925405,3392.36434000005
25.6120663031096,56.7306084685395,3392.31
25.4190570928776,56.6654898404952,3381.37088028597
25.2294874015612,56.6010202697757,3370.47067351015
24.9852289744312,56.5171995374769,3356.19208780315
24.7465777865519,56.4344785347774,3341.98
24.6916053447277,56.4153078789735,3338.6688674973
24.3430158867422,56.2927237315453,3317.33618064189
24.1786622998553,56.2343124682129,3307.07193322699
24.0765891155619,56.1978358662442,3300.62894076405
23.9357256125462,56.1472446857619,3291.65
23.5476853610201,56.0063541888815,3266.37483646147
23.1749678631985,55.8688974415279,3241.32
22.9955964538999,55.8019941327401,3228.97873402073
22.8197109730941,55.7359126541984,3216.69183982688
22.4602450728962,55.5993731154581,3190.99
22.2915861683704,55.5346164839811,3178.6481624524
22.1261776327131,55.4706742997151,3166.3623986169
21.9553497894149,55.4041838623271,3153.48051912725
21.787929411964,55.3385701358333,3140.66
21.6292120664475,55.275953885097,3128.32235675033
21.4735298989284,55.2141420047133,3116.04247592231
21.3124865969993,55.1497896541888,3103.14955388861
21.1546361551938,55.0863043903717,3090.32
21.005112154481,55.0257926151818,3077.98700900047
20.8584288714321,54.9660737703811,3065.71352997519
20.7065563738199,54.9038680250555,3052.81908434385
20.5576782094427,54.8425172193376,3039.99
20.4166889584953,54.7840764504395,3027.66381416945
20.2783629968988,54.7264157092354,3015.39890143113
20.134910567227,54.6662774141952,3002.49571543133
19.9942751043317,54.6069816957228,2989.66
19.8611870102494,54.5505580908721,2977.33921702579
19.7306015298122,54.4949010000552,2965.08152815299
19.6624578794881,54.4657410783316,2958.61750086836
19.5949873429128,54.4367903729526,2952.17095087527
19.4620281967749,54.379509072009,2939.33
19.3362837770767,54.3250537641046,2927.01472392131
19.2128955680031,54.2713509001686,2914.76441081194
19.1484179548894,54.2431820032092,2908.29632769777
19.0845759215908,54.2152188809186,2901.84628168333
19.0213605902079,54.1874596029221,2895.41419742546
18.9899851972669,54.1736558031881,2892.20486752515
18.9743550985915,54.1667727598811,2890.60187654757
18.9665543904044,54.1633359395233,2889.80079904268
18.9626576143424,54.1616187030667,2889.40036472264
18.9607101199141,54.160760378069,2889.20017366278
18.9597365959876,54.1603312888528,2889.1000846569
18.9587632208767,54.1599022484823,2889
18.8747603387333,54.1228126512269,2879.33733150893
18.7914905772552,54.0859232825537,2869.68099414036
18.6271131601709,54.0127400915931,2850.3872878975
18.5340892681455,53.9711105313456,2839.33
18.3635556841591,53.8943904808222,2818.79348811137
18.196105572158,53.8185465311193,2798.28585062775
18.1265859791278,53.7869091874569,2789.67
18.0370547261746,53.7460350761662,2778.48457336147
17.9483960210724,53.7054149233132,2767.30765889383
17.8605974176682,53.6650467768409,2756.13924688407
17.773646702687,53.6249286962651,2744.97932763395
17.7351003106527,53.6070992080669,2740
17.5642702915655,53.5277513303764,2717.68249439006
17.4802271706217,53.48851561159,2706.54938086619
17.3970798092066,53.4495683942792,2695.43330787115
17.360422002846,53.4323563662088,2690.5
17.2688881879816,53.3892682484151,2678.09389820886
17.1784268219579,53.3465301786411,2665.70856565713
17.0890197458783,53.3041384979965,2653.34395023328
17.0006492037413,53.2620895871138,2641
16.945997985459,53.2360109802449,2633.30425228385
16.8265125831259,53.1787964937724,2616.31173760945
16.7402244996856,53.1373086076776,2603.89554466347
16.6549240266184,53.096155235836,2591.5
16.5814509931548,53.0605958450608,2580.72498936814
16.5449864650026,53.0429091397506,2575.34325459725
16.5268216307089,53.0340889114643,2572.65382804564
16.5177560007135,53.02968456309,2571.3094747533
16.5132273737556,53.0274838284341,2570.63738807489
16.5109641061956,53.0263838207503,2570.30136722411
16.5087015355001,53.0252840527387,2569.96536136428
16.4149850103281,52.9796441628677,2555.96968856544
16.3224570350315,52.9344158586194,2542
16.1607047056098,52.8549493368863,2517.20988262419
16.0025138351272,52.7767366764822,2492.5
15.9246503427903,52.7380584871031,2480.16420665138
15.8476359555048,52.6996841945015,2467.84827539613
15.6944163749733,52.6229888092946,2443
15.6192047408684,52.5851698644902,2430.63099049315
15.5448014633509,52.5476461014828,2418.28166823218
15.510901044315,52.530512333031,2412.61714179685
15.4771672495059,52.5134398768818,2406.95675270202
15.4435988928457,52.4964284414256,2401.3004964165
15.4268763854595,52.4879455153806,2398.47391666304
15.4101947978621,52.4794777358746,2395.64836841572
15.3975344046123,52.4730474213928,2393.5
15.2722842964683,52.4092575237161,2372.0612614952
15.1112813744129,52.3267917243497,2344
14.9725021478112,52.2552851152839,2319.34536379588
14.947424690463,52.2423218161579,2314.84316635167
14.8910291134836,52.2131221048887,2304.66492071891
14.8351159252041,52.1841076417294,2294.5
14.7004450233601,52.1139597248555,2269.71064065429
14.5685331296118,52.0448850501458,2245
14.5002608958055,52.0089927892029,2232.04013039989
14.4391776083458,51.9767975446643,2220.34447117778
14.3747915094221,51.9427770568158,2207.91232549126
14.3110602479946,51.9090170392331,2195.5
14.1884266471504,51.8438148307457,2171.31202186828
14.0681854376055,51.7795765391385,2147.19913328747
14.0622574247081,51.7764016116912,2146
13.9502696013243,51.7162829690791,2123.16098513565
13.8217137621954,51.6469408427893,2096.5
13.7050872300331,51.5837274780732,2071.89234040359
13.6511279566762,51.5543819098166,2060.36870830591
13.5890455521731,51.5205410372582,2047
13.4753695753398,51.4583609700195,2022.2100063482
13.4193600529794,51.42762117567,2009.84502897631
13.3638925701148,51.3971117147678,1997.5
13.3364415180892,51.381987711148,1991.35328510815
13.3091228223925,51.3669203272881,1985.21157586195
13.2819355631857,51.3519092746948,1979.07486614926
13.254878829041,51.3369542666738,1972.94314986794
13.2518601941701,51.3352847915258,1972.25753325194
13.248843180105,51.3336160137477,1971.5719790383
13.197144283378,51.3049892606091,1959.77676083581
13.145919261706,51.276567157942,1948
13.0923789321982,51.2467988560345,1935.59437804998
13.0393519729251,51.2172538495265,1923.2092043829
12.9868313088573,51.1879298575485,1910.84442848281
12.934809992957,51.1588246278571,1898.5
12.883489168589,51.1300526466534,1886.22570701501
12.8326525184374,51.1014945484198,1873.9718514899
12.781214854335,51.0725404034925,1861.47531612652
12.7556807650705,51.0581454615182,1855.23500903794
12.7302687099527,51.0438048980192,1849
12.728972631275,51.0430731074608,1848.68134029567
12.7276768697081,51.0423414585079,1848.36269448377
12.6791034238906,51.0148875451458,1836.37139519048
12.6309737489437,50.9876324665457,1824.39975341869
12.5365118293346,50.9339893535684,1800.63922403579
12.5320178664413,50.931432329765,1799.5
12.4844255051152,50.9043248526304,1787.3853461322
12.4372702377204,50.8774160599206,1775.29117016255
12.3882988897883,50.8494178683991,1762.63439076853
12.3397950736339,50.8216335822578,1750
12.3338897867,50.8182472422365,1748.45502649824
12.2466387540662,50.7681217502608,1725.4548124004
12.1533556839684,50.7143396359139,1700.5
12.1094150571373,50.6889371165069,1688.61198033775
12.0658664234992,50.6637177256496,1676.74440637374
12.0189413450099,50.6364944670699,1663.8601754062
11.9724677212882,50.6094834042764,1651
11.9565556267002,50.6002237069918,1646.57372505332
11.884875409223,50.5584388327436,1626.48639000535
11.796913416312,50.5070010659073,1601.5
11.7579999374875,50.4841885390004,1590.32581136295
11.7194103307907,50.4615312829356,1579.170417641
11.6727128819008,50.4340674993497,1565.57126913744
11.6264859215136,50.4068305713105,1552
11.5954648270041,50.3885250883649,1542.83118695309
11.5441203611324,50.3581775931672,1527.54507831142
11.46099203999,50.3089136235514,1502.5
11.4281742389946,50.2894204698644,1492.51001140198
11.395600070944,50.2700470798299,1482.53582354711
11.347662929784,50.2414913359831,1467.75058586692
11.3002492754233,50.2131943130319,1453
11.2508516742369,50.1836569584685,1437.49595584382
11.2224795219176,50.1666657835704,1428.52728207025
11.1830993243795,50.1430507411496,1416.00091043435
11.144083155775,50.1196178331857,1403.5
11.1090068714817,50.0985204294909,1392.1836683677
11.074225167109,50.0775714000808,1380.88870621486
11.0397345304307,50.0567693166029,1369.61505306817
11.005531503951,50.0361127680337,1358.36264868231
10.9923301131,50.0281324837862,1354
10.9383833315713,49.9954783161331,1336.05757999491
10.9147900370598,49.9811753935577,1328.15206802809
10.891335294562,49.9669432851675,1320.25731532995
10.8680179496763,49.9527815107825,1312.37329995064
10.8448368605762,49.9386895943342,1304.5
10.8090359916657,49.9169007498753,1292.27046329956
10.7912578396738,49.9060693301238,1286.16558487831
10.7735605102812,49.8952796180518,1280.0672855322
10.7718066453063,49.8942099116585,1279.46176837359
10.7700535724568,49.8931406145638,1278.85631604003
10.7614120214249,49.8878685708173,1275.86876266185
10.7527896963769,49.8826064681872,1272.88278717215
10.7356024827085,49.8721119841969,1266.91556486065
10.7184914478593,49.8616569574123,1260.95463912357
10.7014561132281,49.8512411846089,1255
10.6953618239756,49.8475133070249,1252.86486936871
10.6770368330183,49.8362985172634,1246.42905929664
10.6679074582055,49.8307083716116,1243.21398312205
10.6588000637265,49.8251296826313,1240.00079064521
10.6497145745944,49.8195624181559,1236.78948021112
10.640650916157,49.8140065461336,1233.58005016674
10.6361272501311,49.8112328722583,1231.97603977464
10.631609013935,49.8084620345283,1230.37249886094
10.6270961983304,49.805694028969,1228.76942721957
10.6248418203587,49.8043110870072,1227.96806731163
10.6225887940797,49.8029288516008,1227.16682464455
10.5921961844566,49.7842709474721,1216.32268603573
10.5620486539418,49.7657414285619,1205.5
10.5276829019841,49.7445924335187,1193.08182241803
10.4936361099077,49.7236114972721,1180.69249676883
10.4599041014576,49.7027967950003,1168.33192261882
10.4264827716109,49.6821465269213,1156
10.3611975418659,49.6417298507709,1131.66158906888
10.3277578979714,49.6209878368539,1119.06540313811
10.2946337757026,49.6004146069621,1106.5
10.2627095114399,49.5805612092139,1094.30565081738
10.2310790183593,49.5608658924931,1082.1409665081
10.1985773062387,49.5406025437346,1069.5546440837
10.1663833864156,49.5205055267837,1057
10.1353674030105,49.5011197441959,1044.82116506304
10.1046381390549,49.4818898255445,1032.67290433428
10.0729774020357,49.462052674314,1020.07004160769
10.0416186892346,49.442380387019,1007.5
10.0114497850623,49.4234315855775,995.323620858176
9.9815614305187,49.4046368069569,983.178802118096
9.95074906793693,49.3852378364042,970.572443581608
9.92023257486414,49.3660019535089,958
9.90554000184568,49.3567323435253,951.91554374812
9.89091647592417,49.3475009751836,945.839249902263
9.86187475842075,49.3291521098915,933.711083816563
9.84682757578884,49.3196368946707,927.395103104456
9.83185362388284,49.3101623960862,921.087941193903
9.80212342866693,49.2913346063552,908.5
9.78784501127313,49.282284421671,902.423247724747
9.77363423132604,49.2732720611131,896.354941210249
9.74541380293152,49.2553599579335,884.243595131338
9.73075160243187,49.2460456995244,877.918955197763
9.7161615318193,49.2367719300949,871.60348931928
9.68719580909644,49.2183449070186,859
9.67327453098656,49.2094811860666,852.91138122816
9.65941979460061,49.2006550141957,846.831503704974
9.63190818213778,49.1831144585978,834.697897215213
9.61766524864913,49.1740261470263,828.384305116467
9.60349276661873,49.1649777371653,822.080138932514
9.57535722430481,49.1469996765911,809.5
9.54841908134372,49.1297680867622,797.373209296456
9.53504711593371,49.1212076282072,791.323321138095
9.5217393122366,49.1126837759213,785.282411049003
9.49399091600907,49.0948961540313,772.621532191134
9.4802209498618,49.0860619535583,766.3058592348
9.47336181287324,49.0816596505427,763.151704332378
9.46651982679754,49.0772671726177,760
9.43981957969191,49.0601146107263,747.624980525305
9.41947224356673,49.047031144362,738.10585056905
9.39944987155471,49.034146413889,728.662576868828
9.37974546190347,49.0214563943047,719.29425629553
9.36035220344672,49.0089571624539,710
9.347693643421,49.0007933997299,703.893262828064
9.33516633435008,48.992710284002,697.818265601651
9.33495323120707,48.9925727469914,697.714649662011
9.31049820565752,48.9767817927695,685.762506287605
9.31008076426247,48.9765121132269,685.557420936635
9.29814714460721,48.9688007691151,679.679239165515
9.28633337777958,48.9611633094039,673.830777988988
9.27934535185963,48.9566439645376,670.357470241551
9.27239902205605,48.9521503555497,666.894602614602
9.26549405190542,48.9476822864576,663.442128107172
9.26205697179623,48.9454577681865,661.719773662561
9.25863010698595,48.9432395622442,660
9.23525970662763,48.9281039596286,647.44308825296
9.23398488809977,48.927277936501,646.754516626808
9.21233902604547,48.9132461065867,635.004994961893
9.20983960422845,48.9116250992248,633.641205778202
9.18985640894857,48.8986592131285,622.6840416075
9.18618060087161,48.8962730949513,620.658098913648
9.16780058006785,48.8843366964514,610.478581138349
9.16694011433688,48.8837776794219,610
9.16299469341152,48.8812142237825,607.803266391352
9.14616062981688,48.8702721731876,598.386997236882
9.14510535638789,48.8695860100616,597.794365946859
9.12368345964029,48.8556508464994,585.703166460287
9.10266388413061,48.8419659924274,573.724799718285
9.07882506413605,48.8264319790099,560
9.0670978354091,48.818784862406,553.192741540924
9.05785260492439,48.8127537285674,547.800018114301
9.05267250415855,48.8093735278828,544.768301784382
9.04751728237324,48.8060088786428,541.743844590016
9.04238677802428,48.8026596851132,538.726620490491
9.03728083089575,48.7993258522985,535.716603569497
9.0351880762519,48.797959234023,534.480806121155
9.03414324290125,48.7972768910856,533.863362308618
9.03362121162192,48.7969359608129,533.554754032585
9.03309943704699,48.7965951912034,533.246221472873
9.03076220365503,48.7950686644707,531.863248856533
9.02843011611662,48.7935453589708,530.481796516729
9.02726599721791,48.7927849113164,529.791639667362
9.02610315903897,48.7920252655593,529.101861948018
9.02494159967279,48.7912664205669,528.412463046378
9.02436129894554,48.7908872980014,528.067905554689
9.0240712682174,48.7906978116399,527.895662281578
9.02378131720695,48.7905083752025,527.723442650462
9.01828277426543,48.7869155516487,524.453026404614
9.01709945395012,48.7861422524067,523.748093657487
9.00367207148301,48.777364946045,515.721110339925
8.99415437583178,48.7711405470118,510
8.97965187913744,48.7616517036586,501.231837635871
8.9625197479815,48.7504353492445,490.793867695779
8.94567195637927,48.7393977876224,480.443297181012
8.92910215599125,48.7285352208535,470.179032946135
8.91280417705977,48.7178439517447,460
8.90502211485494,48.7127366022852,455.110153799645
8.89730149221711,48.7076680326293,450.239855181777
8.88964165492229,48.7026378493299,445.388987165494
8.88204195754781,48.6976456639381,440.55743370145
8.87450176332879,48.6926910929272,435.745079662605
8.8670204440173,48.6877737576177,430.951810835079
8.85959737974454,48.6828932841039,426.177513909115
8.85223195888534,48.678049303181,421.42207647015
8.84780699453631,48.6751384843212,418.556340878194
8.84340274417445,48.6722407891453,415.697432495386
8.8390190769359,48.6693561385198,412.845326953464
8.83683492110228,48.6679186801658,411.421817664446
8.83465586244967,48.6664844535457,410
8.81900032568822,48.6561765839347,399.307878836069
8.80358629598049,48.6460215332883,388.697138499809
8.79968752969546,48.6434519790674,386
8.78840875712922,48.636016279221,378.166853394176
8.77346282430815,48.6261578740637,367.716111905669
8.76250204132972,48.6189244134639,360
8.7587437251031,48.6164434328779,357.344016141245
8.74869059499682,48.6098052514186,350.213610508655
8.74424683857376,48.6068701597381,347.049681671167
8.73507629965533,48.6008114189864,340.49665633665
8.72165538200156,48.591940627879,330.84840112145
8.70842413144575,48.5831906232943,321.268118876023
8.69298229012034,48.5729729750672,310
8.67968116859979,48.5641668432106,300.217481876511
8.66657185766005,48.5554832002486,290.505624974055
8.65365063634209,48.5469197734966,280.863666446062
8.64091387463679,48.5384743429778,271.290854387338
8.62600799919946,48.5285852622451,260
8.61320009315753,48.5200834241295,250.221496159884
8.60057885850603,48.5117013147599,240.514923480173
8.58814063769168,48.5034366855692,230.879491175603
8.57588186340425,48.4952873407643,221.314420010072
8.56865716754729,48.4904826958226,215.644922069009
8.56149429461462,48.4857178196001,210
8.5546471043908,48.4811616886633,204.581591531031
8.54781820035717,48.4766165054733,199.16578174378
8.53421497295986,48.4675588351184,188.341950740003
8.52690000404178,48.4626861837182,182.501932901358
8.51960603069406,48.4578261245707,176.664936727765
8.50508072791621,48.4481436009673,165
8.50192769217094,48.4460410673716,162.460614540196
8.48960284981996,48.4378200161633,152.509498489537
8.47733799222212,48.4296350275424,142.567164179106
8.47004773329149,48.4247679844071,136.638571687629
8.45984308449289,48.4179529285703,128.316210957766
8.44967986991287,48.4111628304864,120
8.44015270834507,48.4047952227338,112.178010498598
8.42632178787693,48.3955469008691,100.775120697231
8.41928064453563,48.3908367705906,94.9483509011809
8.41226364887407,48.3861414986227,89.126912393105
8.40527068487813,48.381461020312,83.3107978594423
8.39830163725722,48.376795271366,77.5
8.39196928817375,48.3725546827715,72.2074135776759
8.38565663311192,48.3683262335921,66.9192339716901
8.37936358627704,48.364109875893,61.6354556803995
8.37309006235981,48.3599055619824,56.3560732113143
8.3667521609018,48.3556570530723,51.0103056534594
8.36043413507659,48.3514208155744,45.6690413893526
8.35413589759696,48.3471968006032,40.3322747310044
8.35099417223961,48.3450893612857,37.6655762291114
8.34942515318883,48.3440367810257,36.332647874741
8.34864110398226,48.3435107754159,35.6662888829499
8.34785736143169,48.342984959361,35
8.34601206636424,48.3417468795517,33.125
8.34416795812177,48.3405095064558,31.25
8.34048329752969,48.3380368779954,27.5
8.33680337050558,48.3355670691692,23.75
8.33496517922867,48.3343332206186,21.875
8.33404652615067,48.3337165600469,20.9375
8.33358731018953,48.3334082956541,20.46875
8.33312816792329,48.3331000751777,20
8.33078713871859,48.3315284647298,17.3283812080545
8.32844822982008,48.3299581335223,14.6567624161089
8.32524380197501,48.3278064633997,10.9925718120812
8.32204334975449,48.3256571926966,7.32838120805445
8.31884686575762,48.3235103174154,3.66419060402677
8.31725010953528,48.3224377768111,1.83209530201384
8.31645210246495,48.3219017305501,0.916047651006011
8.3160531916397,48.3216337634028,0.458023825503005
8.31565434260182,48.3213658335671,0
