126.64,5.51,33
126.639892283355,5.51014175093149,33.125
126.638276011172,5.51226869205386,35
126.637587490832,5.5131747477411,35.6662888829499
126.636898710981,5.51408114137226,36.332647874741
126.635520372199,5.5158949431655,37.6655762291114
126.632760574485,5.5195266097884,40.3322747310044
126.627228467732,5.52680623458091,45.6690413893526
126.621679620021,5.53410765733864,51.0103056534594
126.616113960289,5.54143096917497,56.3560732113143
126.610605468679,5.5486788290261,61.6354556803995
126.605080468838,5.55594817963893,66.9192339716901
126.599538891353,5.56323910997854,72.2074135776759
126.593980666429,5.57055170948796,77.5
126.587864320353,5.57859832254975,83.3107978594423
126.581727764667,5.58667123787394,89.126912393105
126.575570905643,5.59477057553482,94.9483509011809
126.569393648985,5.60289645631827,100.775120697231
126.55726196323,5.61885425226631,112.178010498598
126.548907058949,5.6298434855933,120
126.539995982804,5.64156366457592,128.316210957766
126.531050283088,5.65332876900187,136.638571687629
126.524660470283,5.66173207434099,142.567164179106
126.513912453963,5.67586618652101,152.509498489537
126.503114351151,5.69006526693443,162.460614540196
126.500352296556,5.69369711529554,165
126.487630249986,5.71042467629346,176.664936727765
126.481243091735,5.71882234683376,182.501932901358
126.474838419208,5.72724272627486,188.341950740003
126.462930334887,5.74289772657172,199.16578174378
126.456953538245,5.75075472401921,204.581591531031
126.450961498267,5.75863147987185,210
126.444693759011,5.7668703518631,215.644922069009
126.438372494069,5.7751792709739,221.314420010072
126.42764796067,5.78927530176938,230.879491175603
126.416768120661,5.80357453891422,240.514923480173
126.405729923121,5.81808094967387,250.221496159884
126.394530240875,5.83279859966839,260
126.381498263301,5.84992284210037,271.290854387338
126.370364614092,5.86455157987586,280.863666446062
126.359071511642,5.87938881819804,290.505624974055
126.347615856188,5.89443858367283,300.217481876511
126.335994471251,5.90970500170249,310
126.322505083247,5.92742396079883,321.268118876023
126.310948804617,5.94260252373749,330.84840112145
126.299228771804,5.95799506907703,340.49665633665
126.291221549723,5.96851074329449,347.049681671167
126.287341820546,5.97360570291133,350.213610508655
126.278565462326,5.98513059076035,357.344016141245
126.275284735326,5.98943859651814,360
126.265717647684,6.00200088210123,367.716111905669
126.252674169841,6.01912672123227,378.166853394176
126.239430963879,6.03651337843992,388.697138499809
126.225983871163,6.05416624396535,399.307878836069
126.21232862262,6.07209084979756,410
126.210425947107,6.07458828115445,411.421817664446
126.20851886345,6.07709146867122,412.845326953464
126.204691416908,6.08211518322954,415.697432495386
126.200846171349,6.08716213823555,418.556340878194
126.196983014741,6.09223247893947,421.42207647015
126.190553117343,6.10067135877872,426.177513909115
126.18407338501,6.10917529825861,430.951810835079
126.177543294278,6.11774497584249,435.745079662605
126.170962314696,6.12638107896833,440.55743370145
126.164329908709,6.13508430419331,445.388987165494
126.157645531543,6.14385535734121,450.239855181777
126.150908631085,6.15269495365255,455.110153799645
126.144118647764,6.16160381793764,460
126.129900094956,6.18025816208007,470.179032946135
126.115446771194,6.1992187840862,480.443297181012
126.100753402424,6.21849251126455,490.793867695779
126.085814563362,6.23808636471852,501.231837635871
126.073170675534,6.25466867605432,510
126.064873724241,6.26554929525655,515.721110339925
126.053169856957,6.28089674974302,523.748093657487
126.052138498982,6.28224912892167,524.453026404614
126.047346236393,6.28853291578845,527.723442650462
126.047093536307,6.28886425979364,527.895662281578
126.046840767458,6.2891956934187,528.067905554689
126.046335023368,6.28985882965822,528.412463046378
126.045322708918,6.29118617900808,529.101861948018
126.044309291409,6.29251496594899,529.791639667362
126.043294769213,6.29384519258515,530.481796516729
126.041262404293,6.29650997330316,531.863248856533
126.039225601014,6.29918053815003,533.246221472873
126.038770902123,6.29977671405444,533.554754032585
126.03831598183,6.30037317848463,533.863362308618
126.037405476457,6.30156697367039,534.480806121155
126.035581802496,6.30395803460895,535.716603569497
126.031132519225,6.30979147328554,538.726620490491
126.026662058308,6.31565250760194,541.743844590016
126.022170283013,6.32154131423696,544.768301784382
126.017657055484,6.32745807130506,547.800018114301
126.009602592358,6.3380168886037,553.192741540924
125.999386836572,6.35140820331306,560
125.978624035513,6.37862233722579,573.724799718285
125.960320606924,6.40260984755329,585.703166460287
125.941670588441,6.42704859580612,597.794365946859
125.940751958881,6.42825227831929,598.386997236882
125.926098913548,6.44745120598064,607.803266391352
125.922664994619,6.451950174973,610
125.921916100328,6.45293132955147,610.478581138349
125.905920743154,6.47388627894786,620.658098913648
125.902722170433,6.47807634702229,622.6840416075
125.885335329717,6.5008512015515,633.641205778202
125.883160875882,6.50369931089895,635.004994961893
125.864331444717,6.52836044372037,646.754516626808
125.863222614629,6.52981259442584,647.44308825296
125.842897462999,6.55642898010667,660
125.839909459079,6.56034155117698,661.719773662561
125.836912618047,6.56426561430687,663.442128107172
125.830892283756,6.57214839821094,666.894602614602
125.82483617268,6.5800777021119,670.357470241551
125.818743995703,6.58805389837942,673.830777988988
125.808445378242,6.60153663489635,679.679239165515
125.798043106517,6.61515411337673,685.557420936635
125.797679247086,6.61563041953203,685.762506287605
125.776364983375,6.64352955335093,697.714649662011
125.776179264211,6.64377263106833,697.818265601651
125.765262185335,6.65806085811505,703.893262828064
125.754231636129,6.67249650653539,710
125.737334296238,6.69460788111069,719.29425629553
125.720168014436,6.71706854345593,728.662576868828
125.702726941064,6.73988601216781,738.10585056905
125.685005063249,6.76306801278321,747.624980525305
125.66175343272,6.79347913930859,760
125.655795931061,6.80127024110578,763.151704332378
125.649824050373,6.80907982079061,766.3058592348
125.637836957992,6.82475465649738,772.621532191134
125.613688076103,6.85632875128091,785.282411049003
125.60210976141,6.87146521509189,791.323321138095
125.590477710436,6.88667067868805,797.373209296456
125.56705100242,6.91729035114058,809.5
125.542592022071,6.94925378768867,822.080138932514
125.530275003983,6.96534777045681,828.384305116467
125.517899114058,6.9815172444297,834.697897215213
125.49400054766,7.01273736521489,846.831503704974
125.481968644744,7.02845331725236,852.91138122816
125.469881187651,7.04424045440047,859
125.444738239903,7.07707461297438,871.60348931928
125.432077374856,7.09360615076792,877.918955197763
125.419356386952,7.11021465133831,884.243595131338
125.394879171201,7.14216770586396,896.354941210249
125.382556788998,7.15825141749347,902.423247724747
125.370178079944,7.17440717774368,908.5
125.34441089825,7.20803182138614,921.087941193903
125.331436789297,7.22495983076937,927.395103104456
125.318401804525,7.24196562204781,933.711083816563
125.29325099352,7.27477336932366,945.839249902263
125.280590294024,7.2912861662968,951.91554374812
125.267872249064,7.30787217587128,958
125.241464659581,7.34230608444419,970.572443581608
125.214811711882,7.37705295448646,983.178802118096
125.188968240981,7.41073781059579,995.323620858176
125.162892331863,7.44471889941303,1007.5
125.135798819631,7.4800188944911,1020.07004160769
125.108455495769,7.51563690210358,1032.67290433428
125.081927273678,7.55018594099234,1044.82116506304
125.055162118729,7.58503633240678,1057
125.027391699686,7.62118796279107,1069.5546440837
124.999367364775,7.65766216106643,1082.1409665081
124.97210535526,7.69313645176113,1094.30565081738
124.944601221157,7.72891804775789,1106.5
124.916075092786,7.76602094504185,1119.06540313811
124.887289336032,7.8034529621448,1131.66158906888
124.831124832648,7.87646243949124,1156
124.802390385113,7.91380216113704,1168.33192261882
124.773400970156,7.95146436125273,1180.69249676883
124.744153337716,7.98945298657621,1193.08182241803
124.714644182373,8.02777204752165,1205.5
124.688767419567,8.06136659611813,1216.32268603573
124.662690012982,8.09521434558979,1227.16682464455
124.660757263029,8.09772270946586,1227.96806731163
124.658823406934,8.10023246854039,1228.76942721957
124.654952372703,8.10525617665515,1230.37249886094
124.651076902992,8.11028547875699,1231.97603977464
124.647196990504,8.11532038366347,1233.58005016674
124.639423808077,8.12540703706127,1236.78948021112
124.631632766587,8.13551620794543,1240.00079064521
124.623823807083,8.14564796751772,1243.21398312205
124.615996870356,8.15580238727634,1246.42905929664
124.600288828284,8.17617949328588,1252.86486936871
124.59506562452,8.18295464866857,1255
124.580467284897,8.20188896174836,1260.95463912357
124.565807118807,8.2209011213234,1266.91556486065
124.551084749005,8.23999158177408,1272.88278717215
124.543700118514,8.24956631838388,1275.86876266185
124.536299794229,8.25916080219438,1278.85631604003
124.534798617757,8.26110699660292,1279.46176837359
124.533296794773,8.26305400437378,1280.0672855322
124.518144466266,8.28269654243601,1286.16558487831
124.502926188738,8.30242202455515,1292.27046329956
124.47229013574,8.3421238044787,1304.5
124.452460274934,8.36781610612075,1312.37329995064
124.432519403465,8.39364782362157,1320.25731532995
124.412466623153,8.41962003362826,1328.15206802809
124.392301026065,8.445733823778,1336.05757999491
124.346212923307,8.50539925309312,1354
124.33493910424,8.51999063600379,1358.36264868231
124.305738312966,8.55777769565784,1369.61505306817
124.276303843484,8.59585733980694,1380.88870621486
124.246632982038,8.63423280290391,1392.1836683677
124.216722972444,8.67290736679506,1403.5
124.183467658978,8.71589542971902,1416.00091043435
124.14991727262,8.75925197566581,1428.52728207025
124.125754726065,8.79046870040417,1437.49595584382
124.083705005813,8.84477847985115,1453
124.043366367747,8.89685883650902,1467.75058586692
124.002604386719,8.94946630427656,1482.53582354711
123.974918427833,8.98518663277566,1492.51001140198
123.947035611137,9.02115174473057,1502.5
123.876453380355,9.11215190151915,1527.54507831142
123.832890490076,9.1682867282156,1542.83118695309
123.806582739665,9.20217559667066,1552
123.767396071294,9.25263912468712,1565.57126913744
123.727830608042,9.30357145268941,1579.170417641
123.695149789279,9.34562676312235,1590.32581136295
123.662208429054,9.3880040494865,1601.5
123.587796624656,9.48368139016431,1626.48639000535
123.527209736325,9.56153193872953,1646.57372505332
123.513766405966,9.57879958004976,1651
123.47451598164,9.629202801677,1663.8601754062
123.434903531874,9.68005117177453,1676.74440637374
123.398158541022,9.72720092455956,1688.61198033775
123.361099444462,9.7747362820876,1700.5
123.282480415872,9.87552183009682,1725.4548124004
123.209012099047,9.96963222066684,1748.45502649824
123.204041959913,9.97599626361027,1750
123.163230128459,10.0282418029102,1762.63439076853
123.122044748315,10.0809434154238,1775.29117016255
123.082405394792,10.1316456139746,1787.3853461322
123.042417050112,10.1827731495496,1799.5
122.959330509765,10.2889363365683,1824.39975341869
122.918947682794,10.3405018190739,1836.37139519048
122.878211142876,10.3924967196239,1848.36269448377
122.877124696027,10.3938831211058,1848.68134029567
122.8760379965,10.3952698290602,1849
122.854733878914,10.4224522107557,1855.23500903794
122.83333254898,10.4497524331343,1861.47531612652
122.790235618543,10.5047093610812,1873.9718514899
122.747662331408,10.5589736523344,1886.22570701501
122.704703638689,10.6137039965252,1898.5
122.661179015241,10.6691294287363,1910.84442848281
122.617257303298,10.7250339562701,1923.2092043829
122.572933088451,10.7814236190965,1935.59437804998
122.528200854804,10.8383045598083,1948
122.485422680316,10.8926744958689,1959.77676083581
122.442268064975,10.9474967624704,1971.5719790383
122.439750267606,10.9506944808651,1972.25753325194
122.437231183004,10.9538937443402,1972.94314986794
122.414654949653,10.9825617821632,1979.07486614926
122.391975067765,11.0113541567524,1985.21157586195
122.369190825663,11.040271654679,1991.35328510815
122.346301504955,11.0693150692176,1997.5
122.300067595778,11.1279567341744,2009.84502897631
122.253403638897,11.1871127646903,2022.2100063482
122.158761514442,11.306994346727,2047
122.107111056006,11.3723642462049,2060.36870830591
122.06223961996,11.4291228344759,2071.89234040359
121.965320591861,11.5516162465458,2096.5
121.858589342776,11.6863500874462,2123.16098513565
121.765697848662,11.8034745179325,2146
121.760782841801,11.8096681053982,2147.19913328747
121.66113494276,11.9351594087614,2171.31202186828
121.559592917895,12.0628806094031,2195.5
121.506857196418,12.1291500796421,2207.91232549126
121.453603119586,12.1960274020046,2220.34447117778
121.403102332503,12.2594065092124,2232.04013039989
121.346682482003,12.330167171148,2245
121.237742569535,12.4666564290079,2269.71064065429
121.126618568248,12.6056891906063,2294.5
121.080508938987,12.6633216325062,2304.66492071891
121.034017353107,12.7213970862678,2314.84316635167
121.013348961772,12.7472041013099,2319.34536379588
120.899024768545,12.8898275763034,2344
120.766506582015,13.0548834676285,2372.0612614952
120.663496761639,13.1829871910869,2393.5
120.653088264683,13.1959215510299,2395.64836841572
120.639374876334,13.2129600788805,2398.47391666304
120.625629048271,13.2300357919865,2401.3004964165
120.598039605276,13.2642992533032,2406.95675270202
120.570318989995,13.2987129043566,2412.61714179685
120.54246624861,13.3332777213184,2418.28166823218
120.481352783819,13.4090732695739,2430.63099049315
120.419598099554,13.4856006248097,2443
120.293860896798,13.6412177446314,2467.84827539613
120.230693527648,13.7192950690153,2480.16420665138
120.166851544653,13.79813719975,2492.5
120.037212373442,13.9580212071794,2517.20988262419
119.904740089416,14.1210996515162,2542
119.828997989189,14.2142039408872,2555.96968856544
119.752308702851,14.3083702484772,2569.96536136428
119.750457527149,14.3106420193319,2570.30136722411
119.748605795766,14.3129144118144,2570.63738807489
119.744900664932,14.317461062673,2571.3094747533
119.73748372381,14.3265618350552,2572.65382804564
119.72262306612,14.3447933193227,2575.34325459725
119.692794185696,14.3813765025286,2580.72498936814
119.632702422372,14.4550274117943,2591.5
119.562955058644,14.5404323469667,2603.89554466347
119.492418726281,14.626715284989,2616.31173760945
119.394774487395,14.7460108195722,2633.30425228385
119.350123958888,14.8005049134377,2641
119.277937994823,14.8885287350821,2653.34395023328
119.204921506367,14.977469251429,2665.70856565713
119.13105962036,15.0673408217959,2678.09389820886
119.056337086875,15.1581581180106,2690.5
119.026415911663,15.1944954103847,2695.43330787115
118.958556472765,15.2768451625786,2706.54938086619
118.889976452902,15.359982987077,2717.68249439006
118.750606766852,15.5286683903379,2740
118.719164713497,15.5666740600811,2744.97932763395
118.648250414135,15.652323953946,2756.13924688407
118.576659207132,15.7386955835361,2767.30765889383
118.504380725367,15.8257983234861,2778.48457336147
118.431404374684,15.9136417196944,2789.67
118.374748161294,15.9817703977834,2798.28585062775
118.238310492152,16.1455842333636,2818.79348811137
118.099397379533,16.3120030414351,2839.33
118.023635648801,16.4026090328606,2850.3872878975
117.889781153644,16.5624175972765,2869.68099414036
117.821981853673,16.6432296314196,2879.33733150893
117.753590321168,16.724656295873,2889
117.752773171058,16.7256286359065,2889.1000846569
117.751955888674,16.7266011202033,2889.20017366278
117.750320926951,16.7285465217138,2889.40036472264
117.747049414779,16.732439057295,2889.80079904268
117.740500028216,16.7402310658525,2890.60187654757
117.727375747558,16.7558428899078,2892.20486752515
117.701024684478,16.7871782268061,2895.41419742546
117.647908738299,16.8502993786481,2901.84628168333
117.594233601093,16.9140284230365,2908.29632769777
117.539990215268,16.9783741764107,2914.76441081194
117.436089634601,17.1014620855885,2927.01472392131
117.330069646072,17.2268387684016,2939.33
117.217814048653,17.3593439192214,2952.17095087527
117.160788268341,17.4265593061318,2958.61750086836
117.103150676578,17.4944290931635,2965.08152815299
116.992574974254,17.6244464881868,2977.33921702579
116.879708565615,17.7569008758605,2989.66
116.76024829831,17.8968099010786,3002.49571543133
116.638184923516,18.0394649405767,3015.39890143113
116.520275475102,18.1769734082105,3027.66381416945
116.399878280514,18.3170857673024,3039.99
116.272499568338,18.4649942343104,3052.81908434385
116.142292582574,18.6158359255411,3065.71352997519
116.016270322456,18.7614903099338,3077.98700900047
115.887531165097,18.9099385206553,3090.32
115.751312082507,19.0666289359293,3103.14955388861
115.611999296941,19.2264689429427,3116.04247592231
115.476988120891,19.3809770390333,3128.32235675033
115.338993036798,19.5384948523479,3140.66
115.193035595772,19.7046538644463,3153.48051912725
115.043676760448,19.8742065325455,3166.3623986169
114.898627127969,20.0384020500159,3178.6481624524
114.750277612525,20.2058566873021,3190.99
114.432524109775,20.5629017606235,3216.69183982688
114.276233232778,20.7376985866933,3228.97873402073
114.11626752724,20.9160422908817,3241.32
113.781935877187,21.2869350293751,3266.37483646147
113.43091931374,21.6736272392885,3291.65
113.302712635876,21.8141678851399,3300.62894076405
113.209541807861,21.9160673751236,3307.07193322699
113.059035306267,22.0802555754814,3317.33618064189
112.737750292818,22.4290109890401,3338.6688674973
112.686818316702,22.484079918392,3341.98
112.464843412359,22.7233862210344,3356.19208780315
112.236151615128,22.9687419911628,3370.47067351015
112.057572953027,23.1594890534118,3381.37088028597
111.874737693526,23.3540135582162,3392.31
111.873820186196,23.3549877586126,3392.36434000005
111.703417478013,23.5355786684883,3402.36247766525
111.134217580201,24.1338759544338,3434.44472730291
110.982997938981,24.2915441138317,3442.64
110.524120081984,24.766681162484,3466.70910756626
110.108030162121,25.1931964244113,3487.5369695979
109.996391982016,25.3069309611532,3492.97
109.868745136387,25.4366108138256,3499.1039710572
109.159424209314,26.1501392158928,3531.7293278752
108.894616656349,26.4134302985917,3543.3
108.388121165834,26.912339085646,3564.56143118921
107.844880094638,27.4405932137236,3586.15679406558
107.649265705876,27.629073476407,3593.64
107.545849620326,27.7283460640787,3597.53542656682
106.615340096575,28.6100050356124,3630.78033222899
106.219914625441,28.9783703047379,3643.97
105.579277869154,29.5672029708017,3664.23116754033
104.76051736286,30.3054567380203,3688.25154454241
104.542916486861,30.4989708620911,3694.3
104.411622581495,30.6151863523849,3697.88393367011
103.070337988251,31.779024651348,3731.82301655774
102.510584931654,32.252188403636,3744.63
101.496269879784,33.0909710256098,3765.97595971175
99.9626870750962,34.3141357198014,3794.08314579437
99.910348765839,34.3549344748404,3794.96
99.5820825147278,34.6094141546031,3800.34253176438
97.0972401880648,36.4579793275694,3835.00544199814
96.1836119827792,37.1038384853536,3845.29
93.3608951044769,38.9886780209176,3869.90796215946
92.8816983256852,39.292522810838,3873.11357344114
92.3577878393157,39.6195009311778,3876.32157748084
91.1159822479016,40.3731004825559,3882.74477455844
85.9474343186187,43.2021461554295,3893.89196531075
80.3002714885073,45.7766404063103,3882.74477455844
78.7855271089569,46.3840867152017,3876.32157748084
78.1260884399325,46.638221636829,3873.11357344114
77.5119889104843,46.8693797556643,3869.90796215946
73.6707130882258,48.199524355588,3845.29
72.3406848708204,48.6155579082195,3835.00544199814
68.4923035926365,49.6986229822786,3800.34253176438
67.9576467381326,49.8354608931751,3794.96
67.8718202336405,49.8571265752615,3794.08314579437
65.2849102903045,50.4719620969971,3765.97595971175
63.4959903876838,50.8550998697936,3744.63
62.4817571871567,51.0575473343001,3731.82301655774
59.9725454508311,51.5138296640116,3697.88393367011
59.7209262385986,51.5561534736969,3694.3
59.3015463901986,51.6253283892049,3688.25154454241
57.6972603175919,51.8743502589137,3664.23116754033
56.4131500973962,52.0561283947251,3643.97
55.6080118811252,52.1622765942622,3630.78033222899
53.6761101758635,52.3927767547477,3597.53542656682
53.4582101929542,52.4166554932736,3593.64
53.0443228881889,52.460839569442,3586.15679406558
51.883208481585,52.5766457636292,3564.56143118921
50.7853838258727,52.6751858842927,3543.3
50.2056743622437,52.7229612995658,3531.7293278752
48.6339328006289,52.8378129146428,3499.1039710572
48.3482273532628,52.856400224342,3492.97
48.097652827351,52.8721249149211,3487.5369695979
47.1580614676958,52.9263007751096,3466.70910756626
46.1117469806627,52.9777714763994,3442.64
45.7646868270013,52.992790725377,3434.44472730291
44.4486677113271,53.0404850924443,3402.36247766525
44.0518063170188,53.0519999839516,3392.36434000005
44.0496659782785,53.0520584894154,3392.31
43.6224144581007,53.0629653128724,3381.37088028597
43.2037123715044,53.0721645371517,3370.47067351015
42.6655447119219,53.0818254615974,3356.19208780315
42.1411259686546,53.0889010132494,3341.98
42.0205190037122,53.0902019755189,3338.6688674973
41.2573783635766,53.0956065330626,3317.33618064189
40.8985317618079,53.0964605100108,3307.07193322699
40.6759685851547,53.0964479372037,3300.62894076405
40.3691988809427,53.0957501760269,3291.65
39.5263463775307,53.0897721646087,3266.37483646147
38.7197349761979,53.0784721366969,3241.32
38.3325527232133,53.071108030365,3228.97873402073
37.9535202866917,53.0626788134736,3216.69183982688
37.1807498916597,53.0417493832009,3190.99
36.8190224915414,53.0302238818191,3178.6481624524
36.4647900861623,53.0178672141323,3166.3623986169
36.0994870671546,53.0040140165101,3153.48051912725
35.7419894346423,52.9893637356342,3140.66
35.4035473373905,52.9744965140995,3128.32235675033
35.0720216030306,52.9589907040865,3116.04247592231
34.7295354391457,52.9419912388353,3103.14955388861
34.3942830548303,52.9243835692294,3090.32
34.0771187413655,52.906843456813,3077.98700900047
33.7663612121967,52.8888240060708,3065.71352997519
33.4450026976631,52.8693203865717,3052.81908434385
33.1303630117094,52.849366364498,3039.99
32.832744839106,52.8297088163198,3027.66381416945
32.5410786318926,52.8097043549692,3015.39890143113
32.2389443950447,52.7882078650758,3002.49571543133
31.943076829899,52.7663922534356,2989.66
31.6633916574015,52.7450723339523,2977.33921702579
31.389253706645,52.7235159864102,2965.08152815299
31.2463120872827,52.7120166701534,2958.61750086836
31.1048578314976,52.7004617388232,2952.17095087527
30.8263228368648,52.677198685764,2939.33
30.563169064491,52.6545970753692,2927.01472392131
30.3051993080284,52.6318516527548,2914.76441081194
30.1704938270573,52.6197423349171,2908.29632769777
30.0371827442275,52.607601265982,2901.84628168333
29.9052452767017,52.5954312360663,2895.41419742546
29.8397852385207,52.5893362028178,2892.20486752515
29.8071812957256,52.5862863261699,2890.60187654757
29.7909107074765,52.5847608156058,2889.80079904268
29.7827832422272,52.5839979194658,2889.40036472264
29.7787214647123,52.5836164364553,2889.20017366278
29.7766910644689,52.5834256862492,2889.1000846569
29.7746609898017,52.5832349302555,2889
29.6047431741627,52.5671396038001,2879.33733150893
29.4362782421271,52.5509299461164,2869.68099414036
29.1036374555507,52.518185025554,2850.3872878975
28.9153420632414,52.4992139332587,2839.33
28.570067665015,52.4636067912296,2818.79348811137
28.2309319450081,52.4275963798901,2798.28585062775
28.0901052949296,52.4123403542,2789.67
27.9087165788839,52.3924278576194,2778.48457336147
27.7290694979747,52.3724149508414,2767.30765889383
27.5511404374756,52.352306830838,2756.13924688407
27.3749061870795,52.3321085334179,2744.97932763395
27.2967719665203,52.3230636828326,2740
26.9504773778339,52.2823105459068,2717.68249439006
26.780105028645,52.2618608148695,2706.54938086619
26.6115454618215,52.2413685593132,2695.43330787115
26.5372305004386,52.2322515733015,2690.5
26.3516653755434,52.2092660901796,2678.09389820886
26.1682718085013,52.1862399619796,2665.70856565713
25.9870138399606,52.1631788525967,2653.34395023328
25.8078562737711,52.140088196928,2641
25.6970591458296,52.1256602109947,2633.30425228385
25.4548204254016,52.0937212427786,2616.31173760945
25.2798850517018,52.0703186191275,2603.89554466347
25.106953298539,52.0469051020948,2591.5
24.9580010854208,52.0265154328998,2580.72498936814
24.8840769732002,52.016319472403,2575.34325459725
24.8472517861058,52.0112213658076,2572.65382804564
24.8288732698119,52.0086722999851,2571.3094747533
24.8196925135524,52.007397766305,2570.63738807489
24.8151042587208,52.0067604995668,2570.30136722411
24.8105174185953,52.0061232330084,2569.96536136428
24.6205306903815,51.9795550936712,2555.96968856544
24.4329576614817,51.9529932991729,2542
24.105064566378,51.9057682057736,2517.20988262419
23.7844086142936,51.8586061987785,2492.5
23.6265854621478,51.8350367114871,2480.16420665138
23.4704889759149,51.8114928208889,2467.84827539613
23.1599547144419,51.7639663782041,2443
23.0075310452085,51.7403019092926,2430.63099049315
22.8567523053318,51.7166742271776,2418.28166823218
22.788055216845,51.7058368738443,2412.61714179685
22.7196972962805,51.6950080865825,2406.95675270202
22.6516761602821,51.6841881086043,2401.3004964165
22.6177911458352,51.6787814974669,2398.47391666304
22.5839894435529,51.6733771776262,2395.64836841572
22.5583361065728,51.6692683058678,2393.5
22.3045587614507,51.6282793446353,2372.0612614952
21.9783769831574,51.5746817551898,2344
21.6972551803689,51.5276597407518,2319.34536379588
21.6464601620281,51.5190813825586,2314.84316635167
21.532233951153,51.4996986493831,2304.66492071891
21.4189910226839,51.4803568702363,2294.5
21.1462638776118,51.4332595503422,2269.71064065429
20.8791624173949,51.386424812204,2245
20.7409372459508,51.3619113704615,2232.04013039989
20.6172763589769,51.3398205866143,2220.34447117778
20.4869389708759,51.3163729726316,2207.91232549126
20.3579374894464,51.2929994752158,2195.5
20.1097389335848,51.2475625244876,2171.31202186828
19.8664222499578,51.2024214937551,2147.19913328747
19.8544275468594,51.2001808418369,2146
19.6278513666192,51.1575839822675,2123.16098513565
19.3678008743989,51.108056164039,2096.5
19.1319266383247,51.0625409810844,2071.89234040359
19.0228103625406,51.0412943848315,2060.36870830591
18.8972795735983,51.0167017001538,2047
18.667460737458,50.9712611962695,2022.2100063482
18.554242923712,50.9486766704105,2009.84502897631
18.4421319113544,50.9261833188631,1997.5
18.3866519466998,50.9150043353163,1991.35328510815
18.3314422772729,50.9038483701034,1985.21157586195
18.2765010255812,50.8927154731091,1979.07486614926
18.2218263310497,50.8816056919621,1972.94314986794
18.2157266202927,50.8803643313458,1972.25753325194
18.2096302195382,50.8791232606307,1971.5719790383
18.1051690705609,50.857798008858,1959.77676083581
18.0016756675712,50.8365590319523,1948
17.893515551842,50.8142437577193,1935.59437804998
17.7864038298324,50.7920251112494,1923.2092043829
17.6803260432103,50.7699033439848,1910.84442848281
17.5752679919302,50.7478786759536,1898.5
17.4716357394476,50.7260400351841,1886.22570701501
17.3689923208315,50.7042990579101,1873.9718514899
17.2651468316017,50.6821911333755,1861.47531612652
17.213601368726,50.6711754652461,1855.23500903794
17.1623051193957,50.6601853420116,1849
17.1596889586526,50.6596240931455,1848.68134029567
17.1570734455094,50.6590629112542,1848.36269448377
17.0590326920915,50.6379754589468,1836.37139519048
16.9618981687663,50.6169830518748,1824.39975341869
16.7622204406818,50.573516357671,1799.5
16.6662026934301,50.5524645179392,1787.3853461322
16.5710774855803,50.5315118903483,1775.29117016255
16.4723001319936,50.5096530200336,1762.63439076853
16.374477366959,50.4879029848901,1750
16.3625683431169,50.4852481501102,1748.45502649824
16.1866320974858,50.4458508099238,1725.4548124004
15.9985754418042,50.4033728826533,1700.5
15.9100076991176,50.3832358115031,1688.61198033775
15.8222401375768,50.3631973927852,1676.74440637374
15.727679032805,50.341514991251,1663.8601754062
15.6340393445542,50.3199487099305,1651
15.6019807644258,50.3125434669503,1646.57372505332
15.457581798487,50.2790506002234,1626.48639000535
15.2804225614364,50.2376498568534,1601.5
15.2020631148588,50.2192288949553,1590.32581136295
15.1243644611258,50.2008971444315,1579.170417641
15.030352540278,50.1786283601274,1565.57126913744
14.9373003632113,50.1564916665819,1552
14.8748638027332,50.1415850841016,1542.83118695309
14.7715348641676,50.116821512796,1527.54507831142
14.6042759852005,50.0764876534398,1502.5
14.538256406516,50.0604823632612,1492.51001140198
14.472733603638,50.044549894359,1482.53582354711
14.3763203786048,50.0210197604058,1467.75058586692
14.2809743110921,49.9976487498756,1453
14.1816539733685,49.9731962260093,1437.49595584382
14.1246152075061,49.9591037643847,1428.52728207025
14.0454548071089,49.9394856979499,1416.00091043435
13.9670361864615,49.9199825374856,1403.5
13.8965449727854,49.9023923301235,1392.1836683677
13.8266539447396,49.8848970026364,1380.88870621486
13.7573558746611,49.8674960704542,1369.61505306817
13.688643647931,49.8501890467624,1358.36264868231
13.662124824559,49.8434953846142,1354
13.5537696357622,49.8160630786395,1336.05757999491
13.5063875459794,49.8040257971141,1328.15206802809
13.4592875784086,49.7920350979877,1320.25731532995
13.4124673573581,49.7800908006716,1312.37329995064
13.3659245331429,49.7681927243343,1304.5
13.2940513402328,49.7497711351673,1292.27046329956
13.2583636619378,49.7406024105442,1286.16558487831
13.2228404906594,49.7314616168885,1280.0672855322
13.2193201478906,49.7305549859458,1279.46176837359
13.2158014172931,49.7296486297476,1278.85631604003
13.1984566044402,49.725178892698,1275.86876266185
13.1811509195608,49.7207158370188,1272.88278717215
13.1466564368036,49.711809728801,1266.91556486065
13.1123169738007,49.7029302214563,1260.95463912357
13.0781315457488,49.6940772319101,1255
13.0659024286632,49.6909070338594,1252.86486936871
13.0291322124203,49.681364707939,1246.42905929664
13.0108144945063,49.6766052900425,1243.21398312205
12.992541497392,49.6718536842088,1240.00079064521
12.9743130667461,49.6671098767759,1236.78948021112
12.9561290489302,49.6623738540856,1233.58005016674
12.9470536468386,49.6600087577072,1231.97603977464
12.9379892906527,49.6576456023946,1230.37249886094
12.9289359613608,49.6552843864417,1228.76942721957
12.9244134258493,49.6541045051864,1227.96806731163
12.9198936399514,49.6529251081315,1227.16682464455
12.8589268772169,49.6369935989017,1216.32268603573
12.7984585828352,49.6211504021773,1205.5
12.7295380183631,49.6030416355349,1193.08182241803
12.6612660563311,49.5850496441325,1180.69249676883
12.5936341032942,49.5671736015286,1168.33192261882
12.5266337134984,49.5494126835395,1156
12.3957804354564,49.5145762483489,1131.66158906888
12.3287693675085,49.4966597895971,1119.06540313811
12.2623993609108,49.4788636097509,1106.5
12.198441836,49.4616661044965,1094.30565081738
12.135081034004,49.4445823434616,1082.1409665081
12.06998354668,49.4269818433529,1069.5546440837
12.0055110528539,49.4095018266447,1057
11.9434056391097,49.3926178831876,1044.82116506304
11.8818822826063,49.3758479048599,1032.67290433428
11.818502300421,49.3585257106609,1020.07004160769
11.7557352339241,49.3413248231303,1007.5
11.6953575581153,49.3247352850123,995.323620858176
11.6355490664303,49.3082600807435,983.178802118096
11.5738996314635,49.2912338937216,970.572443581608
11.5128502506387,49.2743294899234,958
11.4834601002814,49.2661758311993,951.91554374812
11.4542099588129,49.2580509347005,945.839249902263
11.396125990289,49.2418869466254,933.711083816563
11.366034282128,49.2334972095729,927.395103104456
11.3360910131861,49.2251382676411,921.087941193903
11.2766457194162,49.2085122298462,908.5
11.2480989425413,49.2005132626422,902.423247724747
11.2196892288106,49.1925431446958,896.354941210249
11.1632773338391,49.176688956353,884.243595131338
11.1339708373653,49.168437699954,877.918955197763
11.1048104545302,49.1602174884003,871.60348931928
11.0469239836791,49.1438696359495,859
11.0191057791666,49.1359992945641,852.91138122816
10.9914223267452,49.1281579588808,846.831503704974
10.936456056148,49.1125617853689,834.697897215213
10.9080024383762,49.1044742246485,828.384305116467
10.8796914376515,49.0964176411038,822.080138932514
10.8234933227062,49.0803968271143,809.5
10.7696938895757,49.0650245576921,797.373209296456
10.7429906765331,49.0573817476924,791.323321138095
10.7164172851271,49.0497676430583,785.282411049003
10.661013958269,49.0338657304153,772.621532191134
10.6335231389295,49.0259616661532,766.3058592348
10.6198300058194,49.022021290426,763.151704332378
10.6061715601449,49.0180886604992,760
10.5528802176568,49.0027232984796,747.624980525305
10.5122803260288,48.9909943852834,738.10585056905
10.4723386246134,48.979436318385,728.662576868828
10.4330406605305,48.9680458355076,719.29425629553
10.3943723833491,48.9568197504037,710
10.3691373192674,48.9494838672605,703.893262828064
10.344167693139,48.9422176041094,697.818265601651
10.3437429652021,48.9420939416205,697.714649662011
10.2950097979085,48.9278905132439,685.762506287605
10.2941780586164,48.927647851945,685.557420936635
10.2704024469152,48.9207077515892,679.679239165515
10.2468689714934,48.9138316171561,673.830777988988
10.2329501239492,48.9097615903325,670.357470241551
10.2191154812668,48.9057138687525,666.894602614602
10.2053643519113,48.901688291417,663.442128107172
10.198519889144,48.8996837564916,661.719773662561
10.1916960486567,48.8976846979002,660
10.1452902233739,48.8840750876756,647.44308825296
10.1427591577711,48.8833320438972,646.754516626808
10.0997874944704,48.8707050454516,635.004994961893
10.0948261813025,48.869245750617,633.641205778202
10.0551641223511,48.8575690434407,622.6840416075
10.0478693113226,48.8554193401479,620.658098913648
10.0113971564824,48.8446617096362,610.478581138349
10.0096898592602,48.8441577392682,610
10.0018617129073,48.8418465267873,607.803266391352
9.96846440303146,48.8319778225461,598.386997236882
9.96637101125637,48.8313587870264,597.794365946859
9.92388001672632,48.8187823005235,585.703166460287
9.88219545665484,48.8064231852971,573.724799718285
9.83493004052406,48.7923838275707,560
9.81168229175083,48.785468517443,553.192741540924
9.79335661162716,48.7800126935483,547.800018114301
9.78308943791919,48.7769542167965,544.768301784382
9.77287207513885,48.7739093027242,541.743844590016
9.76270419570253,48.7708778719746,538.726620490491
9.75258547476136,48.7678598457623,535.716603569497
9.74843829516981,48.7666225404548,534.480806121155
9.74636779574074,48.7660047312988,533.863362308618
9.74533331740807,48.7656960373015,533.554754032585
9.74429935287152,48.76538748358,533.246221472873
9.73966788191207,48.764005208827,531.863248856533
9.73504670994384,48.7626257470262,530.481796516729
9.73273997630208,48.7619370685994,529.791639667362
9.73043580576713,48.7612490905773,529.101861948018
9.72813419447417,48.7605618120187,528.412463046378
9.72698434732948,48.7602184347421,528.067905554689
9.7264096631729,48.7600468115534,527.895662281578
9.7258351385473,48.7598752319785,527.723442650462
9.71494032579102,48.756620775479,524.453026404614
9.71259576890597,48.7559202290519,523.748093657487
9.6859934278756,48.7479668302581,515.721110339925
9.66713900115523,48.7423246200557,510
9.63841300221794,48.7337199791216,501.231837635871
9.60448337437653,48.7235436370251,490.793867695779
9.57112219983426,48.7135240549542,480.443297181012
9.53831663571903,48.7036580543984,470.179032946135
9.50605420556636,48.6939425360691,460
9.49065107210548,48.6892995310263,455.110153799645
9.47537065502478,48.6846906413019,450.239855181777
9.46021163253376,48.6801155359035,445.388987165494
9.44517270086989,48.6755738877998,440.55743370145
9.43025257399988,48.6710653738643,435.745079662605
9.41544998332701,48.6665896748202,430.951810835079
9.40076367740416,48.6621464751873,426.177513909115
9.38619242165211,48.6577354632275,421.42207647015
9.37743884903672,48.6550843259109,418.556340878194
9.36872661153835,48.652444771985,415.697432495386
9.36005544511956,48.6498167345195,412.845326953464
9.35573518107471,48.6485070135036,411.421817664446
9.35142508675509,48.6472001467208,410
9.32049749828033,48.6378158652764,399.307878836069
9.29005060218965,48.6285659364813,388.697138499809
9.26007432031082,48.6194478260428,378.166853394176
9.23055884134619,48.6104590584869,367.716111905669
9.20891542679679,48.6038608535857,360
9.20149458233459,48.6015972064087,357.344016141245
9.18164558325698,48.5955391461645,350.213610508655
9.17287226767512,48.5928599155179,347.049681671167
9.1547677895896,48.5873280914223,340.49665633665
9.12827447528143,48.5792257580892,330.84840112145
9.10215819708439,48.5712302388528,321.268118876023
9.07168187764179,48.5618892215962,310
9.04543336645513,48.5538348159969,300.217481876511
9.0195659464674,48.5458890004705,290.505624974055
8.99407216190576,48.5380498429194,280.863666446062
8.96894474107388,48.530315453651,271.290854387338
8.93954108589013,48.521254864075,260
8.9142785554159,48.5134617694802,250.221496159884
8.88938658947643,48.5057752346002,240.514923480173
8.86485786875329,48.4981933354971,230.879491175603
8.84068525624848,48.4907141911203,221.314420010072
8.82644018862631,48.4863032817112,215.644922069009
8.81231777686003,48.4819278591245,210
8.79881846352725,48.4777431646538,204.581591531031
8.78535533804684,48.4735674279687,199.16578174378
8.75853709971491,48.4652427269455,188.341950740003
8.74411614543175,48.4607625848574,182.501932901358
8.72973673959736,48.4562927688867,176.664936727765
8.70110189368295,48.4473839898206,165
8.69488615463627,48.4454488180553,162.460614540196
8.67058985276041,48.4378799227437,152.509498489537
8.64641225085872,48.4303406873997,142.567164179106
8.63204124356562,48.4258559548484,136.638571687629
8.61192547996103,48.4195741316723,128.316210957766
8.59189170514743,48.4133128833007,120
8.57311205795551,48.4074390340034,112.178010498598
8.5458496535462,48.3989041147975,100.775120697231
8.53197102455177,48.394555619624,94.9483509011809
8.51814020074501,48.3902197025483,89.126912393105
8.50435695158859,48.3858963153548,83.3107978594423
8.49062104798624,48.3815854100504,77.5
8.47814024757432,48.3776663577675,72.2074135776759
8.46569843267032,48.373757602732,66.9192339716901
8.4532954327973,48.3698591090634,61.6354556803995
8.44093107844466,48.365970841032,56.3560732113143
8.42844001399264,48.3620407774706,51.0103056534594
8.41598829195188,48.3581211424862,45.6690413893526
8.40357573888885,48.3542118993604,40.3322747310044
8.39738409658405,48.3522611632454,37.6655762291114
8.3942919246151,48.3512867645637,36.332647874741
8.392746749758,48.350799807319,35.6662888829499
8.39120218187551,48.3503130113777,35
8.38757647195881,48.3491701915566,33.125
8.38733484096257,48.349094023858,33
8.38395309566677,48.3480279422513,31.25
8.37671333497099,48.3457451535763,27.5
8.36948288184577,48.3434646421325,23.75
8.36587114002768,48.3423252393675,21.875
8.36406613932745,48.3417557510486,20.9375
8.36316385640754,48.3414710601332,20.46875
8.36226171839459,48.3411864047053,20
8.35766836035923,48.3397368842877,17.3283812080545
8.35307916241428,48.338288411704,14.6567624161089
8.34679172029784,48.3363034981887,10.9925718120812
8.3405120785213,48.334320550888,7.32838120805445
8.33424022260473,48.3323395670072,3.66419060402677
8.33110720982879,48.3313498104772,1.83209530201384
8.32954143144755,48.3308551159124,0.916047651006011
8.3287587241602,48.330607814536,0.458023825503005
8.32797613810408,48.3303605437564,0
