113.54,-10.41,33
113.539886175023,-10.4098772906547,33.125
113.538178266358,-10.4080360583601,35
113.537451204249,-10.4072522306205,35.6662888829499
113.5367238745,-10.4064681087629,36.332647874741
113.535268411534,-10.4048989820814,37.6655762291114
113.532354267887,-10.4017571925495,40.3322747310044
113.526513078937,-10.3954594342992,45.6690413893526
113.520654628436,-10.3891427039896,51.0103056534594
113.514778845161,-10.3828069218137,56.3560732113143
113.508963827012,-10.3765363039448,61.6354556803995
113.503131793311,-10.3702469799078,66.9192339716901
113.497282674527,-10.3639388717697,72.2074135776759
113.491416400759,-10.3576119011758,77.5
113.484961555473,-10.3506497188324,83.3107978594423
113.478485889622,-10.3436646397713,89.126912393105
113.471989309385,-10.3366565587932,94.9483509011809
113.46547172039,-10.3296253700714,100.775120697231
113.452673146255,-10.3158169457132,112.178010498598
113.443860122141,-10.3063075472311,120
113.434461462778,-10.2961653431992,128.316210957766
113.425027351736,-10.2859839541442,136.638571687629
113.418289326441,-10.27871163924,142.567164179106
113.406956827523,-10.2664794646717,152.509498489537
113.395573072136,-10.254190616131,162.460614540196
113.392661463201,-10.2510472958012,165
113.379251883973,-10.2365694174115,176.664936727765
113.3725203624,-10.2293009113534,182.501932901358
113.365770929677,-10.2220125924343,188.341950740003
113.353223296591,-10.2084618775054,199.16578174378
113.346926217893,-10.2016607824803,204.581591531031
113.340613558368,-10.1948424468007,210
113.334011021501,-10.1877105712347,215.644922069009
113.32735269558,-10.1805179766185,221.314420010072
113.316057680049,-10.1683155917899,230.879491175603
113.304600857197,-10.1559370533623,240.514923480173
113.292979091636,-10.1433789171107,250.221496159884
113.281189170903,-10.1306376532995,260
113.26747275836,-10.1158126438142,271.290854387338
113.25575639209,-10.1031477958817,280.863666446062
113.243874127689,-10.0903021781344,290.505624974055
113.231822786256,-10.0772722942024,300.217481876511
113.219599111579,-10.0640545618054,310
113.20541316749,-10.048713064172,321.268118876023
113.193262328737,-10.0355708091464,330.84840112145
113.180941361858,-10.0222430037611,340.49665633665
113.172524764786,-10.0131377323317,347.049681671167
113.168447028619,-10.008726082112,350.213610508655
113.159223593365,-9.99874674088451,357.344016141245
113.155776040341,-9.99501642130806,360
113.145723388413,-9.98413856492756,367.716111905669
113.132020127447,-9.96930877131677,378.166853394176
113.118109657575,-9.95425278248942,388.697138499809
113.103987732533,-9.93896591638807,399.307878836069
113.089649995432,-9.92344336765351,410
113.087652971762,-9.92128115300693,411.421817664446
113.085651377775,-9.91911394949506,412.845326953464
113.081634422915,-9.91476451423454,415.697432495386
113.077599016879,-9.9103949362854,418.556340878194
113.073545045322,-9.9060050896329,421.42207647015
113.0667980667,-9.898698749723,426.177513909115
113.05999944555,-9.89133602080751,430.951810835079
113.053148647932,-9.88391631425824,435.745079662605
113.046245132906,-9.876439033655,440.55743370145
113.039288352431,-9.86890357466009,445.388987165494
113.032277751242,-9.86130932489026,450.239855181777
113.025212766738,-9.85365566378635,455.110153799645
113.018092828866,-9.84594196248036,460
113.003185659952,-9.82978996823627,470.179032946135
112.988035576473,-9.81337248949288,480.443297181012
112.972637212086,-9.79668360241358,490.793867695779
112.956985049656,-9.77971721489894,501.231837635871
112.943740140868,-9.76535829241045,510
112.935050153465,-9.75593644917162,515.721110339925
112.922793687177,-9.74264648459547,523.748093657487
112.921713736084,-9.74147539737281,524.453026404614
112.91669590072,-9.73603395894863,527.723442650462
112.916431315944,-9.73574703110642,527.895662281578
112.916166660168,-9.73546002557158,528.067905554689
112.915637135513,-9.73488578131136,528.412463046378
112.91457723308,-9.73373635923629,529.101861948018
112.913516191764,-9.73258569089173,529.791639667362
112.912454009913,-9.73143377445176,530.481796516729
112.910326218049,-9.72912619003062,531.863248856533
112.908193844153,-9.72681359123223,533.246221472873
112.907717818788,-9.72629732677452,533.554754032585
112.907241564868,-9.72578081218718,533.863362308618
112.906288370777,-9.72474703197439,534.480806121155
112.904379233459,-9.72267646282702,535.716603569497
112.899721660149,-9.71762490488385,538.726620490491
112.895042229284,-9.71254942339422,541.743844590016
112.890340802237,-9.70744986504281,544.768301784382
112.885617239269,-9.70232607526777,547.800018114301
112.87718819533,-9.69318228972688,553.192741540924
112.866498804785,-9.68158547834428,560
112.844778404714,-9.65801775219852,573.724799718285
112.825636401273,-9.63724385100045,585.703166460287
112.806137325461,-9.61607872059714,597.794365946859
112.805177015383,-9.61503626222806,598.386997236882
112.789860912677,-9.59840874013256,607.803266391352
112.786272094137,-9.59451230062361,610
112.785489442758,-9.59366254630011,610.478581138349
112.768775180354,-9.57551380124271,620.658098913648
112.765433330582,-9.57188481220406,622.6840416075
112.747270470766,-9.55215944493185,633.641205778202
112.744999299381,-9.54969266290743,635.004994961893
112.725335458643,-9.52833311327161,646.754516626808
112.724177665386,-9.52707536009382,647.44308825296
112.702958428151,-9.50402181012098,660
112.699841428273,-9.50063498916835,661.719773662561
112.696715356227,-9.49723821569285,663.442128107172
112.690435853934,-9.49041465400047,666.894602614602
112.684119632111,-9.48355080436963,670.357470241551
112.677766400024,-9.47664634431501,673.830777988988
112.667027857275,-9.46497519761925,679.679239165515
112.656182992887,-9.45318735972123,685.557420936635
112.655803684113,-9.45277504896576,685.762506287605
112.633588203411,-9.42862426603325,697.714649662011
112.633394664287,-9.42841384575183,697.818265601651
112.622018898924,-9.41604521023691,703.893262828064
112.610526878071,-9.40354890308509,710
112.592926490849,-9.38440795023131,719.29425629553
112.575050765554,-9.36496450482008,728.662576868828
112.556893843495,-9.345212056439,738.10585056905
112.538449706799,-9.32514391567271,747.624980525305
112.514258276544,-9.29881749460634,760
112.508061375551,-9.29207279215496,763.151704332378
112.501850032049,-9.28531200258224,766.3058592348
112.489383830966,-9.27174194967068,772.621532191134
112.464276051808,-9.24440644511341,785.282411049003
112.452240977098,-9.23130141531314,791.323321138095
112.440151997293,-9.21813630412535,797.373209296456
112.415810980938,-9.19162430922467,809.5
112.3904058656,-9.16394733414234,822.080138932514
112.377615664871,-9.15001106188135,828.384305116467
112.364766537763,-9.13600903210977,834.697897215213
112.339960385514,-9.10897272969507,846.831503704974
112.32747467618,-9.09536233207173,852.91138122816
112.314933424723,-9.08168991945511,859
112.288853307635,-9.05325279207317,871.60348931928
112.275723982948,-9.03893449307015,877.918955197763
112.262534643512,-9.02454912808146,884.243595131338
112.237162824286,-8.99687201383432,896.354941210249
112.224393356472,-8.98294004695051,902.423247724747
112.21156772903,-8.96894528776611,908.5
112.18487735511,-8.93981705416185,921.087941193903
112.171442037273,-8.92515208740093,927.395103104456
112.157946128909,-8.910419311454,933.711083816563
112.131912912982,-8.88199548574948,945.839249902263
112.11881147907,-8.86768860633663,951.91554374812
112.105653037248,-8.8533178923717,958
112.078338478241,-8.82348182495201,970.572443581608
112.050780350661,-8.7933728147609,983.178802118096
112.024068996164,-8.76418237390495,995.323620858176
111.997127186263,-8.73473354348254,1007.5
111.969144394298,-8.70413992621549,1020.07004160769
111.940914347509,-8.67326884398281,1032.67290433428
111.913536167303,-8.64332249470218,1044.82116506304
111.885923779418,-8.61311317880309,1057
111.85728525677,-8.58177404080964,1069.5546440837
111.8283961835,-8.55015334239985,1082.1409665081
111.800303858155,-8.51939764147341,1094.30565081738
111.771972931506,-8.48837366382152,1106.5
111.742600849839,-8.45620210802407,1119.06540313811
111.712973371415,-8.42374315193142,1131.66158906888
111.655201090669,-8.36042758537021,1156
111.625661739313,-8.32804271530883,1168.33192261882
111.595872383923,-8.29537611960866,1180.69249676883
111.565830012903,-8.26242432944632,1193.08182241803
111.535531566468,-8.22918381981901,1205.5
111.508973045342,-8.20003993613772,1216.32268603573
111.482218400872,-8.1706747593731,1227.16682464455
111.480235848804,-8.1684985214329,1227.96806731163
111.478252216238,-8.16632106402958,1228.76942721957
111.474281706279,-8.16196248699003,1230.37249886094
111.470306864269,-8.15759902049663,1231.97603977464
111.466327683483,-8.15323065679565,1233.58005016674
111.458356278768,-8.14447920683828,1236.78948021112
111.450367437919,-8.13570807460226,1240.00079064521
111.442361106646,-8.126917197474,1243.21398312205
111.434337230435,-8.11810651257829,1246.42905929664
111.418236625215,-8.10042546799215,1252.86486936871
111.412883679536,-8.09454659175907,1255
111.397924819507,-8.07811673469256,1260.95463912357
111.382905711846,-8.06161881320667,1266.91556486065
111.367826010217,-8.0450524275714,1272.88278717215
111.360263327239,-8.03674343442015,1275.86876266185
111.352685364689,-8.02841717392966,1278.85631604003
111.351148250609,-8.02672821651434,1279.46176837359
111.349610507215,-8.02503854786377,1280.0672855322
111.3340975957,-8.00799189465348,1286.16558487831
111.318520515172,-7.99087270906126,1292.27046329956
111.287172335702,-7.95641499529128,1304.5
111.26688878917,-7.93411511137785,1312.37329995064
111.246497439252,-7.9116932791746,1320.25731532995
111.225997465716,-7.88914855110089,1328.15206802809
111.205388040001,-7.86647996986887,1336.05757999491
111.158307723319,-7.81468264965005,1354
111.146795885878,-7.802014681221,1358.36264868231
111.116987162991,-7.76920726681791,1369.61505306817
111.086952415339,-7.73614380364139,1380.88870621486
111.056689179924,-7.70282144352222,1392.1836683677
111.026194957822,-7.66923729641479,1403.5
110.9923053358,-7.63190496117542,1416.00091043435
110.958131278451,-7.59425002145251,1428.52728207025
110.933529696317,-7.56713684327889,1437.49595584382
110.890736150787,-7.51996306944664,1453
110.849708095521,-7.47472197024875,1467.75058586692
110.808273477548,-7.42901919754805,1482.53582354711
110.780144429982,-7.39798498050527,1492.51001140198
110.751826639785,-7.36673633630315,1502.5
110.680193851386,-7.28766208239442,1527.54507831142
110.636018731424,-7.23887833211305,1542.83118695309
110.609354631283,-7.20942528824178,1552
110.569655838524,-7.16556422778782,1565.57126913744
110.529595975069,-7.1212922288812,1579.170417641
110.496523974591,-7.08473379661544,1590.32581136295
110.46320405872,-7.04789308611011,1601.5
110.387995317515,-6.96470716235696,1626.48639000535
110.32681916388,-6.89701166504842,1646.57372505332
110.313252341757,-6.88199538465352,1651
110.273656440505,-6.83816151047482,1663.8601754062
110.233718111501,-6.79393713187122,1676.74440637374
110.196691303738,-6.75292653903325,1688.61198033775
110.159367947103,-6.71157762637341,1700.5
110.080254700789,-6.62389903863049,1725.4548124004
110.006406164692,-6.54201571421713,1748.45502649824
110.001413153208,-6.5364780955259,1750
109.960427164048,-6.49101512184376,1762.63439076853
109.919090722386,-6.44515176326041,1775.29117016255
109.879329412076,-6.40102506683733,1787.3853461322
109.839241337517,-6.35652491483361,1799.5
109.756022420987,-6.26411259606607,1824.39975341869
109.715611761423,-6.21922109255474,1836.37139519048
109.674871353723,-6.17395240880918,1848.36269448377
109.673785136703,-6.17274531064679,1848.68134029567
109.672698684365,-6.17153794327487,1849
109.651402908636,-6.14787053338058,1855.23500903794
109.630016657655,-6.12409960433979,1861.47531612652
109.586970472666,-6.07624457242086,1873.9718514899
109.544474065975,-6.02898904772683,1886.22570701501
109.501619911958,-5.9813240393842,1898.5
109.458228829174,-5.93304997376458,1910.84442848281
109.414470067129,-5.88435486752406,1923.2092043829
109.370339017761,-5.83523338338122,1935.59437804998
109.325830993871,-5.78568009329693,1948
109.28329474896,-5.73831073560641,1959.77676083581
109.240411459878,-5.69054375226563,1971.5719790383
109.237910338484,-5.68775745109051,1972.25753325194
109.235408031723,-5.68496979160618,1972.94314986794
109.212986330822,-5.65998952893908,1979.07486614926
109.190469243302,-5.63489995551381,1985.21157586195
109.167856168454,-5.60970037623268,1991.35328510815
109.145146500383,-5.58439009007258,1997.5
109.099298995166,-5.53328301029738,2009.84502897631
109.053056954671,-5.4817236193645,2022.2100063482
108.959369071733,-5.37722454574909,2047
108.908295090322,-5.32023564150805,2060.36870830591
108.863956418118,-5.27075009191727,2071.89234040359
108.768289550106,-5.16394068924323,2096.5
108.663097775209,-5.04643894194911,2123.16098513565
108.571683212471,-4.94427830246936,2146
108.566849907953,-4.93887559346695,2147.19913328747
108.468935575785,-4.82939980906946,2171.31202186828
108.369311369756,-4.71796155923786,2195.5
108.317631967409,-4.66013393404301,2207.91232549126
108.265486452727,-4.60177127206217,2220.34447117778
108.216075790829,-4.54645719387419,2232.04013039989
108.160918615694,-4.48469602429816,2245
108.054550594105,-4.36555149767964,2269.71064065429
107.946231861939,-4.24416766314977,2294.5
107.901340194678,-4.19384558164668,2304.66492071891
107.856108716442,-4.14313343225985,2314.84316635167
107.836010860197,-4.12059741169354,2319.34536379588
107.724957502921,-3.99603977811095,2344
107.596474654694,-3.85186740840322,2372.0612614952
107.496782749007,-3.73995464360124,2393.5
107.486718326687,-3.72865422554345,2395.64836841572
107.473460735689,-3.71376787254422,2398.47391666304
107.460174604852,-3.69884877078198,2401.3004964165
107.433516353076,-3.66891189783821,2406.95675270202
107.406742821921,-3.63884275123847,2412.61714179685
107.379853256472,-3.60864046948142,2418.28166823218
107.320893836756,-3.54240764877657,2430.63099049315
107.261372592632,-3.47553028369553,2443
107.140359489916,-3.33952088291512,2467.84827539613
107.079654890687,-3.27127366488421,2480.16420665138
107.018362832128,-3.20235284853934,2492.5
106.894089984027,-3.06257288192182,2517.20988262419
106.76736231563,-2.91997939008823,2542
106.69502343036,-2.83856116454992,2555.96968856544
106.621867990184,-2.75620763452068,2569.96536136428
106.620103212609,-2.75422076715332,2570.30136722411
106.618337956977,-2.75223335232664,2570.63738807489
106.614806010757,-2.74825687940554,2571.3094747533
106.607736372972,-2.74029735424776,2572.65382804564
106.593574071723,-2.72435193660864,2575.34325459725
106.565157010631,-2.69235522987554,2580.72498936814
106.507950182133,-2.62793508632433,2591.5
106.441619655453,-2.55322923512777,2603.89554466347
106.374613546986,-2.47775020858942,2616.31173760945
106.281980340082,-2.3733838674342,2633.30425228385
106.239669285926,-2.32570623487548,2641
106.171329344757,-2.24868886424781,2653.34395023328
106.102283413371,-2.17086435837917,2665.70856565713
106.032520250963,-2.09222009394458,2678.09389820886
105.962028362935,-2.01274317591853,2690.5
105.933825018051,-1.98094193212313,2695.43330787115
105.869911898726,-1.90886916883053,2706.54938086619
105.805391181668,-1.83610270041795,2717.68249439006
105.67449118412,-1.68844866378598,2740
105.645000597593,-1.65517913395435,2744.97932763395
105.578541695637,-1.58019849211676,2756.13924688407
105.511524428343,-1.50458025454222,2767.30765889383
105.443941300898,-1.42831614216562,2778.48457336147
105.375784673417,-1.35139772624043,2789.67
105.322925101512,-1.29173816855325,2798.28585062775
105.195826987172,-1.14827421819569,2818.79348811137
105.066708475018,-1.00250919446856,2839.33
104.996410110495,-0.923139898786563,2850.3872878975
104.872417873149,-0.78313659507054,2869.68099414036
104.809716168588,-0.712333142421923,2879.33733150893
104.74653642153,-0.640986816193263,2889
104.745788063296,-0.640141708395952,2889.1000846569
104.745039595755,-0.639296476773484,2889.20017366278
104.743542332661,-0.637605641946939,2889.40036472264
104.740546493751,-0.634222485221746,2889.80079904268
104.73454955969,-0.627450217511936,2890.60187654757
104.722534623657,-0.613881817179297,2892.20486752515
104.698420134801,-0.586649172150694,2895.41419742546
104.649849903102,-0.53179739933393,2901.84628168333
104.600819238112,-0.476424269947351,2908.29632769777
104.551321543955,-0.420522441681066,2914.76441081194
104.456657437198,-0.313607480205451,2927.01472392131
104.360260963367,-0.204732841635717,2939.33
104.258413815374,-0.0896997459299929,2952.17095087527
104.206761847441,-0.0313600346900064,2958.61750086836
104.154614924267,0.0275388083955245,2965.08152815299
104.054739785371,0.140345284523378,2977.33921702579
103.953022442184,0.255230920071082,2989.66
103.84561252918,0.376542956552927,3002.49571543133
103.736127970391,0.500193315094094,3015.39890143113
103.630625192469,0.619340587447161,3027.66381416945
103.523156701251,0.740700120437948,3039.99
103.409743113554,0.868763130698013,3052.81908434385
103.29411651949,0.999312545818306,3065.71352997519
103.182500806203,1.12531975267313,3077.98700900047
103.068779122168,1.25368887205106,3090.32
102.94878111168,1.38912367635447,3103.14955388861
102.826410553001,1.52721396419617,3116.04247592231
102.708160011452,1.66063152835126,3128.32235675033
102.587644613716,1.79657862491995,3140.66
102.460559725873,1.93990585667154,3153.48051912725
102.330923125797,2.0860760663978,3166.3623986169
102.205425049379,2.22754392323317,3178.6481624524
102.077479449107,2.3717317817391,3190.99
101.804820606335,2.6788608977932,3216.69183982688
101.671409259102,2.8290618178871,3228.97873402073
101.535341096685,2.98219804365911,3241.32
101.252529260061,3.30029156145291,3266.37483646147
100.957909568096,3.63136387328709,3291.65
100.850894507348,3.751537492666,3300.62894076405
100.773323773723,3.83861758341054,3307.07193322699
100.648373595106,3.97883302078187,3317.33618064189
100.383123518332,4.27626538227127,3338.6688674973
100.341260641924,4.32317854659799,3341.98
100.159407512473,4.52687502471572,3356.19208780315
99.9730704680262,4.7354279850413,3370.47067351015
99.828288937781,4.89735021853569,3381.37088028597
99.6807176892578,5.06227975356712,3392.31
99.6799788381241,5.06310522073715,3392.36434000005
99.5430499265129,5.21603506560858,3402.36247766525
99.0899221886387,5.72135498326672,3434.44472730291
98.9706526080195,5.85415940322542,3442.64
98.6116152111787,6.25340018028257,3466.70910756626
98.2898511082462,6.61047160196667,3487.5369695979
98.20414182,6.70546566332871,3492.97
98.1064655713686,6.81365975727437,3499.1039710572
97.5700315263945,7.40661064039053,3531.7293278752
97.3725606059247,7.62433336057973,3543.3
96.9991520547492,8.03518128651084,3564.56143118921
96.6050123884117,8.46757268853234,3586.15679406558
96.4647248223287,8.62114962763842,3593.64
96.3909120849901,8.7018842924595,3597.53542656682
95.7379058181535,9.41394541588502,3630.78033222899
95.466597724059,9.70859429841344,3643.97
95.0350661189868,10.1757374195953,3664.23116754033
94.4983357726879,10.7540634499522,3688.25154454241
94.3585472974504,10.9041778682955,3694.3
94.2747920645387,10.9940172817627,3697.88393367011
93.4450896134217,11.8797132530001,3731.82301655774
93.1132346537596,12.2317164273789,3744.63
92.5343573979443,12.8425328066523,3765.97595971175
91.7165917984284,13.6981967816274,3794.08314579437
91.6899514371406,13.7259252207348,3794.96
91.524815105658,13.8975957723541,3800.34253176438
90.3883013211694,15.0690016783925,3835.00544199814
90.0233849218399,15.4412781951584,3845.29
89.0875692519519,16.3870905585906,3869.90796215946
88.9584403658894,16.5165746249291,3873.11357344114
88.827359660543,16.6477575934453,3876.32157748084
88.559067277692,16.9154422219631,3882.74477455844
87.9957859195451,17.4738317415964,3895.62
87.8818999853678,17.5861263940574,3898.12496232423
87.6259473068956,17.8377554253503,3903.63740321895
87.0670257439124,18.3836025778206,3915.12230326423
86.4668857068742,18.9640726864092,3926.63688105051
85.3483938077673,20.0300021552085,3945.95
84.7382746475284,20.6025499975414,3955.36729693952
84.6518355291173,20.6831510007925,3956.64036192071
84.5643406477766,20.7646055268572,3957.91377751133
84.4757571935719,20.8469390378369,3959.18754385624
84.3860506240048,20.9301783273809,3960.46166110037
84.2031205774257,21.0994886213028,3963.01094886649
84.0152341357656,21.2727815200646,3965.5616419708
83.8220373817391,21.450330950531,3968.11374157569
83.6231322052067,21.6324447531987,3970.66724884483
83.2063330858402,22.0118046125945,3975.77849103703
82.7604014848177,22.4142825467003,3980.89537788254
82.2793920616841,22.844456390099,3986.01791873711
81.7550110102979,23.3087008796693,3991.1461229772
81.1750650732172,23.8163715753681,3996.28
79.7518212207049,25.036363825242,4006.60462496822
77.4576799442393,26.9247268009013,4016.9514704491
75.1447947770522,28.7303126640985,4020.26983878454
72.7515252738206,30.4951740436462,4016.9514704491
70.2080622306677,32.2569043508014,4006.60462496822
68.5379678856235,33.351037406551,3996.28
67.8360275558918,33.7963295565179,3991.1461229772
67.1903247294827,34.1984215387567,3986.01791873711
66.5886482201874,34.5666610688073,3980.89537788254
66.022691185549,34.9074174927137,3975.77849103703
65.4864981928664,35.2252647267561,3970.66724884483
65.2281301905517,35.3766995364573,3968.11374157569
64.975625538943,35.5236211357361,3965.5616419708
64.7285852979901,35.6663370900496,3963.01094886649
64.4866547756889,35.8051210784779,3960.46166110037
64.3675052245156,35.8731161281637,3959.18754385624
64.2495168500876,35.9402179764434,3957.91377751133
64.132655025157,36.0064533919351,3956.64036192071
64.0168868571975,36.0718478127643,3955.36729693952
63.1907328113855,36.5321656983661,3945.95
61.6343983578517,37.3694378596733,3926.63688105051
60.7765225189658,37.8145488227615,3915.12230326423
59.9629451438831,38.2260936722349,3903.63740321895
59.5856113547692,38.413509904912,3898.12496232423
59.416747727336,38.4966780658674,3895.62
58.5727052924185,38.9059099714808,3882.74477455844
58.1654787865968,39.0995264284646,3876.32157748084
57.9652884421596,39.1938018489812,3873.11357344114
57.7672866948872,39.2864623402285,3869.90796215946
56.3086644680373,39.9513550177102,3845.29
55.7285137220671,40.2072544461266,3835.00544199814
53.8803085247528,40.9907735380585,3800.34253176438
53.6065198285392,41.10280437344,3794.96
53.562226144509,41.120832149407,3794.08314579437
52.1856111119513,41.6678437892819,3765.97595971175
51.1912418438218,42.0471955706846,3744.63
50.6137491597168,42.2615452358011,3731.82301655774
49.1461785530334,42.7869104853929,3697.88393367011
48.9961530811519,42.8390725226503,3694.3
48.7449927924441,42.9257638240033,3688.25154454241
47.7717613945803,43.2542503747255,3664.23116754033
46.9791102351098,43.5131557924523,3643.97
46.4761484003513,43.6734748343385,3630.78033222899
45.2510947266439,44.0512711551374,3597.53542656682
45.1113422544052,44.0932387296516,3593.64
44.8450198268812,44.172579986986,3586.15679406558
44.0918273954117,44.3924865559676,3564.56143118921
43.3715679572227,44.5966469985835,3543.3
42.9880690681366,44.7029315618866,3531.7293278752
41.9373217475267,44.9856282434482,3499.1039710572
41.7446022904011,45.036136712602,3492.97
41.5751438037982,45.0802079727788,3487.5369695979
40.9360739073601,45.2435570193536,3466.70910756626
40.2176335302401,45.4218493225754,3442.64
39.9777435331853,45.4801327206047,3434.44472730291
39.0608622462592,45.6971906334962,3402.36247766525
38.782106023505,45.761401992673,3392.36434000005
38.7805997916675,45.7617467116799,3392.31
38.4793103282203,45.8302175450238,3381.37088028597
38.1828543051335,45.896654892219,3370.47067351015
37.8000657107622,45.9810745611261,3356.19208780315
37.4251556960057,46.0622728420359,3341.98
37.3386662948359,46.0807971862305,3338.6688674973
36.7890701401705,46.1967002845188,3317.33618064189
36.5292364506574,46.2504119700525,3307.07193322699
36.367629893035,46.2834691378297,3300.62894076405
36.144308788046,46.3287105216111,3291.65
35.5272940600041,46.4510683073744,3266.37483646147
34.9320394351185,46.5654612073828,3241.32
34.6446341965604,46.6194188603649,3228.97873402073
34.3622137324937,46.6716364159331,3216.69183982688
33.7831238273146,46.7762253522009,3190.99
33.5105250183142,46.8243103842718,3178.6481624524
33.242617838914,46.8708547273482,3166.3623986169
32.9653402523236,46.9182851302316,3153.48051912725
32.6930002463476,46.9641388061166,3140.66
32.4342701766367,47.0070311524227,3128.32235675033
32.1799662684596,47.0485557324005,3116.04247592231
31.9163544272182,47.0909387836871,3103.14955388861
31.6574186654133,47.1319165609755,3090.32
31.4116353557986,47.1702155910383,3077.98700900047
31.1700399375663,47.2072967151097,3065.71352997519
30.9193893235716,47.2451769583703,3052.81908434385
30.6731730902509,47.2818029625463,3039.99
30.4395376344778,47.3160237031199,3027.66381416945
30.2098726583671,47.3491575703062,3015.39890143113
29.9712281727051,47.3830575167315,3002.49571543133
29.7368029250631,47.4158341074359,2989.66
29.5145304508082,47.4464330694027,2977.33921702579
29.29603140509,47.4760596923084,2965.08152815299
29.1818506982717,47.4913633515056,2958.61750086836
29.0686884924413,47.5064099411444,2952.17095087527
28.8453679362427,47.535752113772,2939.33
28.6337733156862,47.5631238093514,2927.01472392131
28.4257718134453,47.5896239481701,2914.76441081194
28.3169312959789,47.6033301800812,2908.29632769777
28.2090634370148,47.6168053200655,2901.84628168333
28.1021558173729,47.6300539366896,2895.41419742546
28.0490582530495,47.6365946994393,2892.20486752515
28.022597874156,47.6398444347191,2890.60187654757
28.0093897039236,47.641464170539,2889.80079904268
28.0027911134516,47.6422727591862,2889.40036472264
27.9994931906093,47.6426767341545,2889.20017366278
27.9978445721283,47.6428786418572,2889.1000846569
27.996196182214,47.6430804963942,2889
27.8569879702398,47.6600365357951,2879.33733150893
27.7187483401703,47.6766971824087,2869.68099414036
27.4451365511931,47.7091525200702,2850.3872878975
27.2898692587756,47.727263078797,2839.33
27.0044276168142,47.7599786870805,2818.79348811137
26.7231338564256,47.7914871688182,2798.28585062775
26.6060543458375,47.8043879130776,2789.67
26.4550162849617,47.820845271599,2778.48457336147
26.3051650983257,47.8369673408137,2767.30765889383
26.1564875068167,47.8527606538442,2756.13924688407
26.008970426756,47.868231598125,2744.97932763395
25.9434863870676,47.8750357847672,2740
25.6526439317376,47.90478497055,2717.68249439006
25.5091828816626,47.9191762183609,2706.54938086619
25.3670065746543,47.9332545105661,2695.43330787115
25.3042469251705,47.9394107234427,2690.5
25.1473302351693,47.9546470215465,2678.09389820886
24.9919608734299,47.9695137698717,2665.70856565713
24.838117299843,47.9840197583536,2653.34395023328
24.6857783664756,47.9981735387851,2641
24.591427956439,48.0068347631638,2633.30425228385
24.3847761274669,48.0255251772626,2616.31173760945
24.2352223603776,48.0388119532135,2603.89554466347
24.0871183229735,48.0517720049373,2591.5
23.959340590699,48.0627952626068,2580.72498936814
23.8958527104364,48.0682178768071,2575.34325459725
23.8642083262245,48.0709071957036,2572.65382804564
23.8484109374036,48.0722463909226,2571.3094747533
23.8405184331415,48.0729146265551,2570.63738807489
23.8365737272157,48.0732484043859,2570.30136722411
23.8326300515875,48.073581955753,2569.96536136428
23.6691195640158,48.0872889332745,2555.96968856544
23.5073720933243,48.1006128322941,2542
23.223870366065,48.1234024243824,2517.20988262419
22.9456929625379,48.1450672558966,2492.5
22.8084364993246,48.1555030709423,2480.16420665138
22.6724595767067,48.1656763509535,2467.84827539613
22.4012908917869,48.1854736493311,2443
22.2678669099593,48.1949749935805,2430.63099049315
22.1356729404116,48.2042330704069,2418.28166823218
22.0753739594915,48.2084046220944,2412.61714179685
22.0153294752303,48.2125265656302,2406.95675270202
21.9555379725852,48.216599420492,2401.3004964165
21.9257366176183,48.2186176004512,2398.47391666304
21.8959979452241,48.220623700306,2395.64836841572
21.8734211251722,48.2221414529801,2393.5
21.6497493235802,48.236934478576,2372.0612614952
21.361380845916,48.2553540196564,2344
21.1120484547883,48.270688610359,2319.34536379588
21.0669179970761,48.2734056744665,2314.84316635167
20.9653410646746,48.279455436979,2304.66492071891
20.8645166736488,48.2853705238543,2294.5
20.6211979791957,48.2992769109329,2269.71064065429
20.38221113365,48.3124290077212,2245
20.2582670997606,48.3190524170299,2232.04013039989
20.1472270521328,48.3248717333058,2220.34447117778
20.0300325000954,48.3308962538069,2207.91232549126
19.9138776610461,48.3367484818307,2195.5
19.689942656665,48.3476972789113,2171.31202186828
19.4698308879049,48.3580311792249,2147.19913328747
19.4589651760073,48.3585303245168,2146
19.2534508856651,48.3677766758485,2123.16098513565
19.0169530857514,48.3779600687254,2096.5
18.8018654389204,48.3867973084882,2071.89234040359
18.7021789167355,48.3907561264203,2060.36870830591
18.5873503053424,48.3952088045441,2047
18.376718559315,48.4030774530406,2022.2100063482
18.2727593540312,48.4068185312532,2009.84502897631
18.1696901060559,48.4104346053791,1997.5
18.118638027821,48.4121914369405,1991.35328510815
18.0678040133251,48.4139182065416,1985.21157586195
18.0171867525668,48.4156152506848,1979.07486614926
17.96678494572,48.4172829018724,1972.94314986794
17.9611600695232,48.4174676408358,1972.25753325194
17.9555378715407,48.4176520165519,1971.5719790383
17.8591439839239,48.4207703739548,1959.77676083581
17.7635346095729,48.4237834554017,1948
17.6634984158914,48.4268508854828,1935.59437804998
17.5643152127621,48.429806205012,1923.2092043829
17.4659747914456,48.4326519338875,1910.84442848281
17.3684671008595,48.4353905323932,1898.5
17.2721727188244,48.4380139289803,1886.22570701501
17.1766892409353,48.4405356494024,1873.9718514899
17.0799780678058,48.443009027523,1861.47531612652
17.0319328930634,48.4442075628247,1855.23500903794
16.9840930073574,48.4453810510575,1849
16.9816524023475,48.4454403848434,1848.68134029567
16.9792123313764,48.4454996539193,1848.36269448377
16.887697322834,48.4476852004494,1836.37139519048
16.7969309392141,48.4497810195673,1824.39975341869
16.6100393091355,48.4538711004651,1799.5
16.52002361043,48.4557328785621,1787.3853461322
16.4307507379605,48.4575098329054,1775.29117016255
16.3379513245307,48.4592836681859,1762.63439076853
16.2459490865893,48.4609685025888,1750
16.2347418805045,48.4611687220999,1748.45502649824
16.0690021269758,48.4640024989096,1725.4548124004
15.8914880849665,48.4667733420543,1700.5
15.8077576855735,48.4679854578639,1688.61198033775
15.7247028413895,48.4691277398193,1676.74440637374
15.6351289660875,48.4702926496561,1663.8601754062
15.5463355163143,48.4713787610595,1651
15.5159149478296,48.4717351438486,1646.57372505332
15.3787599930785,48.4732423326675,1626.48639000535
15.2101882406395,48.4748714296002,1601.5
15.1355214789691,48.4755143236346,1590.32581136295
15.0614202699077,48.4761045859824,1579.170417641
14.9716756590945,48.4767557532423,1565.57126913744
14.8827549868847,48.477332116968,1552
14.8230390863477,48.4776807314933,1542.83118695309
14.7241216571582,48.4781902271054,1527.54507831142
14.5637628144342,48.4788360934795,1502.5
14.5003846783401,48.4790299371149,1492.51001140198
14.437437416182,48.4791880207847,1482.53582354711
14.3447305008044,48.4793583405837,1467.75058586692
14.2529518744664,48.4794536193866,1453
14.1572440545929,48.4794752587101,1437.49595584382
14.1022320634398,48.4794517852571,1428.52728207025
14.0258265730311,48.4793756936933,1416.00091043435
13.9500706033123,48.4792503224369,1403.5
13.8819163588531,48.479095050144,1392.1836683677
13.8142895145871,48.4789012073033,1380.88870621486
13.7471843796998,48.4786696988929,1369.61505306817
13.6805953424581,48.4784014097785,1358.36264868231
13.6548822975776,48.4782875308416,1354
13.5497404234492,48.4777622780833,1336.05757999491
13.5037235075251,48.4775022622231,1328.15206802809
13.4579564665586,48.4772254613793,1320.25731532995
13.4124374087319,48.4769321598128,1312.37329995064
13.3671644606842,48.4766226373107,1304.5
13.2972060332333,48.4761094210442,1292.27046329956
13.2624482409722,48.4758386687504,1286.16558487831
13.2278369111604,48.47555865523,1280.0672855322
13.2244061840326,48.4755303344176,1279.46176837359
13.2209768932624,48.4755019235379,1278.85631604003
13.2040709852125,48.4753603725149,1275.86876266185
13.187199951329,48.4752166445133,1272.88278717215
13.1535621071116,48.4749227150615,1266.91556486065
13.1200625601321,48.4746202492361,1260.95463912357
13.086700517926,48.474309359736,1255
13.0747628558546,48.4741957735561,1252.86486936871
13.0388591505866,48.4738467089258,1246.42905929664
13.0209675937818,48.4736685922131,1243.21398312205
13.0031160678224,48.4734881090979,1240.00079064521
12.9853044478863,48.4733052768275,1236.78948021112
12.9675326096535,48.4731201125361,1233.58005016674
12.9586615697974,48.4730266612044,1231.97603977464
12.9498004289735,48.4729326332417,1230.37249886094
12.9409491717818,48.4728380307582,1228.76942721957
12.9365272447235,48.4727905147286,1227.96806731163
12.9321077828123,48.4727428558569,1227.16682464455
12.8724724563942,48.4720832023372,1216.32268603573
12.813284562602,48.4713980186171,1205.5
12.7457745635561,48.4705794235528,1193.08182241803
12.6788485737375,48.4697289123395,1180.69249676883
12.6124995768483,48.4688474035011,1168.33192261882
12.5467206649641,48.467935792243,1156
12.4181106847841,48.4660450354325,1131.66158906888
12.3521754775758,48.4650200721609,1119.06540313811
12.2868222865592,48.4639669496619,1106.5
12.2237986645182,48.4629162788637,1094.30565081738
12.1613185339889,48.461840658997,1082.1409665081
12.0970796780357,48.4606994532415,1069.5546440837
12.0334114099263,48.4595330574549,1057
11.972037210124,48.4583753945635,1044.82116506304
11.911196097788,48.4571955250675,1032.67290433428
11.8484750855288,48.4559455707688,1020.07004160769
11.7863167178221,48.4546731436429,1007.5
11.7264833060034,48.453416630846,995.323620858176
11.6671740161751,48.4521404531443,983.178802118096
11.6059975282046,48.4507921010685,970.572443581608
11.5453748299455,48.4494238979387,958
11.5161752971177,48.4487535013045,951.91554374812
11.4871053092279,48.4480787236195,945.839249902263
11.4293508121403,48.4467163402487,933.711083816563
11.3994150009952,48.445998777456,927.395103104456
11.3696168339871,48.4452767832103,921.087941193903
11.31042995817,48.4438198391612,908.5
11.2819932546102,48.4431090174414,902.423247724747
11.2536840428091,48.4423944038101,896.354941210249
11.1974449597893,48.4409540940151,884.243595131338
11.1682141921981,48.440194624851,877.918955197763
11.1391196228646,48.4394313205763,871.60348931928
11.0813356000144,48.4378935241674,859
11.0535532784639,48.4371438263794,852.91138122816
11.0258969244535,48.4363908637238,846.831503704974
10.9709589904538,48.4348754181172,834.697897215213
10.9425067306886,48.4340802572817,828.384305116467
10.9141880661231,48.4332818406502,822.080138932514
10.8579480877564,48.4316755335121,809.5
10.8040753412909,48.4301110435395,797.373209296456
10.7773236552299,48.4293247821749,791.323321138095
10.750694065611,48.4285359268323,785.282411049003
10.6951480232112,48.4268706178228,772.621532191134
10.6675735675049,48.4260339462057,766.3058592348
10.6538356014278,48.4256146360669,763.151704332378
10.6401303335307,48.42519468762,760
10.586635018739,48.4235398758642,747.624980525305
10.5458566615047,48.4222617198593,738.10585056905
10.5057199154326,48.4209895413861,728.662576868828
10.4662111990014,48.4197235738868,719.29425629553
10.4273172930801,48.4184640335891,710
10.401925218776,48.4176346308399,703.893262828064
10.3767926430767,48.4168081762526,697.818265601651
10.3763650780928,48.416794068712,697.714649662011
10.3272918790347,48.4151643182025,685.762506287605
10.3264540867031,48.415136312546,685.557420936635
10.3025019025929,48.4143330552604,679.679239165515
10.2787869093653,48.4135328297899,673.830777988988
10.2647575456833,48.4130571247519,670.357470241551
10.25081072952,48.4125825194579,666.894602614602
10.2369458058116,48.4121090215149,663.442128107172
10.2300438492621,48.4118726900547,661.719773662561
10.2231621231572,48.4116366381652,660
10.1763195240876,48.4100189162485,647.44308825296
10.1737639014437,48.4099301072094,646.754516626808
10.1303637171967,48.4084132424752,635.004994961893
10.1253515183934,48.4082370057201,633.641205778202
10.0852721656125,48.4068198788522,622.6840416075
10.077898572023,48.4065576385492,620.658098913648
10.0410230527069,48.4052390582131,610.478581138349
10.0392964868335,48.4051770299089,610
10.0313795486201,48.4048922746519,607.803266391352
9.99759525375207,48.4036709862075,598.386997236882
9.99547716428883,48.4035940867128,597.794365946859
9.95247361872076,48.4020243396496,585.703166460287
9.91026540675588,48.4004679465054,573.724799718285
9.86238126971973,48.3986834508078,560
9.83881946667971,48.3977980344355,553.192741540924
9.82024170046134,48.3970964968112,547.800018114301
9.80983154923516,48.3967020704793,544.768301784382
9.79947065958021,48.3963085720909,541.743844590016
9.78915871734539,48.3959160029973,538.726620490491
9.77889541090933,48.3955243644709,535.716603569497
9.77468862124569,48.3953635716794,534.480806121155
9.77258828473612,48.3952832344031,533.863362308618
9.77153887990093,48.3952430805493,533.554754032585
9.77048998357226,48.3952029365535,533.246221472873
9.7657914722957,48.3950229945032,531.863248856533
9.76110315511403,48.3948432509169,530.481796516729
9.75876280991632,48.3947534535773,529.791639667362
9.75642500206506,48.3946637058918,529.101861948018
9.75408972784889,48.3945740078728,528.412463046378
9.75292303968777,48.3945291774916,528.067905554689
9.75233993264257,48.3945067669589,527.895662281578
9.75175698354464,48.3944843595316,527.723442650462
9.74070167374761,48.3940588537552,524.453026404614
9.7383223936169,48.3939671386557,523.748093657487
9.71132149311616,48.3929228633347,515.721110339925
9.69217949561033,48.3921786825226,510
9.66300724245478,48.3910384079655,501.231837635871
9.62853789125447,48.3896815112141,490.793867695779
9.59463269601709,48.3883367069493,480.443297181012
9.5612792717689,48.3870039982005,470.179032946135
9.52846557521929,48.3856833793828,460
9.51279488544871,48.3850493810351,455.110153799645
9.49724625668493,48.3844182020529,450.239855181777
9.48181841034182,48.3837898398735,445.388987165494
9.46651008471014,48.3831642915556,440.55743370145
9.45132003468808,48.3825415537933,435.745079662605
9.43624703151714,48.381921622929,430.951810835079
9.42128986252256,48.3813044949656,426.177513909115
9.40644733085908,48.3806901655792,421.42207647015
9.39752957730038,48.380320136307,418.556340878194
9.38865302935679,48.3799511270466,415.697432495386
9.37981743079848,48.3795831366792,412.845326953464
9.37541490744628,48.3793995231962,411.421817664446
9.37102252626578,48.3792161639995,410
9.33948982794409,48.3778948894753,399.307878836069
9.30843629195024,48.3765852038739,388.697138499809
9.27785214675835,48.3752870801997,378.166853394176
9.24772787135417,48.3740004859661,367.716111905669
9.22563155111661,48.3730517206487,360
9.21805415704922,48.3727253822654,357.344016141245
9.19778325610145,48.3718499012883,350.213610508655
9.18882198859356,48.3714617279315,347.049681671167
9.17032680685506,48.3706583568067,340.49665633665
9.14325483562449,48.3694770462885,330.84840112145
9.11656009050635,48.3683059230645,321.268118876023
9.0853986307872,48.3669309601335,310
9.058551305333,48.3657395449801,300.217481876511
9.03208586946484,48.3645589082881,290.505624974055
9.00599503754546,48.3633889870842,280.863666446062
8.98027169858712,48.3622297159539,271.290854387338
8.95016131781182,48.3608653819968,260
8.92428350444574,48.3596864931946,250.221496159884
8.8987779664951,48.3585188309859,240.514923480173
8.87363752486526,48.3573623129973,230.879491175603
8.84885517433858,48.3562168550933,221.314420010072
8.83424757759251,48.3555391639387,215.644922069009
8.81976341057491,48.3548653552423,210
8.80591612049045,48.3542194575158,204.581591531031
8.79210394917837,48.3535735259866,199.16578174378
8.7645844612004,48.3522815884696,188.341950740003
8.74978314386387,48.3515839800214,182.501932901358
8.7350221861405,48.3508863637107,176.664936727765
8.70562072984848,48.3494911401229,165
8.69923738806939,48.3491872235149,162.460614540196
8.67428186342352,48.3479956446029,152.509498489537
8.64944179073385,48.3468041624198,142.567164179106
8.63467395711221,48.3460932452734,136.638571687629
8.61399890739908,48.3450947482702,128.316210957766
8.59340368489585,48.3440963840211,120
8.57409369979592,48.3431569473186,112.178010498598
8.54605442855113,48.3417870127185,100.775120697231
8.5317771420552,48.3410868105456,94.9483509011809
8.5175469036807,48.3403871385276,89.126912393105
8.50336349806477,48.3396880035324,83.3107978594423
8.48922671111481,48.3389894123277,77.5
8.47637983845506,48.3383530452809,72.2074135776759
8.46357137067618,48.3377171406713,66.9192339716901
8.45080114830459,48.3370817034132,61.6354556803995
8.43806901272023,48.3364467383545,56.3560732113143
8.42520467138839,48.3358037369258,51.0103056534594
8.41237912080646,48.3351612302797,45.6690413893526
8.39959219852791,48.3345192232585,40.3322747310044
8.39321317225904,48.334198408591,37.6655762291114
8.39002725906077,48.3340380487287,36.332647874741
8.38843520135077,48.3339578806976,35.6662888829499
8.38684374248461,48.3338777206124,35
8.38310536969885,48.3336893354208,33.125
8.38285622532281,48.3336767761084,33
8.37936925967381,48.3335009418393,31.25
8.37190381973465,48.3331241299759,27.5
8.36444740634899,48.3327472859574,23.75
8.360722579525,48.3325588521811,21.875
8.35886101019115,48.332464632402,20.9375
8.35793043643274,48.332417521796,20.46875
8.35700000323779,48.3323704107149,20
8.35226098900348,48.3321303400869,17.3283812080545
8.34752603725737,48.3318902785877,14.6567624161089
8.3410385323026,48.3315610436431,10.9925718120812
8.33455864603981,48.33123182693,7.32838120805445
8.32808636511041,48.3309026290572,3.66419060402677
8.32485307247963,48.3307380373755,1.83209530201384
8.32323713739484,48.3306557433814,0.916047651006011
8.32242934756921,48.3306145968501,0.458023825503005
8.32162167618679,48.3305734506309,0
