-25.33,-56.04,33
-25.3298852375135,-56.0398475522592,33.125
-25.3281633598835,-56.0375600938095,35
-25.3274304362916,-56.0365863390863,35.6662888829499
-25.3266972762528,-56.0356122167114,36.332647874741
-25.3252302464215,-56.0336628682362,37.6655762291114
-25.3222933448438,-56.0297597509735,40.3322747310044
-25.3164081507685,-56.0219357918023,45.6690413893526
-25.3105077238998,-56.0140881161834,51.0103056534594
-25.3045920104675,-56.0062166237622,56.3560732113143
-25.2987396139409,-55.9984259453285,61.6354556803995
-25.2928722283927,-55.9906118810966,66.9192339716901
-25.2869898014628,-55.9827743330597,72.2074135776759
-25.2810922805571,-55.9749132026785,77.5
-25.2746055497454,-55.9662626653181,83.3107978594423
-25.2681005226019,-55.9575835003886,89.126912393105
-25.2615771287217,-55.9488755755784,94.9483509011809
-25.2550352973534,-55.9401387577828,100.775120697231
-25.2421968592647,-55.9229801542271,112.178010498598
-25.2333623434998,-55.9111631956546,120
-25.2239461135221,-55.8985595110949,128.316210957766
-25.2144999129267,-55.8859067543328,136.638571687629
-25.207756652613,-55.8768689714284,142.567164179106
-25.1964217324329,-55.86166681174,152.509498489537
-25.1850435982229,-55.8463936704962,162.460614540196
-25.182134722217,-55.8424869207144,165
-25.1687445342783,-55.8244922861712,176.664936727765
-25.1620269593464,-55.8154579341163,182.501932901358
-25.1552943349445,-55.8063987640587,188.341950740003
-25.1427854600864,-55.7895551068568,199.16578174378
-25.1365115102382,-55.781101036721,204.581591531031
-25.1302245019727,-55.7726253684568,210
-25.1236514371406,-55.763759774047,215.644922069009
-25.1170255672362,-55.7548185200758,221.314420010072
-25.1057918857298,-55.7396490855582,230.879491175603
-25.0944053361643,-55.7242601347749,240.514923480173
-25.0828631408877,-55.7086473637628,250.221496159884
-25.0711624590229,-55.6928063613842,260
-25.0575606503103,-55.6743739638737,271.290854387338
-25.0459513507452,-55.6586267601155,280.863666446062
-25.0341862917767,-55.6426542248244,290.505624974055
-25.0222626833185,-55.6264519872312,300.217481876511
-25.0101776726776,-55.610015568841,310
-24.9961641338958,-55.5909374683903,321.268118876023
-24.9841707628898,-55.5745936199162,330.84840112145
-24.9720186868764,-55.5580184150037,340.49665633665
-24.9637227919842,-55.5466942405395,347.049681671167
-24.9597050894123,-55.5412073943521,350.213610508655
-24.9506211858295,-55.5287956689661,357.344016141245
-24.9472271188222,-55.5241560268383,360
-24.9373345597071,-55.5106262557692,367.716111905669
-24.9238594369419,-55.4921804557435,378.166853394176
-24.9101922324039,-55.4734525427883,388.697138499809
-24.8963292897998,-55.45443665949,399.307878836069
-24.8822668656152,-55.4351267936789,410
-24.8803092077521,-55.4324370021917,411.421817664446
-24.8783473120687,-55.4297409888735,412.845326953464
-24.8744107589088,-55.4243302196454,415.697432495386
-24.8704571075029,-55.4188943289244,418.556340878194
-24.8664862590185,-55.4134331590966,421.42207647015
-24.8598798252582,-55.4043435957911,426.177513909115
-24.8532256085378,-55.3951837008174,430.951810835079
-24.8465231484923,-55.3859527378748,435.745079662605
-24.8397719792117,-55.3766499608857,440.55743370145
-24.8329716291603,-55.3672746138377,445.388987165494
-24.8261216210955,-55.3578259306226,450.239855181777
-24.8192214719844,-55.3483031348719,455.110153799645
-24.8122706929193,-55.33870543979,460
-24.7977275745693,-55.318607845856,470.179032946135
-24.7829611585195,-55.2981790317245,480.443297181012
-24.7679668655622,-55.2774115844732,490.793867695779
-24.7527399987523,-55.2562978799479,501.231837635871
-24.7398664304116,-55.2384282791874,510
-24.7314257773414,-55.2267024795831,515.721110339925
-24.7195286413293,-55.2101621796868,523.748093657487
-24.7184807815979,-55.2087046512284,524.453026404614
-24.7136129665959,-55.2019322093547,527.723442650462
-24.7133563338977,-55.2015750948242,527.895662281578
-24.7130996365092,-55.2012178833275,528.067905554689
-24.7125860475752,-55.2005031692948,528.412463046378
-24.7115580924762,-55.1990725760797,529.101861948018
-24.710529099901,-55.1976404274165,529.791639667362
-24.7094990684577,-55.196206721019,530.481796516729
-24.7074358834463,-55.1933346259381,531.863248856533
-24.7053685262015,-55.1904562723826,533.246221472873
-24.704907051968,-55.1898137064769,533.554754032585
-24.7044453696761,-55.1891708283793,533.863362308618
-24.7035213804236,-55.187884134796,534.480806121155
-24.7016708997685,-55.1853069923555,535.716603569497
-24.6971573372651,-55.1790194913102,538.726620490491
-24.6926238935928,-55.172702129789,541.743844590016
-24.6880704522104,-55.16635471583,544.768301784382
-24.6834968957236,-55.1599770559053,547.800018114301
-24.6753388288356,-55.14859543356,553.192741540924
-24.6649991512087,-55.1341600452078,560
-24.644010236562,-55.10482225319,573.724799718285
-24.6255360524708,-55.0789608081061,585.703166460287
-24.6067395288882,-55.0526108919358,597.794365946859
-24.60581439896,-55.0513130271118,598.386997236882
-24.5910667417863,-55.0306112243212,607.803266391352
-24.5876131194898,-55.0257599028988,610
-24.5868600525701,-55.0247018968613,610.478581138349
-24.570786204301,-55.0021048353513,620.658098913648
-24.5675743709539,-54.997586242955,622.6840416075
-24.5501296252536,-54.9730247021179,633.641205778202
-24.5479496131893,-54.9699530387221,635.004994961893
-24.5290876823901,-54.9433550890215,646.754516626808
-24.5279778116076,-54.9417888284042,647.44308825296
-24.5076507634964,-54.9130797094454,660
-24.5046671488983,-54.9088620344026,661.719773662561
-24.5016754209874,-54.9046319292805,663.442128107172
-24.4956675089387,-54.8961342318579,666.894602614602
-24.4896267896382,-54.8875862153948,670.357470241551
-24.4835530244862,-54.8789874758135,673.830777988988
-24.4732922053091,-54.8644520188181,679.679239165515
-24.4629366177088,-54.8497708024195,685.557420936635
-24.4625745458505,-54.8492572802964,685.762506287605
-24.4413832100341,-54.8191771997344,697.714649662011
-24.4411987192878,-54.8189151108886,697.818265601651
-24.4303586193022,-54.8035091242119,703.893262828064
-24.4194153673256,-54.7879436335867,710
-24.4026702832569,-54.7641005902443,719.29425629553
-24.3856816026003,-54.739879590819,728.662576868828
-24.3684445906573,-54.7152724733255,738.10585056905
-24.3509543971514,-54.6902708505905,747.624980525305
-24.3280438737543,-54.6574705691664,760
-24.3221805054322,-54.6490669522608,763.151704332378
-24.316305682181,-54.640643146875,766.3058592348
-24.3045215513196,-54.6237347023259,772.621532191134
-24.2808145060396,-54.589672578447,785.282411049003
-24.2694636274594,-54.5733418765365,791.323321138095
-24.2580702291134,-54.5569357609622,797.373209296456
-24.2351550205465,-54.5238953575214,809.5
-24.211273980972,-54.4894007568702,822.080138932514
-24.1992649407767,-54.4720306788351,828.384305116467
-24.1872099085329,-54.4545780313391,834.697897215213
-24.16396324123,-54.4208772588601,846.831503704974
-24.152275623047,-54.403911028716,852.91138122816
-24.1405448664912,-54.3868669151277,859
-24.1161785788798,-54.3514151659357,871.60348931928
-24.1039265104107,-54.3335640095771,877.918955197763
-24.091628182441,-54.3156286037893,884.243595131338
-24.0679977910461,-54.2811195032791,896.354941210249
-24.0561184029095,-54.2637475966224,902.423247724747
-24.0441959426738,-54.2462967956371,908.5
-24.019414501228,-54.2099733512764,921.087941193903
-24.0069551117475,-54.191684888385,927.395103104456
-23.994449640173,-54.1733112028914,933.711083816563
-23.9703555187336,-54.1378611379548,945.839249902263
-23.9582441625988,-54.1200167377069,951.91554374812
-23.9460896695816,-54.1020920962906,958
-23.920889672928,-54.064875475965,970.572443581608
-23.8955066593305,-54.0273156789665,983.178802118096
-23.8709434562168,-53.9908991644392,995.323620858176
-23.8462079925491,-53.9541577142816,1007.5
-23.8205588616662,-53.9159852474543,1020.07004160769
-23.7947264194147,-53.8774637602864,1032.67290433428
-23.7697149531893,-53.8400934735147,1044.82116506304
-23.7445307711751,-53.8023923453268,1057
-23.7184543399469,-53.7632783632839,1069.5546440837
-23.6921946867213,-53.7238100474194,1082.1409665081
-23.6667024118957,-53.6854185975411,1094.30565081738
-23.6410365975852,-53.6466894709153,1106.5
-23.6144730210231,-53.6065247969139,1119.06540313811
-23.5877252206994,-53.5659982769986,1131.66158906888
-23.5357027610671,-53.4869370906725,1156
-23.5091718298829,-53.4464941422069,1168.33192261882
-23.4824631297373,-53.4056963274324,1180.69249676883
-23.4555750228306,-53.3645392446893,1193.08182241803
-23.4285058514708,-53.3230184205837,1205.5
-23.4048176410198,-53.2866121275598,1216.32268603573
-23.3809918578282,-53.2499269685464,1227.16682464455
-23.3792278275511,-53.2472081537077,1227.96806731163
-23.3774630413778,-53.2444878020124,1228.76942721957
-23.3739311995763,-53.2390424831717,1230.37249886094
-23.3703963288379,-53.2335910021749,1231.97603977464
-23.3668584255878,-53.2281333491775,1233.58005016674
-23.3597735073563,-53.2171994879025,1236.78948021112
-23.3526764160394,-53.2062408199737,1240.00079064521
-23.3455671228364,-53.1952572658881,1243.21398312205
-23.3384455988565,-53.1842487458087,1246.42905929664
-23.3241657436183,-53.1621564882908,1252.86486936871
-23.3194211241938,-53.1548107075363,1255
-23.306170124428,-53.1342807392936,1260.95463912357
-23.2928774296048,-53.1136649618622,1266.91556486065
-23.2795428585407,-53.0929628675085,1272.88278717215
-23.2728598120966,-53.0825792910934,1275.86876266185
-23.2661662281732,-53.072173943254,1278.85631604003
-23.264808863349,-53.0700632255637,1279.46176837359
-23.263451064889,-53.0679516110927,1280.0672855322
-23.2497602818738,-53.0466476059911,1286.16558487831
-23.2360253523697,-53.0252521418837,1292.27046329956
-23.2084222728128,-52.98218461892,1304.5
-23.1905888531544,-52.9543110042385,1312.37329995064
-23.1726819063976,-52.9262835783182,1320.25731532995
-23.1547010123964,-52.8981011368923,1328.15206802809
-23.1366457477986,-52.8697624632762,1336.05757999491
-23.0954813285253,-52.8050037984933,1354
-23.0854331518324,-52.7891647845113,1358.36264868231
-23.0594456376935,-52.7481429871671,1369.61505306817
-23.0333065189566,-52.7067980721715,1380.88870621486
-23.0070145642418,-52.6651264175418,1392.1836683677
-22.9805685287173,-52.6231243476852,1403.5
-22.951232560599,-52.5764310350122,1416.00091043435
-22.9217085374517,-52.5293304349002,1428.52728207025
-22.9004905283011,-52.495413623969,1437.49595584382
-22.863654285253,-52.4363976456934,1453
-22.8284229826896,-52.3797939488056,1467.75058586692
-22.7929269198606,-52.3226071201517,1482.53582354711
-22.7688775805645,-52.2837715740985,1492.51001140198
-22.7447060959775,-52.244665137044,1502.5
-22.6837368403528,-52.1456954102175,1527.54507831142
-22.6462623266689,-52.0846292839334,1542.83118695309
-22.6236884975797,-52.0477577965502,1552
-22.5901431488573,-51.9928451264415,1565.57126913744
-22.5563696513579,-51.9374129326808,1579.170417641
-22.528545511074,-51.8916349548338,1590.32581136295
-22.5005657327569,-51.8455000402279,1601.5
-22.4376051102463,-51.7413151353418,1626.48639000535
-22.3865896456986,-51.6565179709787,1646.57372505332
-22.3753000640225,-51.6377066080366,1651
-22.3424000095217,-51.5827912862167,1663.8601754062
-22.3092899713795,-51.5273818289735,1676.74440637374
-22.2786603137624,-51.4759945845234,1688.61198033775
-22.24785002195,-51.4241791509135,1700.5
-22.1827560777282,-51.3142926384862,1725.4548124004
-22.1222545686228,-51.21165201705,1748.45502649824
-22.1181730119906,-51.2047100217773,1750
-22.0847119910356,-51.1477144788979,1762.63439076853
-22.0510425537435,-51.0902118312031,1775.29117016255
-22.0187294561962,-51.0348817070875,1787.3853461322
-21.9862233743659,-50.9790784854868,1799.5
-21.9189754698779,-50.8631779542708,1824.39975341869
-21.8864324422997,-50.8068690044468,1836.37139519048
-21.8536977593508,-50.7500820085631,1848.36269448377
-21.8528260032627,-50.7485677046736,1848.68134029567
-21.8519541108859,-50.7470530595456,1849
-21.8348745766684,-50.71736153013,1855.23500903794
-21.8177427684609,-50.6875387747665,1861.47531612652
-21.7833214081616,-50.6274962400819,1873.9718514899
-21.7494200225115,-50.5682005037999,1886.22570701501
-21.7153137919451,-50.5083855426344,1898.5
-21.6808623428801,-50.4478007514227,1910.84442848281
-21.6462023226435,-50.3866819316081,1923.2092043829
-21.6113318853252,-50.325022252773,1935.59437804998
-21.5762491613909,-50.2628147673218,1948
-21.542800677529,-50.2033434998141,1959.77676083581
-21.509158164764,-50.1433676753537,1971.5719790383
-21.5071984395344,-50.1398690535071,1972.25753325194
-21.505238054049,-50.1363687078681,1972.94314986794
-21.4876841676452,-50.1050012394194,1979.07486614926
-21.4700772594226,-50.0734950388317,1985.21157586195
-21.4524170941622,-50.0418492158401,1991.35328510815
-21.4347034351265,-50.010062872521,1997.5
-21.3990089772219,-49.9458746412647,2009.84502897631
-21.3630976060822,-49.8811121647437,2022.2100063482
-21.2906163709082,-49.7498345405213,2047
-21.2512582230517,-49.6782312271717,2060.36870830591
-21.2171786000656,-49.6160493796791,2071.89234040359
-21.1439248725321,-49.4818171647538,2096.5
-21.0638129685826,-49.3341172407501,2123.16098513565
-20.9945606519631,-49.2056755620333,2146
-20.9909085668333,-49.1988823350016,2147.19913328747
-20.9171269099102,-49.0612160675797,2171.31202186828
-20.8424520861994,-48.9210542010513,2195.5
-20.8038709686641,-48.848310282336,2207.91232549126
-20.7650492428329,-48.7748857090727,2220.34447117778
-20.7283626679354,-48.7052894401869,2232.04013039989
-20.6875227938722,-48.6275733488325,2245
-20.6091007961724,-48.4776258835048,2269.71064065429
-20.5296916593957,-48.3248277277572,2294.5
-20.4969137423868,-48.2614726402765,2304.66492071891
-20.4639657742335,-48.1976207948422,2314.84316635167
-20.4493509583991,-48.1692437888403,2319.34536379588
-20.368871566071,-48.012382553195,2344
-20.2763416632035,-47.8307769444195,2372.0612614952
-20.2049712541961,-47.6897754607262,2393.5
-20.197786540131,-47.6755362779489,2395.64836841572
-20.1883280305915,-47.6567781825869,2398.47391666304
-20.1788556768547,-47.6379783347,2401.3004964165
-20.1598693124039,-47.6002528358428,2406.95675270202
-20.140827194033,-47.5623586785499,2412.61714179685
-20.1217290681802,-47.5242947520541,2418.28166823218
-20.0799462878974,-47.4408145787536,2430.63099049315
-20.0378940471026,-47.356512313722,2443
-19.9527933618837,-47.1850356237158,2467.84827539613
-19.9103024008383,-47.0989763684057,2480.16420665138
-19.8675340035609,-47.0120574473311,2492.5
-19.7812286062251,-46.8357434563012,2517.20988262419
-19.6937787787608,-46.6558369625281,2542
-19.6441120057114,-46.5530939760193,2555.96968856544
-19.5940690994529,-46.4491561344459,2569.96536136428
-19.5928641637141,-46.4466483412973,2570.30136722411
-19.5916590089344,-46.44413984862,2570.63738807489
-19.5892480420026,-46.4391207635277,2571.3094747533
-19.5844234768906,-46.4290741863155,2572.65382804564
-19.5747638075858,-46.4089473390221,2575.34325459725
-19.5554021995653,-46.3685583527024,2580.72498936814
-19.5165089949676,-46.2872350156696,2591.5
-19.4715527255526,-46.1929158822863,2603.89554466347
-19.4262902842637,-46.0976083468106,2616.31173760945
-19.3639663875269,-45.9658044741663,2633.30425228385
-19.3355952233498,-45.905584740811,2641
-19.289896940933,-45.8082967784816,2653.34395023328
-19.2438841617137,-45.7099762402602,2665.70856565713
-19.1975533988723,-45.6106067653409,2678.09389820886
-19.1509011030366,-45.5101716353644,2690.5
-19.1322813465197,-45.4699805218321,2695.43330787115
-19.0901819810921,-45.3788852868361,2706.54938086619
-19.0478167638343,-45.2869018656418,2717.68249439006
-18.962277904659,-45.1002185665221,2740
-18.9430824803321,-45.0581484044913,2744.97932763395
-18.899925790735,-44.9633245998748,2756.13924688407
-18.8565481596353,-44.8676819867431,2767.30765889383
-18.8129475472828,-44.7712097624374,2778.48457336147
-18.7691218811441,-44.6738969251205,2789.67
-18.7352321490202,-44.598410066803,2798.28585062775
-18.6541002318044,-44.4168539761034,2818.79348811137
-18.5721867536804,-44.2323393529741,2839.33
-18.5278025719175,-44.1318510906147,2850.3872878975
-18.4498815076677,-43.954561007791,2869.68099414036
-18.4106531216722,-43.8648840570292,2879.33733150893
-18.3712441536103,-43.7745082436569,2889
-18.3707782825392,-43.7734381525082,2889.1000846569
-18.3703123600825,-43.7723679031326,2889.20017366278
-18.3693803609785,-43.7702269295638,2889.40036472264
-18.3675157457693,-43.7659430821933,2889.80079904268
-18.3637840454325,-43.7573677788157,2890.60187654757
-18.3563107497485,-43.740186675735,2892.20486752515
-18.3413244551824,-43.7057019878068,2895.41419742546
-18.3111920605172,-43.6362386771638,2901.84628168333
-18.280844650732,-43.5661089840447,2908.29632769777
-18.2502798828898,-43.4953034303808,2914.76441081194
-18.192024566426,-43.3598668183127,2927.01472392131
-18.1329709522094,-43.221924035216,2939.33
-18.0708695303242,-43.0761525093483,2952.17095087527
-18.0394883467282,-43.0022133688918,2958.61750086836
-18.0078836429075,-42.9275585825712,2965.08152815299
-17.9475676763019,-42.7845557305485,2977.33921702579
-17.8864281881156,-42.6388905471218,2989.66
-17.8221811395136,-42.485047996377,3002.49571543133
-17.7570224864699,-42.3282090870925,3015.39890143113
-17.6945455510862,-42.1770522472748,3027.66381416945
-17.6312168173504,-42.02305880207,3039.99
-17.5647237213853,-41.8605263413613,3052.81908434385
-17.4972884385106,-41.6948032759251,3065.71352997519
-17.4325297110963,-41.534812648842,3077.98700900047
-17.3668870296072,-41.3717891110573,3090.32
-17.2979881347449,-41.1997550835433,3103.14955388861
-17.2281112483717,-41.0243083041565,3116.04247592231
-17.160952330414,-40.8547601562464,3128.32235675033
-17.0928732608896,-40.6819587383756,3140.66
-17.0214798399554,-40.4997339578846,3153.48051912725
-16.9490686270311,-40.3138494685801,3166.3623986169
-16.8793652570165,-40.1339013407051,3178.6481624524
-16.8086999632583,-39.9504490225125,3190.99
-16.6594300609553,-39.5595338690052,3216.69183982688
-16.587039587419,-39.3682825770527,3228.97873402073
-16.5136396257781,-39.1732427331321,3241.32
-16.3624583923125,-38.7679413060402,3266.37483646147
-16.206909382772,-38.3458626048703,3291.65
-16.150892319425,-38.1925940606833,3300.62894076405
-16.1104470136489,-38.0815122469068,3307.07193322699
-16.0455772496125,-37.9026131268128,3317.33618064189
-15.9089977887266,-37.522973494328,3338.6688674973
-15.8875810752416,-37.4630753718712,3341.98
-15.7949806805493,-37.2029389361001,3356.19208780315
-15.7008222731158,-36.9364997786955,3370.47067351015
-15.6281630741049,-36.7295635663561,3381.37088028597
-15.5545494304386,-36.5187201429031,3392.31
-15.5541819899936,-36.5176647154117,3392.36434000005
-15.4862774947482,-36.3221032079258,3402.36247766525
-15.2642539701171,-35.6755158533047,3434.44472730291
-15.2064893411737,-35.5054814471304,3442.64
-15.0342625461452,-34.9940565859551,3466.70910756626
-14.8819975068038,-34.536313667638,3487.5369695979
-14.841764462694,-34.4144832733797,3492.97
-14.7960794069591,-34.2756958894345,3499.1039710572
-14.5482704054892,-33.5145478905029,3531.7293278752
-14.4583406897891,-33.2348376392441,3543.3
-14.2901439098485,-32.7066793307866,3564.56143118921
-14.1151886837161,-32.1503432798979,3586.15679406558
-14.0535431652677,-31.9526234774831,3593.64
-14.021238615914,-31.8486576988911,3597.53542656682
-13.7392924956296,-30.9309378195569,3630.78033222899
-13.6241408448584,-30.5507831611567,3643.97
-13.4433251565295,-29.9475866196882,3664.23116754033
-13.2223395504555,-29.1999871542282,3688.25154454241
-13.1654808244478,-29.0057830562251,3694.3
-13.1315491949997,-28.8895271657598,3697.88393367011
-12.8007928058836,-27.7421964747059,3731.82301655774
-12.6711726448135,-27.2856088279064,3744.63
-12.4486040403559,-26.4925070054431,3765.97595971175
-12.1416141599223,-25.3798139719316,3794.08314579437
-12.1317560562571,-25.3437246810966,3794.96
-12.0708457727322,-25.1202476772957,3800.34253176438
-11.6606708321918,-23.5934463752506,3835.00544199814
-11.5322291831512,-23.1075936899964,3845.29
-11.209836268287,-21.8721005211349,3869.90796215946
-11.1661262517341,-21.7028542223201,3873.11357344114
-11.1219452059043,-21.5313670577168,3876.32157748084
-11.0321091083822,-21.1813852738057,3882.74477455844
-10.846063421189,-20.4511639446402,3895.62
-10.8088669837348,-20.304300465673,3898.12496232423
-10.7257798165357,-19.9752109410701,3903.63740321895
-10.5467818887935,-19.261438052226,3915.12230326423
-10.3582841532371,-18.5028201103177,3926.63688105051
-10.0171772332007,-17.1124281475198,3945.95
-9.83674845259555,-16.3681391207401,3955.36729693952
-9.81151237727282,-16.2635645281171,3956.64036192071
-9.78605133895669,-16.1579417150377,3957.91377751133
-9.76035919376575,-16.0512426176217,3959.18754385624
-9.73442951078193,-15.9434378715098,3960.46166110037
-9.68183027386336,-15.7243870213581,3963.01094886649
-9.62819565270867,-15.5005246903797,3965.5616419708
-9.57346168004908,-15.2715592728269,3968.11374157569
-9.51755746956763,-15.0371678522205,3970.66724884483
-9.40191357459763,-14.5506288559857,3975.77849103703
-9.28051031284616,-14.0374808349797,3980.89537788254
-9.15238241181648,-13.4933407820416,3986.01791873711
-9.01625869312765,-12.9124446797852,3991.1461229772
-8.87040617263332,-12.2869452903392,3996.28
-8.53718714512038,-10.8466218753402,4006.60462496822
-8.11025005982821,-8.98044361056711,4016.9514704491
-6.999799043329,-4.04328126421303,4028.3578470784
-5.90282800649768,0.895376379047757,4016.9514704491
-5.48812598654602,2.76291208849806,4006.60462496822
-5.16712045154247,4.20459078520263,3996.28
-5.02734117482286,4.8307641836322,3991.1461229772
-4.89728229144752,5.41233341857355,3986.01791873711
-4.77521124181612,5.95714577480553,3980.89537788254
-4.65985714953083,6.47096530303226,3975.77849103703
-4.55025496319165,6.95817503476339,3970.66724884483
-4.49736886725071,7.1929015401053,3968.11374157569
-4.44565120243196,7.4222018558876,3965.5616419708
-4.39503109698765,7.64639890018431,3963.01094886649
-4.3454445964151,7.86578428013765,3960.46166110037
-4.32102061839772,7.97375622277481,3959.18754385624
-4.29683373741927,8.08062247128226,3957.91377751133
-4.2728775237517,8.18641239014872,3956.64036192071
-4.24914583462956,8.29115404337545,3955.36729693952
-4.07984477790649,9.0366789017717,3945.95
-3.76154670478052,10.4296045874462,3926.63688105051
-3.58663902251137,11.189732565308,3915.12230326423
-3.42119032509815,11.9050112395516,3903.63740321895
-3.34460450161586,12.2348233882406,3898.12496232423
-3.31036199981245,12.3820152187343,3895.62
-3.13949258605787,13.1139237154298,3882.74477455844
-3.05722339158655,13.4647468563584,3876.32157748084
-3.01682053056318,13.6366541472168,3873.11357344114
-2.97688519996313,13.8063202054082,3869.90796215946
-2.68345777395233,15.0450351848233,3845.29
-2.56710437605549,15.5322328243308,3835.00544199814
-2.19760334636775,17.0635612324388,3800.34253176438
-2.14300001269088,17.2877404467126,3794.96
-2.13416911760892,17.3239441119747,3794.08314579437
-1.86006283464156,18.4402994385356,3765.97595971175
-1.66241278421348,19.2361776039505,3744.63
-1.54771885386877,19.6944287484617,3731.82301655774
-1.2564198732605,20.8461585716857,3697.88393367011
-1.22664672064995,20.962878236024,3694.3
-1.17680219838462,21.1578646543277,3688.25154454241
-0.98362170042903,21.9085660894604,3664.23116754033
-0.826196707824671,22.514373067517,3643.97
-0.726239554676926,22.8962239171666,3630.78033222899
-0.48246947836769,23.8182070722156,3597.53542656682
-0.454626746623539,23.9226712707829,3593.64
-0.401545349671149,24.1213478409606,3586.15679406558
-0.251250618684825,24.68043956565,3564.56143118921
-0.107253875576635,25.2113030318471,3543.3
-0.0304600476408758,25.4924820440916,3531.7293278752
0.180446652671591,26.257757662012,3499.1039710572
0.219216116858004,26.3973188140754,3492.97
0.253330006299365,26.5198339286527,3487.5369695979
0.382192637078763,26.9801960769512,3466.70910756626
0.527485928961031,27.4946364544734,3442.64
0.576107553288022,27.6656947888481,3434.44472730291
0.76247986728815,28.3162760114168,3402.36247766525
0.819319985849845,28.5130774320835,3392.36434000005
0.819627351474121,28.514139592307,3392.31
0.881161301862594,28.7263369340327,3381.37088028597
0.941811329889848,28.9346193922393,3370.47067351015
1.0202803080499,29.2028177065094,3356.19208780315
1.0973116823705,29.4647001891225,3341.98
1.11510797494881,29.525004393218,3338.6688674973
1.22842648752624,29.9072535741455,3317.33618064189
1.2821439710902,30.0874041306215,3307.07193322699
1.315602122103,30.1992700994856,3300.62894076405
1.36189903365287,30.3536296486063,3291.65
1.49019663401624,30.7787679023115,3266.37483646147
1.61452653627648,31.1870851368305,3241.32
1.67476075643071,31.3836041167003,3228.97873402073
1.73408418680814,31.5763237332823,3216.69183982688
1.85615245344418,31.9702963815639,3190.99
1.91381994473003,32.1552100908207,3178.6481624524
1.97062694534063,32.3366084760484,3166.3623986169
2.02956160328177,32.5240087556985,3153.48051912725
2.08758911047068,32.7077371733666,3140.66
2.142850102957,32.88198087066,3128.32235675033
2.197294878727,33.0529598672881,3116.04247592231
2.25387019163426,33.2299038864463,3103.14955388861
2.30958110364818,33.4034226522998,3090.32
2.36259221847429,33.5678685513476,3077.98700900047
2.41482571712081,33.729269822569,3065.71352997519
2.46915095469111,33.8964696708627,3052.81908434385
2.52265028588612,34.0604660929284,3039.99
2.57354202686411,34.2158610283748,3027.66381416945
2.62369051693092,34.3684073761443,3015.39890143113
2.67592955555401,34.5267026894234,3002.49571543133
2.72737592705896,34.6819885061159,2989.66
2.77627703824002,34.8290338076498,2977.33921702579
2.82446527588578,34.9734045422745,2965.08152815299
2.84969377377633,35.0487785955577,2958.61750086836
2.87472927650218,35.1234336258449,2952.17095087527
2.92423026591378,35.2706268691416,2939.33
2.9712493051138,35.409927767008,2927.01472392131
3.01758266180105,35.5467100198387,2914.76441081194
3.0418724934563,35.6182239242718,2908.29632769777
3.06597609467246,35.6890585186026,2901.84628168333
3.08989562980354,35.7592233001252,2895.41419742546
3.10178704368747,35.7940574432425,2892.20486752515
3.10771577678689,35.811412954879,2890.60187654757
3.11067591408424,35.8200753829025,2889.80079904268
3.11215492718879,35.8244027727039,2889.40036472264
3.11289417007572,35.8265655125172,2889.20017366278
3.11326372563042,35.8276466437725,2889.1000846569
3.1136332372697,35.8287276159726,2889
3.14487954210198,35.9200252250363,2879.33733150893
3.1759602624835,36.01062238732,2869.68099414036
3.23763109682821,36.1897481261966,2850.3872878975
3.27271981432753,36.2912866172734,2839.33
3.33740337385327,36.4777483042215,2818.79348811137
3.40137461659971,36.661244121359,2798.28585062775
3.42806817262635,36.7375445315968,2789.67
3.46256347425302,36.8359123255693,2778.48457336147
3.49685439033613,36.9334373132477,2767.30765889383
3.53094301678848,37.03013049294,2756.13924688407
3.56483141501095,37.1260026639714,2744.97932763395
3.57989593460282,37.1685401318692,2740
3.64696301625336,37.357313384813,2717.68249439006
3.68014124360566,37.4503364611732,2706.54938086619
3.71308613475993,37.542467811069,2695.43330787115
3.72764905925032,37.583118126461,2690.5
3.76411539073679,37.6847063489896,2678.09389820886
3.80030007217671,37.7852245730288,2665.70856565713
3.83620655692833,37.8846895258845,2653.34395023328
3.87183823375047,37.983117577554,2641
3.89394496966091,38.0440468713684,2633.30425228385
3.94246808585588,38.1774141641293,2616.31173760945
3.97767380783502,38.273861174063,2603.89554466347
4.01261315270342,38.3693154406511,2591.5
4.0428177123718,38.4516235238165,2580.72498936814
4.05784615870039,38.4925036653709,2575.34325459725
4.06534203362101,38.5128757861793,2572.65382804564
4.06908539768676,38.5230449241681,2571.3094747533
4.07095593807306,38.5281252706592,2570.63738807489
4.07189092306695,38.5306643892892,2570.30136722411
4.07282571800862,38.5332028052263,2569.96536136428
4.11163149333731,38.6384145804896,2555.96968856544
4.15011136324823,38.7424260160798,2542
4.21778138454622,38.9245757944284,2517.20988262419
4.2844627388385,39.1031160517352,2492.5
4.31746865848633,39.1911427257408,2480.16420665138
4.35023569620398,39.2783055180605,2467.84827539613
4.41578727298549,39.4520012540481,2443
4.44814298364777,39.5374044235191,2430.63099049315
4.48026757652972,39.6219813050214,2418.28166823218
4.49494324015662,39.6605474640646,2412.61714179685
4.50957094528504,39.6989429726265,2406.95675270202
4.52415093373116,39.7371689426367,2401.3004964165
4.53142310963598,39.7562186964341,2398.47391666304
4.53868344622851,39.7752264781161,2395.64836841572
4.54419761282904,39.7896554206671,2393.5
4.59893554234911,39.9325464666862,2372.0612614952
4.66979971042367,40.1166141485191,2344
4.73134150044155,40.275628083163,2319.34536379588
4.74250799807228,40.3043971358694,2314.84316635167
4.76767152478872,40.3691340849906,2304.66492071891
4.79269079181937,40.4333714454658,2294.5
4.85324413235663,40.5883142075452,2269.71064065429
4.9129624578338,40.7403895711285,2245
4.94402972057018,40.8192177183312,2232.04013039989
4.97191871660685,40.8898152294573,2220.34447117778
5.00141148599515,40.9643016637201,2207.91232549126
5.03070177339563,41.0381032504012,2195.5
5.08733828270398,41.1803190165881,2171.31202186828
5.14322548058855,41.3200233497684,2147.19913328747
5.14598996354638,41.3269176832398,2146
5.19837820381685,41.4572805972439,2123.16098513565
5.25890348461602,41.6072125292911,2096.5
5.31417428413286,41.7434945773048,2071.89234040359
5.33986403215234,41.8066329561427,2060.36870830591
5.3695141018648,41.8793432392794,2047
5.42406474560611,42.0126658334901,2022.2100063482
5.45106717200689,42.0784445723952,2009.84502897631
5.47789004933189,42.1436449386057,1997.5
5.49119503523824,42.1759343057231,1991.35328510815
5.50445582990169,42.2080821242391,1985.21157586195
5.5176726503004,42.2400892941301,1979.07486614926
5.53084571189573,42.2719567077144,1972.94314986794
5.53231660982968,42.2755129163168,1972.25753325194
5.53378696314904,42.279067388339,1971.5719790383
5.55902078133642,42.3400029295209,1959.77676083581
5.58409471074816,42.40043013753,1948
5.61037835373226,42.4636421518511,1935.59437804998
5.63648739292172,42.5263021894085,1923.2092043829
5.66242353231286,42.588417215066,1910.84442848281
5.68818845240909,42.6499940765105,1898.5
5.71368034461469,42.7107929910552,1886.22570701501
5.73900450646069,42.771068567977,1873.9718514899
5.76470219075159,42.8321078032633,1861.47531612652
5.7774865625294,42.8624273123389,1855.23500903794
5.79022823240663,42.8926145341066,1849
5.79087858246197,42.8941544959786,1848.68134029567
5.79152882125844,42.8956941138361,1848.36269448377
5.81593852373936,42.9534325110294,1836.37139519048
5.84019191371057,43.0106889415434,1824.39975341869
5.89026761054021,43.1285525808243,1799.5
5.91445266754108,43.1853072355852,1787.3853461322
5.93848100303374,43.2415847650851,1775.29117016255
5.96350400977229,43.3000763030249,1762.63439076853
5.98835807082529,43.3580563499705,1750
5.99138879770181,43.3651185527889,1748.45502649824
6.03628931874291,43.4695440419392,1725.4548124004
6.08454713360227,43.5813572029641,1700.5
6.10737017403056,43.6340868319523,1688.61198033775
6.13004773012331,43.6863843582494,1676.74440637374
6.15454862921993,43.7427794321705,1663.8601754062
6.17888070311356,43.798675786031,1651
6.18722711677239,43.817824170448,1646.57372505332
6.22492334229816,43.9041467053564,1626.48639000535
6.27140182688858,44.0102196338865,1601.5
6.29204127092414,44.0571955331085,1590.32581136295
6.31255637236005,44.1038110029618,1579.170417641
6.3374452525208,44.1602613482356,1565.57126913744
6.36215216924142,44.2161870132067,1552
6.37877056065958,44.2537411447971,1542.83118695309
6.40634478266547,44.3159422320759,1527.54507831142
6.45117012396977,44.4167630491945,1502.5
6.46892876337025,44.4566049205244,1492.51001140198
6.48659061270026,44.4961730642772,1482.53582354711
6.51264610713602,44.5544427862405,1467.75058586692
6.53849214493445,44.6121231867462,1453
6.56549950722015,44.6722669261748,1437.49595584382
6.58104854249725,44.7068342691441,1428.52728207025
6.60267536280625,44.7548411908634,1416.00091043435
6.62415401135082,44.8024363560218,1403.5
6.6435078739053,44.8452525484799,1392.1836683677
6.66274062963117,44.8877346278603,1380.88870621486
6.68185334394049,44.9298862891699,1369.61505306817
6.70084706967801,44.9717111737175,1358.36264868231
6.70818889701987,44.987860977075,1354
6.73825356276075,45.0538944397235,1336.05757999491
6.75143392357868,45.0827930603284,1328.15206802809
6.76455611739361,45.1115336289593,1320.25731532995
6.777620503925,45.1401173692081,1312.37329995064
6.79062743992176,45.1685454922258,1304.5
6.81075246416287,45.2124722397331,1292.27046329956
6.82076302589616,45.2342956682746,1286.16558487831
6.83073917457995,45.2560265435789,1280.0672855322
6.8317284483926,45.2581805086769,1279.46176837359
6.8327173843176,45.2603335662291,1278.85631604003
6.8375938110258,45.270947745322,1275.86876266185
6.84246202877994,45.2815398911738,1272.88278717215
6.85217391406626,45.3026583404699,1266.91556486065
6.86185319466755,45.3236894302071,1260.95463912357
6.8715000235058,45.3446336711957,1255
6.87495363528016,45.352127849262,1252.86486936871
6.8853463383385,45.3746669404966,1246.42905929664
6.8905283910585,45.3858984155002,1243.21398312205
6.89570094350685,45.3971046172127,1240.00079064521
6.90086401997521,45.4082856259728,1236.78948021112
6.90601764467276,45.4194415217843,1233.58005016674
6.90859092019823,45.4250100773477,1231.97603977464
6.91116184182219,45.4305723845242,1230.37249886094
6.91373041254779,45.4361284532208,1228.76942721957
6.91501381726673,45.4389041512422,1227.96806731163
6.91629663538494,45.4416782933495,1227.16682464455
6.93361933973267,45.479111182419,1216.32268603573
6.95083535786099,45.516261727946,1205.5
6.97050045134713,45.5586340545809,1193.08182241803
6.99002543558295,45.6006380254552,1180.69249676883
7.00941169565109,45.6422781437695,1168.33192261882
7.02866059857599,45.6835588408004,1156
7.06638023948553,45.764265742496,1131.66158906888
7.0857617395937,45.8056399865882,1119.06540313811
7.10500144113762,45.8466475972695,1106.5
7.12358304631665,45.886192166408,1094.30565081738
7.14203137626093,45.9253945119065,1082.1409665081
7.16102709688339,45.965699140011,1069.5546440837
7.17988230524668,46.0056446093927,1057
7.19808481698227,46.0441497292425,1044.82116506304
7.21615517516718,46.0823194220295,1032.67290433428
7.23481102608525,46.1216675253432,1020.07004160769
7.25332681079333,46.1606617175146,1007.5
7.27117578873467,46.1981965413594,995.323620858176
7.28889343533754,46.2354017974248,983.178802118096
7.30719506688127,46.2737775949779,970.572443581608
7.32535735623009,46.3118052711469,958
7.33411478613761,46.3301214362218,951.91554374812
7.34283943585388,46.3483561868433,945.839249902263
7.36019106088943,46.3845834496515,933.711083816563
7.36919435927983,46.4033608574273,927.395103104456
7.37816268577284,46.4220517834954,921.087941193903
7.39599516006948,46.4591763958887,908.5
7.4045719197028,46.4770129636627,902.423247724747
7.4131160657471,46.494769450995,896.354941210249
7.43010718867417,46.5300441722188,884.243595131338
7.43894759865346,46.5483783658389,877.918955197763
7.44775302705033,46.5666270305293,871.60348931928
7.46525968821308,46.60286997784,859
7.47368555767007,46.6202953111992,852.91138122816
7.48207887211957,46.6376415596428,846.831503704974
7.49876851571382,46.6720987827677,834.697897215213
7.50742083217511,46.6899440145029,828.384305116467
7.51603848425266,46.7077053903563,822.080138932514
7.53317054526281,46.7429787479627,809.5
7.54960359774179,46.7767671963462,797.373209296456
7.55777184792212,46.7935455239446,791.323321138095
7.56590814100887,46.8102472372821,785.282411049003
7.58289657580592,46.845084849118,772.621532191134
7.59133868328098,46.8623790728607,766.3058592348
7.59554679380832,46.8709952790399,763.151704332378
7.599746307284,46.8795909717717,760
7.61615173261337,46.9131422507344,747.624980525305
7.62867182977708,46.9387177096891,738.10585056905
7.64100728856746,46.9638907927099,728.662576868828
7.65316172985587,46.9886700271549,719.29425629553
7.66513868577203,47.0130637121606,710
7.67296415082082,47.0289892786799,703.893262828064
7.6807145138697,47.0447521188539,697.818265601651
7.68084640797809,47.0450202825696,697.714649662011
7.69599372046203,47.075798475934,685.762506287605
7.69625248089174,47.0763239315746,685.557420936635
7.70365263860243,47.0913465381678,679.679239165515
7.71098387736446,47.1062204148111,673.830777988988
7.71532295243508,47.1150195497731,670.357470241551
7.71963800589687,47.1237669244511,666.894602614602
7.72392921504161,47.1324629499225,663.442128107172
7.72606593340092,47.1367918349494,661.719773662561
7.72819675642167,47.1411080349543,660
7.74271114999343,47.1704887378212,647.44308825296
7.74350351150425,47.1720916846427,646.754516626808
7.75696733881261,47.1993133789182,635.004994961893
7.75852319356992,47.2024571663255,633.641205778202
7.77097141940081,47.227596101243,622.6840416075
7.77326294625,47.2322210484373,620.658098913648
7.78472930883227,47.2553505947022,610.478581138349
7.78526644163607,47.2564335570665,610
7.7877296918166,47.2613993406292,607.803266391352
7.7982467512499,47.2825901140212,598.386997236882
7.7989064114937,47.2839186627813,597.794365946859
7.81230711340227,47.3108922746756,585.703166460287
7.82547413745413,47.3373672180648,573.724799718285
7.84042882194247,47.3674026177018,560
7.8477940648567,47.3821818996611,553.192741540924
7.85360443858967,47.3938349651704,547.800018114301
7.85686151025561,47.4003648430089,544.768301784382
7.86010402388622,47.4068638354353,541.743844590016
7.86333206619537,47.4133321394862,538.726620490491
7.86654572325069,47.4197699506086,535.716603569497
7.8678631997137,47.4224087260239,534.480806121155
7.86852103286061,47.4237261962772,533.863362308618
7.86884972348373,47.4243844527685,533.554754032585
7.86917826359478,47.4250423904453,533.246221472873
7.87065006031359,47.4279896117346,531.863248856533
7.87211883898841,47.4309304417187,530.481796516729
7.87285209916048,47.4323984658619,529.791639667362
7.8735846079144,47.4338648991887,529.101861948018
7.87431636627739,47.4353297440269,528.412463046378
7.87468196438545,47.4360615714942,528.067905554689
7.87486469322683,47.4364273366161,527.895662281578
7.87504737528086,47.4367930027115,527.723442650462
7.87851235304762,47.4437276688772,524.453026404614
7.87925819932665,47.4452201226747,523.748093657487
7.88772548834579,47.4621570672732,515.721110339925
7.89373180946716,47.4741643980318,510
7.90289103320411,47.4924635842457,501.231837635871
7.91372217803082,47.5140857114464,490.793867695779
7.92438535694357,47.5353541425393,480.443297181012
7.93488402748616,47.5562766435568,470.179032946135
7.94522155851454,47.5768607659975,460
7.95016147402058,47.5866911015118,455.110153799645
7.95506487399615,47.5964449119585,450.239855181777
7.95993211765501,47.6061229989881,445.388987165494
7.96476355979666,47.6157261536572,440.55743370145
7.96955955087145,47.6252551565989,435.745079662605
7.97432043704461,47.6347107781883,430.951810835079
7.9790465602592,47.644093778706,426.177513909115
7.98373825829794,47.6534049084984,421.42207647015
7.98655800625816,47.6589992828041,418.556340878194
7.98936536806923,47.6645678236532,415.697432495386
7.99216041620107,47.6701106916805,412.845326953464
7.99355334531953,47.6728725485971,411.421817664446
7.99494322295383,47.6756280469743,410
8.00492586469112,47.6954100664145,399.307878836069
8.01476474710053,47.7148916839235,388.697138499809
8.02446261963479,47.7340790255283,378.166853394176
8.03402216620409,47.7529780600344,367.716111905669
8.04103888145217,47.766840732405,360
8.0434460167163,47.771594622991,357.344016141245
8.04988786124487,47.784312205081,350.213610508655
8.05273672077024,47.7899343658345,347.049681671167
8.0586185810696,47.8015380159262,340.49665633665
8.06723313044296,47.8185227834184,330.84840112145
8.07573357143088,47.8352710533423,321.268118876023
8.08566381328922,47.8548219574776,310
8.09422572176732,47.8716663389153,300.217481876511
8.1026716988808,47.8882712961283,290.505624974055
8.11100382935665,47.9046413957006,280.863666446062
8.11922415120491,47.9207810946796,271.290854387338
8.12885343809815,47.9396735970672,260
8.13713520519541,47.9559106073093,250.221496159884
8.14530331625004,47.9719142142002,240.514923480173
8.15335984235723,47.9876889172368,230.879491175603
8.16130680759409,48.0032391068934,221.314420010072
8.16599344926458,48.0124050231448,215.644922069009
8.17064226317326,48.0214935514018,210
8.17508831817152,48.0301825093299,204.581591531031
8.17952470506457,48.0388494824354,199.16578174378
8.1883685921404,48.0561177891632,188.341950740003
8.19312790618668,48.0654056099487,182.501932901358
8.19787608531935,48.0746681661573,176.664936727765
8.20733918451312,48.0931178738503,165
8.20939468193639,48.0971235172848,162.460614540196
8.2174339144367,48.1127835993121,152.509498489537
8.22544120168198,48.1283714139046,142.567164179106
8.23020415054427,48.1376387138399,136.638571687629
8.23687542166065,48.1506130953604,128.316210957766
8.24352455316304,48.1635375108976,120
8.24976203265468,48.1756555013414,112.178010498598
8.25882489908444,48.1932517668245,100.775120697231
8.26344219254936,48.2022116857822,94.9483509011809
8.26804600639073,48.2111421436905,89.126912393105
8.27263639461074,48.2200432755449,83.3107978594423
8.27721341093364,48.2289152155402,77.5
8.2813742834334,48.2369776898797,72.2074135776759
8.28552412803018,48.2450161159003,66.9192339716901
8.28966298482857,48.2530305935517,61.6354556803995
8.29379089374581,48.2610212222457,56.3560732113143
8.29796308225209,48.2690948777319,51.0103056534594
8.30212410896467,48.2771442436293,45.6690413893526
8.30627401484773,48.285169421739,40.3322747310044
8.30834481029764,48.2891729721725,37.6655762291114
8.3093791708645,48.2911724932367,36.332647874741
8.30989609213466,48.2921716909167,35.6662888829499
8.31041284083408,48.2931705136225,35
8.31162682976412,48.2955168679825,33.125
8.31170774051298,48.2956732412632,33
8.31284020440899,48.297861806835,31.25
8.31526511273049,48.302547443147,27.5
8.31768756956803,48.3072274328018,23.75
8.31889787985623,48.3095653133269,21.875
8.31950280567313,48.310733725572,20.9375
8.31980521127547,48.3113177997598,20.46875
8.32010757868346,48.3119017860177,20
8.32164778372783,48.3148762869458,17.3283812080545
8.32318686239302,48.3178482456339,14.6567624161089
8.32529591692207,48.3219202312727,10.9925718120812
8.32740285819909,48.3259874492913,7.32838120805445
8.32950768942887,48.3300499080691,3.66419060402677
8.33055931477575,48.332079355356,1.83209530201384
8.33108493005687,48.3330936339305,0.916047651006011
8.33134768837116,48.3336006620075,0.458023825503005
8.33161041380963,48.3341076159661,0
