119.98,0.72,33
119.979886185776,0.720138133581859,33.125
119.978178425925,0.722210799216723,35
119.977450881928,0.723093800492741,35.6662888829499
119.976723065592,0.723977131838924,36.332647874741
119.975266615337,0.725744785426439,37.6655762291114
119.972350440503,0.729284060992507,40.3322747310044
119.966504961546,0.736378524269612,45.6690413893526
119.960641915248,0.743494278061478,51.0103056534594
119.95476122763,0.750631411585856,56.3560732113143
119.948941064936,0.757695057932794,61.6354556803995
119.943103580859,0.764779695405677,66.9192339716901
119.937248703147,0.771885411122533,72.2074135776759
119.931376359158,0.779012292670703,77.5
119.924914493806,0.786854600588136,83.3107978594423
119.918431426291,0.794722600380311,89.126912393105
119.911927059072,0.802616409635829,94.9483509011809
119.905401294023,0.81053614664206,100.775120697231
119.892585603465,0.826089282189859,112.178010498598
119.883759975106,0.836799979418473,120
119.874347145412,0.848223212152036,128.316210957766
119.864898060824,0.85969035229063,136.638571687629
119.85814888107,0.867880908353004,142.567164179106
119.846796756742,0.881657321080947,152.509498489537
119.835392194235,0.895497232849689,162.460614540196
119.832475087489,0.89903724103062,165
119.819039261872,0.915341952802576,176.664936727765
119.812293990943,0.923527433800226,182.501932901358
119.805530386984,0.931735111483532,188.341950740003
119.792955382836,0.946994824844009,199.16578174378
119.786644064878,0.954653514349622,204.581591531031
119.780316793308,0.96233151745228,210
119.773698544537,0.970362565357588,215.644922069009
119.767023928233,0.978461961852886,221.314420010072
119.755700253802,0.992202695930052,230.879491175603
119.744213043648,1.0061417165112,240.514923480173
119.732559095974,1.02028289973572,250.221496159884
119.720735129279,1.03463021798385,260
119.706977333588,1.05132384453196,271.290854387338
119.695224105791,1.06558495120736,280.863666446062
119.683303033064,1.08004953651601,290.505624974055
119.671210863985,1.09472153533017,300.217481876511
119.658944266997,1.10960497922087,310
119.644706600719,1.12687973109053,321.268118876023
119.632509826875,1.14167802262749,330.84840112145
119.620140741603,1.15668517044127,340.49665633665
119.61169038188,1.16693768989745,347.049681671167
119.607596027453,1.17190518785082,350.213610508655
119.598334375333,1.18314185081841,357.344016141245
119.594872313787,1.18734215211127,360
119.584776661287,1.19959047379605,367.716111905669
119.571013114635,1.21628854804216,378.166853394176
119.557039475388,1.23324122555937,388.697138499809
119.542851385943,1.25045377587937,399.307878836069
119.528444373498,1.26793160734888,410
119.526436947399,1.27036688635446,411.421817664446
119.524424884089,1.27280778475327,412.845326953464
119.520386788396,1.27770650918859,415.697432495386
119.516329969394,1.28262792218144,418.556340878194
119.512254309654,1.28757216573783,421.42207647015
119.505470842814,1.29580123341741,426.177513909115
119.498634957469,1.30409381786756,430.951810835079
119.491746105023,1.31245058243379,435.745079662605
119.48480372959,1.32087219925155,440.55743370145
119.477807267866,1.32935934938809,445.388987165494
119.470756149019,1.33791272298716,450.239855181777
119.463649794556,1.34653301941632,455.110153799645
119.456487618206,1.3552209474172,460
119.441490234775,1.37341293813576,470.179032946135
119.426245996787,1.39190398587763,480.443297181012
119.410749380019,1.41070076733345,490.793867695779
119.394994702551,1.42981014906389,501.231837635871
119.381660960826,1.44598276308378,510
119.372911650857,1.45659471147669,515.721110339925
119.360570114296,1.47156340680335,523.748093657487
119.359482588764,1.47288242243037,524.453026404614
119.354429392703,1.47901121159093,527.723442650462
119.354162935758,1.47933438371002,527.895662281578
119.353896406546,1.47965764335304,528.067905554689
119.353363131213,1.4803044253379,528.412463046378
119.352295712171,1.48159904099612,529.101861948018
119.351227133867,1.48289506063051,529.791639667362
119.350157394597,1.48419248629942,530.481796516729
119.348014426391,1.48679156391869,531.863248856533
119.345866793794,1.48939629047162,533.246221472873
119.345387355326,1.48997776967386,533.554754032585
119.344907684184,1.49055953065968,533.863362308618
119.343947643272,1.4917238987138,534.480806121155
119.342024762669,1.49405602430297,535.716603569497
119.337333493588,1.49974570419855,538.726620490491
119.332619969662,1.50546233536863,541.743844590016
119.327884047785,1.51120609065106,544.768301784382
119.323125583684,1.51697714429084,547.800018114301
119.314633652179,1.52727603549451,553.192741540924
119.303863389133,1.54033786375994,560
119.281974794219,1.56688298394866,573.724799718285
119.262680260048,1.59028144239994,585.703166460287
119.243021656976,1.61412067565269,597.794365946859
119.242053381941,1.61529484635313,598.386997236882
119.226608868899,1.63402326049084,607.803266391352
119.222989586776,1.63841202769391,610
119.22220027297,1.63936915180033,610.478581138349
119.205342110746,1.65981111207005,620.658098913648
119.201971118614,1.66389865997311,622.6840416075
119.183647707022,1.68611659361506,633.641205778202
119.18135620209,1.68889509540375,635.004994961893
119.161513919208,1.71295386712611,646.754516626808
119.160345485456,1.71437056814165,647.44308825296
119.13892859627,1.74033758966112,660
119.135780012107,1.74415502687951,661.719773662561
119.132622148761,1.74798369361039,663.442128107172
119.126278437228,1.75567489326651,666.894602614602
119.119897161127,1.76341155114448,670.357470241551
119.113478018197,1.77119403180428,673.830777988988
119.102626985017,1.784349475903,679.679239165515
119.091667131798,1.79763659395742,685.557420936635
119.091283775982,1.79810134860277,685.762506287605
119.06882829307,1.82532430017377,697.714649662011
119.068632637342,1.82556149026022,697.818265601651
119.05713168192,1.83950375375584,703.893262828064
119.045511630353,1.85359009739355,710
119.0277121141,1.87516687996908,719.29425629553
119.009630365916,1.89708505743873,728.662576868828
118.991260275091,1.91935199343547,738.10585056905
118.972595561302,1.94197525475892,747.624980525305
118.948108642529,1.97165430399234,760
118.941834958807,1.97925801280537,763.151704332378
118.93554627111,1.98687981265451,766.3058592348
118.922923683593,2.00217792395241,772.621532191134
118.897496242532,2.03299388138998,785.282411049003
118.885305717917,2.04776723221064,791.323321138095
118.873059139325,2.06260814571386,797.373209296456
118.848396378401,2.09249437687527,809.5
118.822649152146,2.12369312965802,822.080138932514
118.809684280136,2.13940244983643,828.384305116467
118.796658032794,2.15518570317695,834.697897215213
118.771505270548,2.18566080529376,846.831503704974
118.758842772724,2.20100206939368,852.91138122816
118.746122374827,2.21641305634849,859
118.71966467295,2.24846564926126,871.60348931928
118.706342685665,2.26460406460919,877.918955197763
118.692958062849,2.28081787216814,884.243595131338
118.667205674863,2.31201230976535,896.354941210249
118.654242222422,2.32771453275146,902.423247724747
118.641220106238,2.34348734123459,908.5
118.6141155346,2.37631574431386,921.087941193903
118.600469008759,2.39284329702667,927.395103104456
118.586759110495,2.40944706347162,933.711083816563
118.560307929032,2.44147999038486,945.839249902263
118.546993564011,2.45760318857081,951.91554374812
118.533619519584,2.47379813076766,958
118.505851828187,2.50742097872157,970.572443581608
118.477828889329,2.5413505479366,983.178802118096
118.450659671035,2.57424416859842,995.323620858176
118.423248720681,2.60742814636933,1007.5
118.394770866792,2.64190124303527,1020.07004160769
118.36603333001,2.67668609079635,1032.67290433428
118.338155233595,2.71042811507226,1044.82116506304
118.310030919877,2.7444655908115,1057
118.280853237386,2.77977516009163,1069.5546440837
118.251411811536,2.8154010288595,1082.1409665081
118.222774188958,2.85005144616337,1094.30565081738
118.193885152185,2.88500323075772,1106.5
118.163925768346,2.92124694538358,1119.06540313811
118.133696919201,2.95781346923515,1131.66158906888
118.074726043413,3.02913863022343,1156
118.044560564464,3.06561886705116,1168.33192261882
118.014130674623,3.10241548590563,1180.69249676883
117.983433048822,3.13953237767547,1193.08182241803
117.952464306122,3.17697349635846,1205.5
117.925310409148,3.20979948250987,1216.32268603573
117.897948600833,3.24287394866586,1227.16682464455
117.895920761601,3.2453250494619,1227.96806731163
117.893891776348,3.2477775195205,1228.76942721957
117.889830364087,3.25268657173589,1230.37249886094
117.885764356592,3.25760111401383,1231.97603977464
117.881693746407,3.26252115505107,1233.58005016674
117.873538688222,3.27237776809452,1236.78948021112
117.865365129415,3.28225648098974,1240.00079064521
117.857173009761,3.29215736396669,1243.21398312205
117.848962268774,3.30208048754929,1246.42905929664
117.8324846808,3.32199373858813,1252.86486936871
117.827005801894,3.32861475393787,1255
117.811693438285,3.34711852526303,1260.95463912357
117.79631705859,3.36569871155919,1266.91556486065
117.780876277703,3.38435576112173,1272.88278717215
117.773131615127,3.39371325126217,1275.86876266185
117.76537070643,3.40309012690655,1278.85631604003
117.763796410392,3.40499219110318,1279.46176837359
117.762221445123,3.40689505377863,1280.0672855322
117.74633165365,3.42609242979579,1286.16558487831
117.730373602302,3.44537123483474,1292.27046329956
117.698251035805,3.48417508938691,1304.5
117.677460942618,3.50928710375759,1312.37329995064
117.656556005864,3.53453601002332,1320.25731532995
117.635535309759,3.55992287087992,1328.15206802809
117.614397928725,3.58544875993298,1336.05757999491
117.566094769591,3.64377334332402,1354
117.554280373127,3.65803732701505,1358.36264868231
117.523681708643,3.69497745577613,1369.61505306817
117.492841536347,3.73220496825606,1380.88870621486
117.461757093216,3.76972305863047,1392.1836683677
117.430425573666,3.80753496815571,1403.5
117.395593845685,3.84956581174851,1416.00091043435
117.360457416651,3.89195869209271,1428.52728207025
117.335155334889,3.92248267147793,1437.49595584382
117.291127912172,3.97558942056302,1453
117.248898510329,4.02651873676994,1467.75058586692
117.206232350474,4.07796610404638,1482.53582354711
117.17725673787,4.11290021187365,1492.51001140198
117.148078109377,4.14807492890117,1502.5
117.074229186601,4.23708063890922,1527.54507831142
117.028659780635,4.29198904974732,1542.83118695309
117.001143861923,4.32513896241645,1552
116.960162556331,4.37450412499971,1565.57126913744
116.918791163765,4.42433031676568,1579.170417641
116.88462324685,4.4654741232649,1590.32581136295
116.850187132609,4.50693461469036,1601.5
116.772414322108,4.60054829148188,1626.48639000535
116.709106753385,4.67672605867206,1646.57372505332
116.695061677021,4.69362344462932,1651
116.654058354253,4.74294752402514,1663.8601754062
116.612682904076,4.79270965403984,1676.74440637374
116.57430797946,4.83885436270036,1688.61198033775
116.535610324727,4.88537858617824,1700.5
116.453532827096,4.98402737978396,1725.4548124004
116.37685430205,5.07615122461896,1748.45502649824
116.371667748184,5.08238123424333,1750
116.329082471585,5.13352788060937,1762.63439076853
116.286113963413,5.18512363162793,1775.29117016255
116.244764629271,5.23476441261731,1787.3853461322
116.203057421376,5.28482410035908,1799.5
116.116419300251,5.3887779050209,1824.39975341869
116.074319948165,5.43927411807965,1836.37139519048
116.031858249201,5.49019340925478,1848.36269448377
116.030725880222,5.491551165761,1848.68134029567
116.029593252456,5.49290922424052,1849
116.007389662048,5.51953038634359,1855.23500903794
115.985086524737,5.5462676652996,1861.47531612652
115.940178961309,5.60009351211476,1873.9718514899
115.89582410081,5.65324380706279,1886.22570701501
115.851074816795,5.70685343772723,1898.5
115.805743296103,5.76114684183046,1910.84442848281
115.760005632248,5.81591253285812,1923.2092043829
115.71385638856,5.87115650793001,1935.59437804998
115.667290028154,5.92688486687465,1948
115.622765083477,5.98015600312007,1959.77676083581
115.577855492115,6.03387320253238,1971.5719790383
115.575235525201,6.03700655279522,1972.25753325194
115.57261424333,6.04014142687302,1972.94314986794
115.549123204345,6.06823292178009,1979.07486614926
115.525526299156,6.09644704850321,1985.21157586195
115.501822814319,6.12478458859283,1991.35328510815
115.478012029767,6.15324633031484,1997.5
115.429923034536,6.21071601345924,2009.84502897631
115.381395103216,6.26869314000145,2022.2100063482
115.282998334284,6.38619599233465,2047
115.229313367463,6.45027465354472,2060.36870830591
115.182682795537,6.50591545629096,2071.89234040359
115.081990634398,6.62600716680538,2096.5
114.971146099056,6.7581161456258,2123.16098513565
114.874710355558,6.87297314170638,2146
114.869608742152,6.87904719891094,2147.19913328747
114.766197563309,7.00212471583719,2171.31202186828
114.660859956544,7.12740507107905,2195.5
114.606168616463,7.19241439161544,2207.91232549126
114.550950523074,7.25802438333423,2220.34447117778
114.498597304662,7.32020651596942,2232.04013039989
114.440119461757,7.38963547604123,2245
114.327240303467,7.52357001172468,2269.71064065429
114.212144855995,7.66001942702507,2294.5
114.16440117594,7.71658664183229,2304.66492071891
114.116270224993,7.77359202685363,2314.84316635167
114.094875684121,7.79892461433431,2319.34536379588
113.976564344492,7.93893814611741,2344
113.8394868293,8.10099903397693,2372.0612614952
113.732979108971,8.226797153016,2393.5
113.722219416345,8.239499640967,2395.64836841572
113.708043949978,8.25623298007538,2398.47391666304
113.693835668228,8.27300313273832,2401.3004964165
113.665320195101,8.30665435774985,2406.95675270202
113.636672059745,8.34045428472282,2412.61714179685
113.607890317125,8.37440388928504,2418.28166823218
113.544748793498,8.44885460943757,2430.63099049315
113.480959167647,8.52403007392564,2443
113.351123347345,8.676916561093,2467.84827539613
113.285919519598,8.75363318479132,2480.16420665138
113.220034663863,8.83110763214698,2492.5
113.086294568347,8.98823775454288,2517.20988262419
112.949697246031,9.14853450533485,2542
112.871626328627,9.24006305834275,2555.96968856544
112.792601091249,9.33264484694845,2569.96536136428
112.790693802147,9.33487850555724,2570.30136722411
112.788785953405,9.33711278076346,2570.63738807489
112.784968575991,9.3415831819807,2571.3094747533
112.777327094351,9.35053139474108,2572.65382804564
112.762017167002,9.36845751853986,2575.34325459725
112.731288999207,9.40442901698587,2580.72498936814
112.669395721553,9.47685271051088,2591.5
112.597574362196,9.56084171513163,2603.89554466347
112.524959116504,9.64570197329591,2616.31173760945
112.424467755084,9.76304346432014,2633.30425228385
112.378527182582,9.81664997440026,2641
112.304271374132,9.90324676375242,2653.34395023328
112.229181011199,9.99075378400174,2665.70856565713
112.153241462009,10.0791854522725,2678.09389820886
112.076437730136,10.1685565035389,2690.5
112.045689004201,10.204317620361,2695.43330787115
111.975965058528,10.2853668883847,2706.54938086619
111.905518104412,10.3671992330242,2717.68249439006
111.762408126974,10.5332589302171,2740
111.730132221389,10.5706772777531,2744.97932763395
111.657350826689,10.6550092035984,2756.13924688407
111.583893762673,10.7400596709774,2767.30765889383
111.509750919741,10.8258381356423,2778.48457336147
111.434911970575,10.9123542287648,2789.67
111.376823382338,10.9794592003394,2798.28585062775
111.236985318045,11.1408320528544,2818.79348811137
111.094681144648,11.3048008498364,2839.33
111.017100114922,11.3940856305636,2850.3872878975
110.880083236972,11.5515857875921,2869.68099414036
110.810707406606,11.6312411970582,2879.33733150893
110.740742759467,11.7115097331519,2889
110.739906115644,11.7124692079612,2889.1000846569
110.739069338588,11.7134288264707,2889.20017366278
110.737395384651,11.7153484947184,2889.40036472264
110.734045876564,11.7191895570294,2889.80079904268
110.727340452281,11.7268785921257,2890.60187654757
110.713903913029,11.7422843620518,2892.20486752515
110.686927603358,11.7732071657164,2895.41419742546
110.632558272837,11.835501582808,2901.84628168333
110.57762594681,11.8984017302517,2908.29632769777
110.522121632119,11.9619165029639,2914.76441081194
110.415832587671,12.0834315317326,2927.01472392131
110.307411558419,12.2072288180761,2939.33
110.192653357269,12.3380898757742,2952.17095087527
110.134371832482,12.4044811879326,2958.61750086836
110.075475653548,12.4715256921221,2965.08152815299
109.962515214921,12.5999813439439,2977.33921702579
109.847254925222,12.7308709218901,2989.66
109.72530504586,12.8691560112335,3002.49571543133
109.600744473503,13.0101861056638,3015.39890143113
109.480467342118,13.1461580519534,3027.66381416945
109.357697403024,13.2847351953954,3039.99
109.227857503682,13.4310566057042,3052.81908434385
109.095186639364,13.5803156140673,3065.71352997519
108.966829378335,13.7244764864819,3077.98700900047
108.835755008805,13.8714380668334,3090.32
108.697119882894,14.0265985962987,3103.14955388861
108.555394154358,14.1849199656778,3116.04247592231
108.418100041605,14.3380009113051,3128.32235675033
108.277827567963,14.4941056206356,3140.66
108.129522512796,14.6588203034933,3153.48051912725
107.977825979879,14.8269487146671,3166.3623986169
107.830568084816,14.9898133737637,3178.6481624524
107.680022645478,15.1559604882381,3190.99
107.357776133792,15.5103882839227,3216.69183982688
107.199379165749,15.6839901511579,3228.97873402073
107.037327683979,15.8611744014709,3241.32
106.698861671359,16.2298528126092,3266.37483646147
106.343824872192,16.614527577687,3291.65
106.214229855158,16.7544107191513,3300.62894076405
106.120076576779,16.8558591629407,3307.07193322699
105.968029607818,17.0193666217517,3317.33618064189
105.643645178932,17.3668683791649,3338.6688674973
105.592245081931,17.4217637371541,3341.98
105.368302947157,17.6603944032041,3356.19208780315
105.137706357154,17.9051926190146,3370.47067351015
104.957724312915,18.0956030620097,3381.37088028597
104.773526754395,18.2898735269864,3392.31
104.772602597993,18.2908466851713,3392.36434000005
104.600997127422,18.4712843418916,3402.36247766525
104.028227590302,19.0696584048726,3434.44472730291
103.876170439288,19.2275018568319,3442.64
103.415019764609,19.7035759818313,3466.70910756626
102.997197333797,20.1314778856616,3487.5369695979
102.885143954885,20.2456730960934,3492.97
102.757046998532,20.3759261090124,3499.1039710572
102.045669216415,21.0935575641914,3531.7293278752
101.780266893444,21.3587894754329,3543.3
101.272855828476,21.8620488465058,3564.56143118921
100.728898391279,22.3959298322019,3586.15679406558
100.533077856351,22.5866876697257,3593.64
100.429561612099,22.6872192494608,3597.53542656682
99.4983165822937,23.5819669221542,3630.78033222899
99.1025882659705,23.9568960463224,3643.97
98.4613260976658,24.5577053678715,3664.23116754033
97.6412317445308,25.3138341317459,3688.25154454241
97.4231183891401,25.512614139959,3694.3
97.2914746398555,25.6321160359039,3697.88393367011
95.9442552595884,26.8345533607356,3731.82301655774
95.3802784519615,27.3267933699217,3744.63
94.3544838481241,28.2052514664339,3765.97595971175
92.7898540173965,29.5033081412456,3794.08314579437
92.7360666574439,29.5470350888031,3794.96
92.3979943990701,29.820513808325,3800.34253176438
89.7816831491277,31.8580730691035,3835.00544199814
88.7792048833796,32.6021651781065,3845.29
85.3201890925507,35.0176503592292,3869.90796215946
84.6038391402011,35.4890851732121,3873.11357344114
83.6994540250838,36.0704961616529,3876.32157748084
80.6901688465904,37.8971936701036,3880.78670817227
77.5312013664393,39.6434458063351,3876.32157748084
76.5196761440154,40.1671494349337,3873.11357344114
75.696606452244,40.5809983708035,3869.90796215946
71.4294295938598,42.5569539550557,3845.29
70.0953017037391,43.1188817578352,3835.00544199814
66.3877512631182,44.5494710739354,3800.34253176438
65.8837603382372,44.7296206202917,3794.96
65.8030326305236,44.75816722394,3794.08314579437
63.3883091637438,45.5733680149284,3765.97595971175
61.7338673264657,46.0898560057529,3744.63
60.799617262922,46.366896190835,3731.82301655774
58.4958561778839,47.0063452845607,3697.88393367011
58.2652435712803,47.0670048958014,3694.3
57.8809849820688,47.1667483970893,3688.25154454241
56.4119109491722,47.5329362777016,3664.23116754033
55.2363873875114,47.8089619483813,3643.97
54.4992150289631,47.9744991301549,3630.78033222899
52.7291768353617,48.3486583239031,3597.53542656682
52.5293729752538,48.3888557052558,3593.64
52.149745560655,48.4641055152313,3586.15679406558
51.0838491624304,48.6675710094389,3564.56143118921
50.0746262866734,48.8497212033539,3543.3
49.541060622923,48.941947262915,3531.7293278752
48.09188369555,49.1784055598676,3499.1039710572
47.8280223980444,49.2192738833335,3492.97
47.5964884775142,49.2545852567154,3487.5369695979
46.7272757402365,49.3825882137182,3466.70910756626
45.7573230311688,49.5169927069456,3442.64
45.4350964796101,49.5596910419661,3434.44472730291
44.2108664620637,49.7131210458497,3402.36247766525
43.8409143183499,49.7567656766846,3392.36434000005
43.8389181043962,49.7569977711049,3392.31
43.4402186546424,49.8026224286525,3381.37088028597
43.0490699779717,49.8459729082578,3370.47067351015
42.5456807863814,49.8997160104447,3356.19208780315
42.0544457194295,49.949950055081,3341.98
41.9413699199474,49.9612050038704,3338.6688674973
41.2249935097973,50.0298388452583,3317.33618064189
40.8875955416468,50.0605712772155,3307.07193322699
40.6781578809941,50.0791369626448,3300.62894076405
40.3892544006307,50.1041056016053,3291.65
39.5941209182111,50.1689982925018,3266.37483646147
38.8312490251073,50.2260038960767,3241.32
38.4643754657534,50.2515942033893,3228.97873402073
38.1047849377375,50.2755302882035,3216.69183982688
37.3702822723133,50.3209063724484,3190.99
37.0258252954908,50.3405644876025,3178.6481624524
36.6881023980216,50.3588354539463,3166.3623986169
36.3394023820194,50.3766601620719,3153.48051912725
35.9977331283887,50.3931020828344,3140.66
35.6738891532662,50.4077525107483,3128.32235675033
35.3562952368481,50.4212388239506,3116.04247592231
35.0278153874412,50.434270374827,3103.14955388861
34.7058899171979,50.4461381994239,3090.32
34.400981195588,50.4565546700948,3077.98700900047
34.101896819543,50.465994078633,3065.71352997519
33.7922582145574,50.4749554466111,3052.81908434385
33.4887444314774,50.4829393124112,3039.99
33.2013301903485,50.4897698836481,3027.66381416945
32.9193598785303,50.4957816389088,3015.39890143113
32.6269500117887,50.5012951380712,3002.49571543133
32.3402878649531,50.505988177563,2989.66
32.0690141830894,50.5097803011065,2977.33921702579
31.8028453539434,50.5128878956034,2965.08152815299
31.663950267972,50.5142684358533,2958.61750086836
31.5264267723156,50.5154724683315,2952.17095087527
31.2554167106505,50.5173708800879,2939.33
30.9991091312342,50.5185873758856,2927.01472392131
30.7476012311076,50.5192340787035,2914.76441081194
30.6161713859519,50.5193564795966,2908.29632769777
30.486035210813,50.5193318993806,2901.84628168333
30.3571743197678,50.5191646296711,2895.41419742546
30.2932164286243,50.5190287932611,2892.20486752515
30.2613546499658,50.5189480488342,2890.60187654757
30.2454529319939,50.5189044977051,2889.80079904268
30.2375093508682,50.5188819308432,2889.40036472264
30.2335393779023,50.5188704500153,2889.20017366278
30.2315548455853,50.5188646603055,2889.1000846569
30.229570615957,50.5188588377521,2889
30.0635920436934,50.5182523891315,2879.33733150893
29.8989207769096,50.5174175121199,2869.68099414036
29.5734424158144,50.5150839893,2850.3872878975
29.3890075244299,50.5133587751567,2839.33
29.0504463843092,50.5094330960006,2818.79348811137
28.717441908918,50.5046132366781,2798.28585062775
28.5790260143318,50.502330024108,2789.67
28.4006251079698,50.4991448096448,2778.48457336147
28.2238066683461,50.4957183638408,2767.30765889383
28.04855089692,50.4920573785312,2756.13924688407
27.8748383120705,50.4881683684474,2744.97932763395
27.7977818352168,50.4863602728488,2740
27.4559664085921,50.4777245843698,2717.68249439006
27.2876192806769,50.4731022708507,2706.54938086619
27.120947229107,50.4682858040023,2695.43330787115
27.0474276805291,50.4660852730193,2690.5
26.8637503135601,50.4603842593057,2678.09389820886
26.6820841059724,50.4544598949323,2665.70856565713
26.5023979927145,50.448320382442,2653.34395023328
26.3246615278229,50.4419736551118,2641
26.2146771962931,50.4379097921059,2633.30425228385
25.9740393105392,50.4286542637037,2616.31173760945
25.8001093463858,50.4216531459431,2603.89554466347
25.628047046291,50.4144699726847,2591.5
25.4797443708386,50.4080732857382,2580.72498936814
25.4061084314521,50.4048264773414,2575.34325459725
25.3694183269852,50.4031911946844,2572.65382804564
25.3511051189894,50.4023706130665,2571.3094747533
25.3419564608528,50.4019595908264,2570.63738807489
25.3373841163538,50.4017538973022,2570.30136722411
25.3328130941806,50.4015480823477,2569.96536136428
25.1434046594466,50.3928606871424,2555.96968856544
24.9562550986719,50.3839715950002,2542
24.6287494869828,50.3676850280701,2517.20988262419
24.3080372889874,50.3508336115788,2492.5
24.1500280560305,50.3422023551361,2480.16420665138
23.9936445549319,50.3334459303047,2467.84827539613
23.6822343002779,50.3153743839002,2443
23.5292318700157,50.3061855461156,2430.63099049315
23.3777840646105,50.2968887549342,2418.28166823218
23.3087502676681,50.2925845364755,2412.61714179685
23.2400374824304,50.2882589562527,2406.95675270202
23.1716435967146,50.2839124420379,2401.3004964165
23.1375655842373,50.2817314665264,2398.47391666304
23.1035665126936,50.2795454150885,2395.64836841572
23.0777601539553,50.2778793789726,2393.5
22.8223186948141,50.2610736808481,2372.0612614952
22.4935964265973,50.2386048141705,2344
22.2099219759229,50.2184520123419,2319.34536379588
22.1586298202173,50.2147325435042,2314.84316635167
22.043245482074,50.2062807343432,2304.66492071891
21.9287994572103,50.1977817786065,2294.5
21.6529501343619,50.1768219061896,2269.71064065429
21.3824827279133,50.1556183098747,2245
21.2423957950751,50.1443815980129,2232.04013039989
21.116999958223,50.1341758307169,2220.34447117778
20.9847630087286,50.123262221149,2207.91232549126
20.8538097050597,50.1123015915079,2195.5
20.601654974579,50.0907672779351,2171.31202186828
20.3542031171707,50.0690843502166,2147.19913328747
20.3419979834298,50.0680007536887,2146
20.1113306197022,50.0472716453285,2123.16098513565
19.846312291486,50.0228685722633,2096.5
19.6056802521479,50.0001662360078,2071.89234040359
19.494281917928,49.98948052832,2060.36870830591
19.3660623082939,49.9770432911298,2047
19.1311448095519,49.953872795131,2022.2100063482
19.015331449616,49.9422669239188,2009.84502897631
18.9005957781058,49.9306497722576,1997.5
18.8437969006862,49.9248548344228,1991.35328510815
18.7872615604333,49.9190578481736,1985.21157586195
18.7309880261338,49.9132590239179,1979.07486614926
18.674974581275,49.9074585685335,1972.94314986794
18.6687247146735,49.9068096057287,1972.25753325194
18.6624780791128,49.9061606253431,1971.5719790383
18.5554177509314,49.894982940976,1959.77676083581
18.4493027996158,49.883801536202,1948
18.3383535127029,49.8720015837025,1935.59437804998
18.2284298795934,49.8602005644587,1923.2092043829
18.119518502298,49.8483999785755,1910.84442848281
18.011606208718,49.8366012749232,1898.5
17.9051117558631,49.8248536854209,1886.22570701501
17.7995877337044,49.813111229114,1873.9718514899
17.6927816075278,49.8011226913063,1861.47531612652
17.6397492881192,49.79513135057,1855.23500903794
17.5869619803872,49.7891421789653,1849
17.5842694696136,49.7888360081224,1848.68134029567
17.5815775957948,49.788529843478,1848.36269448377
17.4806532066536,49.7770032421996,1836.37139519048
17.3806207692993,49.7654865604475,1824.39975341869
17.1748578921308,49.7415089901985,1799.5
17.075852724508,49.7298335164831,1787.3853461322
16.977728618945,49.7181731073348,1775.29117016255
16.8757958916369,49.7059663562273,1762.63439076853
16.7748067409354,49.6937782910924,1750
16.762509418635,49.6922877496795,1748.45502649824
16.5807653960653,49.6700962262414,1725.4548124004
16.3863531939096,49.6460202816845,1700.5
16.294739384084,49.634553689819,1688.61198033775
16.2039199064854,49.6231098032825,1676.74440637374
16.1060334878146,49.6106898199326,1663.8601754062
16.0090629036133,49.5982983727055,1651
15.9758552704843,49.5940348414548,1646.57372505332
15.8262258199035,49.5746967399912,1626.48639000535
15.6425267444867,49.5506704879434,1601.5
15.5612315477339,49.5399373585239,1590.32581136295
15.4805958034465,49.5292303501656,1579.170417641
15.3829953981735,49.5161894608981,1565.57126913744
15.2863539254085,49.5031889086088,1552
15.2214881258537,49.494413889355,1542.83118695309
15.1141021142215,49.4798000724993,1527.54507831142
14.9401787815086,49.4559018305525,1502.5
14.8714955615694,49.4463859994291,1492.51001140198
14.8033106549354,49.4368953066836,1482.53582354711
14.7029467777137,49.4228459555635,1467.75058586692
14.6036545545462,49.4088531779671,1453
14.5001821076062,49.3941722928709,1437.49595584382
14.4407397028219,49.3856927344875,1428.52728207025
14.3582203411661,49.3738658168321,1416.00091043435
14.2764477593926,49.3620823475509,1403.5
14.2029191593696,49.3514327452861,1392.1836683677
14.1299956030036,49.3408201362092,1380.88870621486
14.0576700912979,49.3302447059071,1369.61505306817
13.9859357299627,49.3197066278661,1358.36264868231
13.9582451416234,49.3156256782664,1354
13.8450709124414,49.298870582898,1336.05757999491
13.7955657599571,49.2915031551342,1328.15206802809
13.7463458644107,49.2841550247206,1320.25731532995
13.6974089150887,49.2768262326042,1312.37329995064
13.6487526255069,49.2695168171984,1304.5
13.5735975741009,49.2581821866832,1292.27046329956
13.5362721425099,49.2525328335585,1286.16558487831
13.4991133715283,49.2468954740317,1280.0672855322
13.4954306478496,49.2463360485295,1279.46176837359
13.4917495578846,49.245776741547,1278.85631604003
13.4736036583485,49.2430177482813,1275.86876266185
13.4554974152902,49.2402616442617,1272.88278717215
13.4194034137429,49.2347581095199,1266.91556486065
13.3834665814842,49.2292661469283,1260.95463912357
13.3476859567546,49.2237857657111,1255
13.3348849821571,49.2218221097771,1252.86486936871
13.2963914804837,49.2159077834476,1246.42905929664
13.2772131289376,49.2129558265042,1243.21398312205
13.2580801754481,49.2100073417359,1240.00079064521
13.2389924689972,49.2070623299774,1236.78948021112
13.2199498592182,49.2041207920053,1233.58005016674
13.2104454185884,49.2026513258883,1231.97603977464
13.2009521960327,49.2011827284832,1230.37249886094
13.1914701729366,49.1997149998709,1228.76942721957
13.1867333553575,49.198981461383,1227.96806731163
13.1819993306812,49.1982481401221,1227.16682464455
13.1181342341146,49.1883341129401,1216.32268603573
13.0547756796355,49.1784599805915,1205.5
12.9825418898424,49.1671555755805,1193.08182241803
12.9109679741098,49.1559048885349,1180.69249676883
12.840045492887,49.1447079036403,1168.33192261882
12.7697661460676,49.1335645940556,1156
12.632454049716,49.1116551056539,1131.66158906888
12.5621072477985,49.1003599618614,1119.06540313811
12.4924146564138,49.0891226201298,1106.5
12.4252376629604,49.0782463524869,1094.30565081738
12.3586703519353,49.0674256241622,1082.1409665081
12.2902607717523,49.0562606145774,1069.5546440837
12.2224903154203,49.0451550836532,1057
12.1571914052513,49.0344123169299,1044.82116506304
12.0924884135521,49.0237266558799,1032.67290433428
12.0258161263086,49.012673105182,1020.07004160769
11.9597718815944,49.0016809483593,1007.5
11.896226098575,48.9910644469823,995.323620858176
11.8332642125168,48.9805065997453,983.178802118096
11.7683485424794,48.9695805567645,970.572443581608
11.7040489423458,48.9587175618486,958
11.6730884892031,48.9534725589161,951.91554374812
11.642271916837,48.9482426059137,945.839249902263
11.5810667122335,48.937827723813,933.711083816563
11.5493523985498,48.9324166597898,927.395103104456
11.5177907498078,48.9270218447045,921.087941193903
11.4551213798807,48.9162808130205,908.5
11.4250210637721,48.911108141799,902.423247724747
11.3950618731985,48.905950879293,896.354941210249
11.3355632104097,48.8956824317679,884.243595131338
11.3046478398689,48.8903332167124,877.918955197763
11.273883028973,48.8850007108945,871.60348931928
11.2128010339743,48.8743856525011,859
11.1834421767807,48.8692704736398,852.91138122816
11.1542223165303,48.8641710714827,846.831503704974
11.0961959532216,48.8540194271347,834.697897215213
11.0661532920585,48.8487504372609,828.384305116467
11.0362578500671,48.8434984165327,822.080138932514
10.9769046418619,48.8330450866125,809.5
10.9200724122012,48.8230030979947,797.373209296456
10.8918593870574,48.8180061146005,791.323321138095
10.8637805669039,48.81302507481,785.282411049003
10.8052290629985,48.8026132071438,772.621532191134
10.7761713797357,48.7974334325556,766.3058592348
10.7616966175743,48.7948500604897,763.151704332378
10.7472577435437,48.7922710226031,760
10.6909140933506,48.7821872603567,747.624980525305
10.6479810490038,48.7744824168144,738.10585056905
10.6057374736378,48.7668834290497,728.662576868828
10.5641684008821,48.7593884533721,719.29425629553
10.5232592756142,48.7519956829576,710
10.4965585473711,48.7471615558444,703.893262828064
10.4701361260429,48.7423708266487,697.818265601651
10.4696866644558,48.7422892732531,697.714649662011
10.4181106978913,48.7329176067071,685.762506287605
10.4172303561922,48.7327574131268,685.557420936635
10.39206423634,48.7281747291877,679.679239165515
10.3671521530756,48.7236320834065,673.830777988988
10.3524168710208,48.7209422334269,670.357470241551
10.337769953522,48.7182663666255,666.894602614602
10.3232106826624,48.7156043899882,663.442128107172
10.3159636908531,48.7142785813287,661.719773662561
10.3087383448415,48.7129562106581,660
10.2596003488454,48.7039492267128,647.44308825296
10.2569200119913,48.7034572277707,646.754516626808
10.2114100701605,48.6950925253003,635.004994961893
10.2061552128563,48.6941253519085,633.641205778202
10.1641428679272,48.6863829135903,622.6840416075
10.1564150827512,48.6849568403249,620.658098913648
10.1177749099666,48.6778172775083,610.478581138349
10.1159659925959,48.6774826767391,610
10.1076717542339,48.6759480474979,607.803266391352
10.0722831400529,48.6693925795965,598.386997236882
10.0700647787837,48.6689812273914,597.794365946859
10.0250333277187,48.660620353286,585.703166460287
9.98084936780582,48.652397068825,573.724799718285
9.93074135082225,48.6430475274567,560
9.90609211169064,48.6384390321017,553.192741540924
9.88666011538766,48.6348016663466,547.800018114301
9.87577251707549,48.6327620200298,544.768301784382
9.8649373132349,48.6307310065518,541.743844590016
9.85415416271562,48.6287085788374,538.726620490491
9.84342272718258,48.6266946901155,535.716603569497
9.83902430468601,48.6258689363654,534.480806121155
9.8368283448031,48.6254565971024,533.863362308618
9.83573117644283,48.6252505616993,533.554754032585
9.8346345486592,48.6250446157159,533.246221472873
9.82972233473991,48.6241219567494,531.863248856533
9.824820957019,48.6232010913099,530.481796516729
9.82237432154335,48.6227413297434,529.791639667362
9.81993038298936,48.6222820148726,529.101861948018
9.81748913733041,48.6218231461376,528.412463046378
9.81626952307154,48.6215938788944,528.067905554689
9.8156599678663,48.6214792870236,527.895662281578
9.81505058052765,48.621364722975,527.723442650462
9.80349440549902,48.6191914696766,524.453026404614
9.80100746066341,48.6187235993928,523.748093657487
9.7727879575796,48.613410289974,515.721110339925
9.75278562156356,48.6096392966416,510
9.72230792336707,48.6038856636363,501.231837635871
9.68630495598467,48.5970769075925,490.793867695779
9.65090061247805,48.5903686237926,480.443297181012
9.61608149372329,48.5837589005665,470.179032946135
9.58183457874883,48.5772458695268,460
9.56548249574791,48.5741318781823,455.110153799645
9.54925973684692,48.5710398472636,450.239855181777
9.5331649216193,48.5679695762296,445.388987165494
9.51719668826784,48.5649208667303,440.55743370145
9.5013536933198,48.5618935225799,435.745079662605
9.48563461132785,48.5588873497306,430.951810835079
9.47003813457694,48.5559021562465,426.177513909115
9.45456297279662,48.5529377522776,421.42207647015
9.44526597103419,48.5511556651336,418.556340878194
9.43601256171733,48.5493810660229,415.697432495386
9.42680246880558,48.5476139140877,412.845326953464
9.42221357974518,48.546733118001,411.421817664446
9.41763541727416,48.5458541685082,410
9.38478301051487,48.5395406993291,399.307878836069
9.35243740172147,48.5333139521757,388.697138499809
9.32058806266362,48.5271723879428,378.166853394176
9.28922474092569,48.5211145001278,367.716111905669
9.26622406517748,48.5166655369845,360
9.25833741928652,48.5151388078886,357.344016141245
9.23724140944898,48.511051855815,350.213610508655
9.22791640009456,48.5092438732391,347.049681671167
9.20867246452691,48.5055099672533,340.49665633665
9.18050931194082,48.5000386880529,330.84840112145
9.15274416332268,48.4946368464597,321.268118876023
9.1203401900403,48.488322597508,310
9.09242840919873,48.482875144833,300.217481876511
9.06491912678855,48.4774984967269,290.505624974055
9.03780453366629,48.4721914582291,280.863666446062
9.01107701161528,48.4669528586634,271.290854387338
8.97979768945788,48.4608128708369,260
8.95292085074438,48.4555291117234,250.221496159884
8.92643572139444,48.4503151601457,240.514923480173
8.90033462559101,48.4451698162083,230.879491175603
8.87461007694878,48.4400919049384,221.314420010072
8.85944933368771,48.4370960807159,215.644922069009
8.84441831806116,48.4341235762298,210
8.83004973313847,48.431279917383,204.581591531031
8.81571891585696,48.4284416340835,199.16578174378
8.78717002238471,48.4227811470793,188.341950740003
8.77181721505552,48.4197336515121,182.501932901358
8.75650778536226,48.4166923685085,176.664936727765
8.72601836547729,48.4106283813061,165
8.71939960847484,48.4093107330477,162.460614540196
8.69352644521375,48.4041556600045,152.509498489537
8.66777726674634,48.3990184923683,142.567164179106
8.65247098159705,48.3959615508819,136.638571687629
8.63104463523716,48.3916782949902,128.316210957766
8.60970396052868,48.3874074933887,120
8.58969772475467,48.3833995105482,112.178010498598
8.56065209997591,48.3775733083105,100.775120697231
8.545864502371,48.374603773048,94.9483509011809
8.53112705286929,48.3716420778388,89.126912393105
8.51643951410355,48.3686881971535,83.3107978594423
8.50180165015904,48.3657421055449,77.5
8.48850063260056,48.3630631684284,72.2074135776759
8.47524052546581,48.3603906641306,66.9192339716901
8.46202115313831,48.3577245735518,61.6354556803995
8.44884234097634,48.3550648776494,56.3560732113143
8.43552783451463,48.3523759856821,51.0103056534594
8.4222546262708,48.349693622012,45.6690413893526
8.40902253749806,48.3470177669976,40.3322747310044
8.40242185710142,48.3456822740686,37.6655762291114
8.39912534823934,48.3450151351854,36.332647874741
8.39747805043785,48.3446817175065,35.6662888829499
8.39583138993221,48.3443484009522,35
8.39196627527281,48.3435659160845,33.125
8.3917086875112,48.3435137624922,33
8.38810359409298,48.3427837705038,31.25
8.38038552302251,48.3412204964724,27.5
8.3726771584502,48.3396585773958,23.75
8.36882661040377,48.3388781255091,21.875
8.36690224394519,48.3384880263988,20.9375
8.36594028748279,48.3382930085419,20.46875
8.36497848215105,48.3380980118134,20
8.36008143380721,48.3371050351493,17.3283812080545
8.35518873355012,48.3361126939309,14.6567624161089
8.34848533607889,48.3347527060985,10.9925718120812
8.34179009199951,48.3333939112132,7.32838120805445
8.33510298649443,48.3320363079025,3.66419060402677
8.33176248108654,48.331357952659,1.83209530201384
8.33009298941148,48.3310188865654,0.916047651006011
8.32925843373036,48.3308493813912,0.458023825503005
8.32842400478184,48.3306798947952,0
