145.63,18.73,177
145.625072100298,18.7389463167957,182.501932901358
145.619829662401,18.7484624776136,188.341950740003
145.610081316938,18.7661545964888,199.16578174378
145.605187937241,18.7750339249193,204.581591531031
145.600281688508,18.7839355379838,210
145.595149269893,18.7932463568193,215.644922069009
145.589972576559,18.8026363102309,221.314420010072
145.581188879233,18.8185662489958,230.879491175603
145.572276667295,18.8347257544566,240.514923480173
145.563233383627,18.8511193070284,250.221496159884
145.55405640623,18.8677514981711,260
145.543376284624,18.8871032406606,271.290854387338
145.534250396208,18.9036347799744,280.863666446062
145.524992389313,18.9204018591806,290.505624974055
145.515599660808,18.9374090255513,300.217481876511
145.506069542111,18.9546609378989,310
145.495005664988,18.9746842532461,321.268118876023
145.485525680785,18.9918367025814,330.84840112145
145.475909830026,19.0092308766509,340.49665633665
145.469339313734,19.021113948041,347.049681671167
145.466155450269,19.0268714123765,350.213610508655
145.458952588721,19.0398948633202,357.344016141245
145.456259834334,19.0447630201791,360
145.448406669908,19.0589586870701,367.716111905669
145.437698241271,19.0783111828436,378.166853394176
145.426823877159,19.09795830211,388.697138499809
145.415780071084,19.1179061317144,399.307878836069
145.404563221805,19.1381609185279,410
145.403000031096,19.1409831963937,411.421817664446
145.401433177378,19.1438119775777,412.845326953464
145.398288434728,19.14948913015,415.697432495386
145.395128899771,19.1551925397691,418.556340878194
145.391954478072,19.1609223705078,421.42207647015
145.386670544398,19.1704588661143,426.177513909115
145.381345180598,19.180068865759,430.951810835079
145.375977945202,19.1897531358239,435.745079662605
145.370568390745,19.1995124528275,440.55743370145
145.365116063669,19.2093476035889,445.388987165494
145.359620504216,19.2192593853936,450.239855181777
145.354081246331,19.2292486061636,455.110153799645
145.348497817552,19.2393160846299,460
145.336804140795,19.2603963995853,470.179032946135
145.324915012677,19.2818227396997,480.443297181012
145.312825975296,19.303602816938,490.793867695779
145.300532440613,19.3257445621613,501.231837635871
145.290125478258,19.34448309052,510
145.283295406679,19.3567784955618,515.721110339925
145.273659409888,19.374121504908,523.748093657487
145.272810199593,19.3756497248721,524.453026404614
145.268864136158,19.3827505450587,527.723442650462
145.268656049553,19.3831249709794,527.895662281578
145.268447905591,19.3834994981484,528.067905554689
145.268031445509,19.3842488563776,528.412463046378
145.267197836119,19.3857487894326,529.101861948018
145.266363306603,19.3872503466082,529.791639667362
145.265527855582,19.3887535302812,530.481796516729
145.263854183541,19.3917647865622,531.863248856533
145.262176808857,19.3947825774652,533.246221472873
145.261802342813,19.3954562677723,533.554754032585
145.261427692057,19.3961302840413,533.863362308618
145.260677835916,19.3974792953101,534.480806121155
145.259175901663,19.4001812387183,535.716603569497
145.255511418002,19.406773127874,538.726620490491
145.251829262989,19.4133961931432,541.743844590016
145.248129320677,19.4200506340971,544.768301784382
145.244411474145,19.4267366519287,547.800018114301
145.237775893446,19.4386682437334,553.192741540924
145.229358681677,19.4538005577778,560
145.212247590904,19.484552673229,573.724799718285
145.19715920388,19.5116585590679,585.703166460287
145.181781131233,19.5392742224699,597.794365946859
145.181023561629,19.540634374574,598.386997236882
145.168938263473,19.5623289777191,607.803266391352
145.166105733412,19.567412758677,610
145.165487976327,19.5685214510398,610.478581138349
145.152291982337,19.5922002354633,620.658098913648
145.149652839976,19.5969349404047,622.6840416075
145.13530488695,19.6226700750413,633.641205778202
145.133510239921,19.625888375188,635.004994961893
145.117967411407,19.6537548413782,646.754516626808
145.117051995129,19.6553957319473,647.44308825296
145.100269644733,19.6854714495656,660
145.097801674585,19.689893225212,661.719773662561
145.095326300074,19.6943279878015,663.442128107172
145.090353217786,19.703236678898,666.894602614602
145.085350152731,19.7121979413683,670.357470241551
145.080316858264,19.7212121960691,673.830777988988
145.071807253723,19.7364496306908,679.679239165515
145.063210735219,19.7518393352089,685.557420936635
145.062910015909,19.7523776293665,685.762506287605
145.045291673997,19.7839076295678,697.714649662011
145.04513813528,19.7841823419291,697.818265601651
145.036111996916,19.8003300650634,703.893262828064
145.02699061597,19.8166443881648,710
145.01301508661,19.8416333540092,719.29425629553
144.998813669183,19.8670170501534,728.662576868828
144.98438135593,19.8928039748003,738.10585056905
144.969712996222,19.9190028601683,747.624980525305
144.950462034991,19.9533716493514,760
144.945528556288,19.9621766593986,763.151704332378
144.940582762819,19.9710025248322,766.3058592348
144.930654058734,19.9887170954867,772.621532191134
144.910646957783,20.0243995331252,785.282411049003
144.901052073765,20.041505359893,791.323321138095
144.891411111521,20.0586890622879,797.373209296456
144.871989704561,20.0932920625273,809.5
144.851705793395,20.129413198307,822.080138932514
144.84148864959,20.1476004635018,828.384305116467
144.831220914707,20.1658729243854,834.697897215213
144.811388333847,20.2011531822067,846.831503704974
144.801400992511,20.2189128133676,852.91138122816
144.791365858405,20.2367527786475,859
144.77048652566,20.2738560712948,871.60348931928
144.759969867478,20.2925368808847,877.918955197763
144.749401405996,20.3113045401137,884.243595131338
144.729060739018,20.3474112603264,896.354941210249
144.718818168971,20.3655855721268,902.423247724747
144.70852701135,20.383841186205,908.5
144.687099534528,20.421835851764,921.087941193903
144.676307614139,20.4409637235883,927.395103104456
144.665463093438,20.4601793618912,933.711083816563
144.644533184128,20.4972500203944,945.839249902263
144.633994473127,20.515908253183,951.91554374812
144.62340615451,20.5346490946849,958
144.601414702051,20.5735562371651,970.572443581608
144.579210703114,20.6128164877563,983.178802118096
144.55767316782,20.6508762904797,995.323620858176
144.535934035727,20.6892703188078,1007.5
144.513338142121,20.7291540209378,1020.07004160769
144.490525218858,20.7693965016561,1032.67290433428
144.468383995699,20.8084307203645,1044.82116506304
144.446036676785,20.8478049142331,1057
144.42284115325,20.8886487268619,1069.5546440837
144.399424378293,20.9298564283929,1082.1409665081
144.376635747057,20.969933935231,1094.30565081738
144.35363587034,21.0103581054797,1106.5
144.329771966677,21.0522744635687,1119.06540313811
144.305681153522,21.0945620736473,1131.66158906888
144.258648915855,21.1770405480058,1156
144.234572237935,21.219222238277,1168.33192261882
144.210272024397,21.2617676601146,1180.69249676883
144.185745274371,21.3046812612081,1193.08182241803
144.160988933005,21.3479675610066,1205.5
144.13927143504,21.3859164429473,1216.32268603573
144.117377493164,21.4241508965606,1227.16682464455
144.115754482456,21.4269843292436,1227.96806731163
144.114130498391,21.4298193354806,1228.76942721957
144.110879606832,21.4354940735417,1230.37249886094
144.107624811717,21.4411751206862,1231.97603977464
144.104366106275,21.4468624868505,1233.58005016674
144.097836937365,21.4582562158704,1236.78948021112
144.09129204549,21.4696753407203,1240.00079064521
144.08473137591,21.4811199416358,1243.21398312205
144.078154873627,21.4925900991869,1246.42905929664
144.064954150691,21.5156074063966,1252.86486936871
144.060564023211,21.5232603632113,1255
144.048292323595,21.5446477462275,1260.95463912357
144.035966091538,21.5661229219113,1266.91556486065
144.023584975684,21.587686402267,1272.88278717215
144.01737372531,21.5985014184633,1275.86876266185
144.01114862085,21.6093387046202,1278.85631604003
144.009885761118,21.6115369911479,1279.46176837359
144.008622330545,21.6137361949447,1280.0672855322
143.995873703114,21.6359229511167,1286.16558487831
143.983066823054,21.6582032469061,1292.27046329956
143.957276763459,21.7030466923321,1304.5
143.940577580676,21.7320660137958,1312.37329995064
143.923780155862,21.7612425532372,1320.25731532995
143.906883648341,21.7905775238041,1328.15206802809
143.889887207762,21.8200721510299,1336.05757999491
143.851023783325,21.8874612482025,1354
143.841513330687,21.903941279712,1358.36264868231
143.816872783564,21.9466189741754,1369.61505306817
143.795029353004,21.9844275549868,1379.52936136458
143.792024636335,21.9896265888359,1380.88870621486
143.766966334358,22.0329677681011,1392.1836683677
143.741695280591,22.076646209794,1403.5
143.713585047147,22.1251956126641,1416.00091043435
143.685211800775,22.1741604922434,1428.52728207025
143.66476929489,22.2094148009349,1437.49595584382
143.629176576556,22.2707482023662,1453
143.595011956126,22.3295628788926,1467.75058586692
143.560468625036,22.3889718556007,1482.53582354711
143.536994861772,22.4293098396343,1492.51001140198
143.513344713775,22.4699238043679,1502.5
143.453434431187,22.5726846555637,1527.54507831142
143.41642767355,22.6360728348987,1542.83118695309
143.394067884099,22.6743400727571,1552
143.360746087335,22.7313226645757,1565.57126913744
143.327082970589,22.7888337530141,1579.170417641
143.299262867258,22.8363205600858,1590.32581136295
143.271207600636,22.8841703381781,1601.5
143.207783567331,22.9922010422472,1626.48639000535
143.156092230606,23.0801010711467,1646.57372505332
143.144616495799,23.0995974757986,1651
143.111097956861,23.1565057842403,1663.8601754062
143.07725076132,23.2139158804643,1676.74440637374
143.045836149275,23.2671493498027,1688.61198033775
143.014135870333,23.3208174821106,1700.5
142.946828244555,23.4346035850401,1725.4548124004
142.883859977369,23.540850712083,1748.45502649824
142.87959770989,23.5480353842257,1750
142.844586702638,23.6070174151242,1762.63439076853
142.80923389257,23.6665135095986,1775.29117016255
142.775187876881,23.7237516537889,1787.3853461322
142.740821917488,23.7814692132442,1799.5
142.669352393264,23.9013137918432,1824.39975341869
142.63458405855,23.9595234381658,1836.37139519048
142.59949008822,24.0182170830099,1848.36269448377
142.598553838698,24.019782090803,1848.68134029567
142.597617356325,24.0213474440213,1849
142.57925510744,24.0520315403432,1855.23500903794
142.560803219106,24.0828484540212,1861.47531612652
142.523627910585,24.1448840700964,1873.9718514899
142.48688088356,24.2061370365239,1886.22570701501
142.449777566903,24.2679152845384,1898.5
142.412161210812,24.3304773240925,1910.84442848281
142.37417688651,24.3935793318722,1923.2092043829
142.335819185728,24.4572281143906,1935.59437804998
142.297082591062,24.5214305939475,1948
142.260013857632,24.582798096372,1959.77676083581
142.22259482249,24.6446753991034,1971.5719790383
142.220410911425,24.6482846065327,1972.25753325194
142.218225801203,24.651895555348,1972.94314986794
142.198638981669,24.6842525210157,1979.07486614926
142.17895554744,24.7167496206557,1985.21157586195
142.159174782278,24.7493877407625,1991.35328510815
142.139295962664,24.7821677753958,1997.5
142.099122038352,24.8483534463957,2009.84502897631
142.058546045195,24.9151188250097,2022.2100063482
141.976163500681,25.0504184865636,2047
141.931153903551,25.1241942819128,2060.36870830591
141.892023142121,25.1882506615695,2071.89234040359
141.807412608876,25.3264913662577,2096.5
141.714091651514,25.4785423599346,2123.16098513565
141.632747915393,25.6107175561743,2146
141.628440700989,25.617706956447,2147.19913328747
141.541045464804,25.759320962649,2171.31202186828
141.451851659827,25.9034482035928,2195.5
141.405474083004,25.9782289012639,2207.91232549126
141.358602460314,26.0536946965969,2220.34447117778
141.31411862345,26.1252122822612,2232.04013039989
141.264379965242,26.2050584391823,2245
141.168217862124,26.3590701331099,2269.71064065429
141.069960560139,26.5159486656965,2294.5
141.029140043574,26.580977697896,2304.66492071891
140.987951742614,26.6465060722687,2314.84316635167
140.969631418395,26.6756247780151,2319.34536379588
140.868188535056,26.8365486311458,2344
140.750374690967,27.0227795844964,2372.0612614952
140.658625803752,27.1673151879233,2393.5
140.649346896329,27.1819085191113,2395.64836841572
140.63711944538,27.2011323890044,2398.47391666304
140.624860423678,27.2203981760386,2401.3004964165
140.600247169621,27.2590560423017,2406.95675270202
140.575506126613,27.2978832115834,2412.61714179685
140.550636277325,27.3368807852342,2418.28166823218
140.496029481207,27.4223962040651,2430.63099049315
140.440796198605,27.5087365800783,2443
140.328170145214,27.6843062772267,2467.84827539613
140.271504724042,27.7723933734943,2480.16420665138
140.21417632064,27.8613426938301,2492.5
140.097584343678,28.0417212232654,2517.20988262419
139.978194868511,28.2257012737674,2542
139.909819115412,28.3307376536009,2555.96968856544
139.840503566666,28.4369714813536,2569.96536136428
139.838829327003,28.4395343741563,2570.30136722411
139.837154534914,28.4420979678726,2570.63738807489
139.833803292341,28.4472272591864,2571.3094747533
139.827094165744,28.4574942653431,2572.65382804564
139.813649283674,28.478062035947,2575.34325459725
139.786652496694,28.5193331258705,2580.72498936814
139.732226729342,28.6024216599688,2591.5
139.668989604304,28.6987699390673,2603.89554466347
139.604964645856,28.7961082756015,2616.31173760945
139.516213455349,28.9306884083703,2633.30425228385
139.4755826785,28.9921642442553,2641
139.409833034716,29.0914653118535,2653.34395023328
139.343248317675,29.1918001736379,2665.70856565713
139.275812004467,29.2931850476576,2678.09389820886
139.207507113611,29.3956365057723,2690.5
139.180132348794,29.4366287174685,2695.43330787115
139.117998285416,29.5295275950997,2706.54938086619
139.055134149475,29.6233153317605,2717.68249439006
138.927161881831,29.8136088269884,2740
138.898250524173,29.8564827842072,2744.97932763395
138.832989177449,29.9531033642608,2756.13924688407
138.76702772568,30.0505374004377,2767.30765889383
138.700354178931,30.1487954671441,2778.48457336147
138.632956257461,30.2478883320317,2789.67
138.5805749256,30.3247412760686,2798.28585062775
138.454230268641,30.5095307442462,2818.79348811137
138.325299287185,30.697256423737,2839.33
138.25485611803,30.7994619022815,2850.3872878975
138.130180726907,30.9797277755775,2869.68099414036
138.066924345419,31.0708839257283,2879.33733150893
138.003042647598,31.1627328912392,2889
138.002277218246,31.1638321552405,2889.1000846569
138.001511653902,31.164931583066,2889.20017366278
137.999980120089,31.1671309303349,2889.40036472264
137.996915430954,31.1715315923677,2889.80079904268
137.990779558479,31.1803407946043,2890.60187654757
137.978481771247,31.1979907774478,2892.20486752515
137.953781500934,31.2334175845954,2895.41419742546
137.903957914887,31.3047828287752,2901.84628168333
137.853561960001,31.3768385577436,2908.29632769777
137.802583485927,31.4495948737325,2914.76441081194
137.70479870208,31.588780856147,2927.01472392131
137.604831537294,31.7305678922902,2939.33
137.498777062738,31.880430845257,2952.17095087527
137.444819276313,31.9564569934098,2958.61750086836
137.390226123684,32.0332273034355,2965.08152815299
137.285331540728,32.1803066871294,2977.33921702579
137.17804661231,32.3301585377672,2989.66
137.06425345501,32.4884616223897,3002.49571543133
136.947723841673,32.6498905244426,3015.39890143113
136.834911822894,32.805513964127,3027.66381416945
136.719466572103,32.9641033954227,3039.99
136.597046998078,33.131538272618,3052.81908434385
136.471609964269,33.3023164832888,3065.71352997519
136.349914295089,33.46724429384,3077.98700900047
136.225298425293,33.6353589718044,3090.32
136.093113773592,33.8128338167904,3103.14955388861
135.957575462782,33.9939041083815,3116.04247592231
135.825880542006,34.1689619860807,3128.32235675033
135.690924935462,34.3474586701524,3140.66
135.547794579454,34.5357795376133,3153.48051912725
135.400913051513,34.7279813843384,3166.3623986169
135.257863661848,34.9141448170035,3178.6481624524
135.111143211571,35.104039228603,3190.99
134.795446593111,35.5090542840597,3216.69183982688
134.639442886014,35.707399410513,3228.97873402073
134.479270632346,35.9098142342261,3241.32
134.142854090365,36.3309162914411,3266.37483646147
133.787204600176,36.7701826628256,3291.65
133.656672100882,36.9298909701576,3300.62894076405
133.561596173314,37.0457085122415,3307.07193322699
133.407627423872,37.232359565996,3317.33618064189
133.077343797661,37.6289857385304,3338.6688674973
133.024782138663,37.6916337081841,3341.98
132.795048542726,37.963940752301,3356.19208780315
132.557236050026,38.2432451810111,3370.47067351015
132.370729726212,38.4604676716133,3381.37088028597
132.179037106268,38.682069196752,3392.31
132.178073246675,38.6831792028875,3392.36434000005
131.998730209542,38.8889796924097,3402.36247766525
131.394810159725,39.5713141153618,3434.44472730291
131.233085370201,39.7512688566487,3442.64
130.738956463704,40.2939443137154,3466.70910756626
130.286415850371,40.7816009203517,3487.5369695979
130.164255323897,40.911727065319,3492.97
130.024186794329,41.0601431965706,3499.1039710572
129.238084494884,41.8777017434703,3531.7293278752
128.941150288042,42.1798131111841,3543.3
128.367771547995,42.7529839686842,3564.56143118921
127.744587233416,43.3609621680473,3586.15679406558
127.518034332949,43.5781858298647,3593.64
127.397790776098,43.6926642509526,3597.53542656682
126.300697249165,44.7115634212948,3630.78033222899
125.825837455209,45.1385758021573,3643.97
125.044866326531,45.8230063849414,3664.23116754033
124.024401610213,46.6848502964132,3688.25154454241
123.748702735222,46.9115533061066,3694.3
123.581400012433,47.0478748282047,3697.88393367011
121.828050541608,48.4214402231066,3731.82301655774
121.070115865613,48.9851743772507,3744.63
119.650949380661,49.9945405161497,3765.97595971175
117.368665478467,51.4990615496594,3794.08314579437
117.287275931608,51.5501503369401,3794.96
116.770665253785,51.8704748073771,3800.34253176438
112.382777625496,54.3337660895449,3835.00544199814
110.405042397736,55.3069695972082,3845.29
101.340265869852,58.8772964368237,3863.63455033298
90.4447183227078,61.6782868821232,3845.29
87.4754260365244,62.2224581499391,3835.00544199814
79.9287338511868,63.2559206554204,3800.34253176438
78.9457994185724,63.3564679334439,3794.96
78.789043015459,63.371814790345,3794.08314579437
74.1792554570974,63.7408082492896,3765.97595971175
71.1019760884822,63.9012875871212,3744.63
69.392426217008,63.961619453981,3731.82301655774
65.2657755318826,64.0238464873277,3697.88393367011
64.8598415538167,64.0236346711423,3694.3
64.186427541523,64.0207854882605,3688.25154454241
61.6468391324888,63.9819543723347,3664.23116754033
59.6557233479921,63.9202966995737,3643.97
58.4262293210684,63.8683947486913,3630.78033222899
55.5359321766487,63.7041692567161,3597.53542656682
55.2152467202855,63.6822474858334,3593.64
54.6090990146417,63.6387653910865,3586.15679406558
52.9294439077521,63.5041413784646,3564.56143118921
51.3695845717913,63.3601967163101,3543.3
50.5569661365234,63.2778452814669,3531.7293278752
48.3921661199293,63.0332358885599,3499.1039710572
48.0046650939049,62.9855030122736,3492.97
47.6663288730713,62.9428285762893,3487.5369695979
46.4102442772128,62.7761557817873,3466.70910756626
45.0347527736231,62.5784374038412,3442.64
44.5838849651942,62.5100938051938,3434.44472730291
42.8983828577673,62.2387370321855,3402.36247766525
42.3975405038405,62.1531799182392,3392.36434000005
42.3948486632966,62.1527138784915,3392.31
41.8594962157385,62.0586987453946,3381.37088028597
41.3386821606187,61.9646758253139,3370.47067351015
40.6747943794756,61.8411084843177,3356.19208780315
40.0338052212084,61.7177896553573,3341.98
39.8872132659615,61.6890259969601,3338.6688674973
38.966748540464,61.5035696676603,3317.33618064189
38.5381316706579,61.4143190739412,3307.07193322699
38.2736376915102,61.3583129886943,3300.62894076405
37.9107481086472,61.2803045380847,3291.65
36.9236253003842,61.0611698372644,3266.37483646147
35.9924037682444,60.8449365933112,3241.32
35.5500216891333,60.738903488711,3228.97873402073
35.1198212686461,60.63370791196,3216.69183982688
34.251432076286,60.4149958561003,3190.99
33.848915936371,60.3106784847609,3178.6481624524
33.4571674632817,60.2073321480314,3166.3623986169
33.0556715276245,60.0995281395144,3153.48051912725
32.6651876592603,59.9928260068725,3140.66
32.297717976435,59.8907209713999,3128.32235675033
31.9398166481706,59.7896785057623,3116.04247592231
31.5722053833063,59.6842352085125,3103.14955388861
31.214430741741,59.579979051027,3090.32
30.877831534489,59.4804040355039,3077.98700900047
30.549783549851,59.3819532021528,3065.71352997519
30.2123539648014,59.2792228327708,3052.81908434385
29.8837472020412,59.1777353788227,3039.99
29.5745149218241,59.0809163352315,3027.66381416945
29.272962086885,58.9852601227687,3015.39890143113
28.9621349613049,58.8853650962422,3002.49571543133
28.6592699898119,58.7867489883106,2989.66
28.3743381453223,58.692806470619,2977.33921702579
28.0963382281042,58.6000490654186,2965.08152815299
27.9518825862322,58.5514173158606,2958.61750086836
27.8092655242322,58.5031122796612,2952.17095087527
27.5294113164736,58.407474698986,2939.33
27.2661864469854,58.3164841697289,2927.01472392131
27.0092473266406,58.2266886260536,2914.76441081194
26.8755102931793,58.1795646654026,2908.29632769777
26.7434468309357,58.1327698983014,2901.84628168333
26.6130263152461,58.0863019979484,2895.41419742546
26.5484227670925,58.0631898826399,2892.20486752515
26.5162710626291,58.0516641570489,2890.60187654757
26.5002325291078,58.0459088614118,2889.80079904268
26.4922225673292,58.0430331033992,2889.40036472264
26.4882199096073,58.0415956965963,2889.20017366278
26.4862191611539,58.0408771112147,2889.1000846569
26.4842187994929,58.0401586045013,2889
26.3173914667544,57.9800236906493,2879.33733150893
26.1524323687831,57.9201476323665,2869.68099414036
25.8279980250032,57.8011735950767,2850.3872878975
25.6450989012168,57.7333877974324,2839.33
25.3111188168709,57.6082655206053,2818.79348811137
24.9848254395593,57.4843291203973,2798.28585062775
24.8498369790819,57.4325618470431,2789.67
24.676402324729,57.3656225420211,2778.48457336147
24.5051126198958,57.2990356314363,2767.30765889383
24.335929166166,57.2328006523632,2756.13924688407
24.1688141644413,57.1669170524448,2744.97932763395
24.0948679069191,57.1376182437227,2740
23.7682021026534,57.0071067431805,2717.68249439006
23.6081228038793,56.9425028021043,2706.54938086619
23.4501567551611,56.8783303885418,2695.43330787115
23.3806412929814,56.8499570278532,2690.5
23.207403759671,56.7788923246664,2678.09389820886
23.036672946203,56.7083557908707,2665.70856565713
22.8683960302609,56.6383440345122,2653.34395023328
22.7025216388515,56.5688536008753,2641
22.6001633657947,56.5257339940675,2633.30425228385
22.3769680469005,56.4310758616135,2616.31173760945
22.2162886820293,56.3623889914502,2603.89554466347
22.0578623032338,56.2942178226278,2591.5
21.9217312858121,56.2352834180533,2580.72498936814
21.8542822400478,56.2059602782345,2575.34325459725
21.8207102432695,56.1913345892816,2572.65382804564
21.8039621798638,56.1840306981573,2571.3094747533
21.7955976074727,56.180380988819,2570.63738807489
21.7914176830591,56.1785566929414,2570.30136722411
21.7872393320091,56.1767327694911,2569.96536136428
21.6144216432876,56.1010189263194,2555.96968856544
21.4442755158771,56.0259468002943,2542
21.1479737157758,55.8939492537252,2517.20988262419
20.8595871293777,55.7639217724511,2492.5
20.7181417788618,55.699580572386,2480.16420665138
20.5785630904346,55.6357202709963,2467.84827539613
20.3018265143427,55.5080177100995,2443
20.1664457879351,55.445013563275,2430.63099049315
20.0328179744508,55.3824802583324,2418.28166823218
19.9720309956746,55.3539201047191,2412.61714179685
19.9116035288658,55.3254580293588,2406.95675270202
19.8515324580058,55.2970936502148,2401.3004964165
19.8216296054492,55.2829479766984,2398.47391666304
19.7918146994512,55.2688265841578,2395.64836841572
19.7691966933457,55.2581023468539,2393.5
19.5458916877265,55.1516863224341,2372.0612614952
19.2600558428312,55.0140383677433,2344
19.014761019378,54.894617690947,2319.34536379588
18.970542854408,54.8729619663388,2314.84316635167
18.8712214839101,54.8241759571514,2304.66492071891
18.772911792659,54.7756904826524,2294.5
18.5367857078225,54.6584322451106,2269.71064065429
18.3063962296597,54.5429215640466,2245
18.187503435497,54.4828832760088,2232.04013039989
18.0813298002484,54.4290195877389,2220.34447117778
17.9696190637752,54.3720927637615,2207.91232549126
17.8592497805594,54.3155925374449,2195.5
17.6474461447016,54.2064463542713,2171.31202186828
17.4405018463603,54.0988836947033,2147.19913328747
17.4303178321095,54.0935667600053,2146
17.2382548393042,53.9928759092227,2123.16098513565
17.0185377119889,53.8767093275541,2096.5
16.8199082432361,53.770786435683,2071.89234040359
16.7282327853941,53.7216067162512,2060.36870830591
16.6229308536043,53.664888151912,2047
16.4305998424855,53.5606583025821,2022.2100063482
16.3360643989324,53.5091243111144,2009.84502897631
16.2425918217147,53.4579727033267,1997.5
16.1963862730281,53.4326147526664,1991.35328510815
16.1504391907852,53.4073509073037,1985.21157586195
16.1047484604935,53.3821807152171,1979.07486614926
16.0593119905275,53.3571037266228,1972.94314986794
16.0542449428695,53.3543042557575,1972.25753325194
16.049181048198,53.3515059450009,1971.5719790383
15.9624743417157,53.3035014045278,1959.77676083581
15.8766871963882,53.2558375001977,1948
15.7871549811894,53.2059134574324,1935.59437804998
15.6986142525031,53.1563614688926,1923.2092043829
15.6110490029481,53.1071779194013,1910.84442848281
15.5244435659916,53.0583592312889,1898.5
15.4391281550123,53.0100976791297,1886.22570701501
15.3547386350151,52.9621932737689,1873.9718514899
15.2694736518153,52.9136230178767,1861.47531612652
15.2271929523664,52.8894751395858,1855.23500903794
15.1851442758457,52.865418159366,1849
15.1830004877429,52.8641905373972,1848.68134029567
15.1808573017673,52.8629631521989,1848.36269448377
15.1005728849363,52.8169070155697,1836.37139519048
15.021129209701,52.7711834659198,1824.39975341869
14.8581251287136,52.6768986364962,1799.5
14.7798887123358,52.6314204526744,1787.3853461322
14.7024728018102,52.5862751468664,1775.29117016255
14.6221825410776,52.5393017640405,1762.63439076853
14.5427661396269,52.4926869831876,1750
14.5331045588211,52.4870055751468,1748.45502649824
14.3905378596165,52.4029078269386,1725.4548124004
14.2384944478454,52.3126755333597,1700.5
14.1670103462083,52.2700571101007,1688.61198033775
14.0962492621155,52.2277462927597,1676.74440637374
14.0200966915986,52.1820740587868,1663.8601754062
13.9447734479602,52.1367584122683,1651
13.9190056086669,52.1212238510249,1646.57372505332
13.8030669727511,52.0511245032025,1626.48639000535
13.6611041456502,51.9648342087486,1601.5
13.5984100858688,51.9265658776554,1590.32581136295
13.5363035962667,51.8885588541117,1579.170417641
13.4612356418136,51.8424901772183,1565.57126913744
13.3870180111063,51.7968033911095,1552
13.3372658255072,51.7660988887271,1542.83118695309
13.2550109087399,51.7151974390028,1527.54507831142
13.1220806406243,51.6325720958154,1502.5
13.0696842732366,51.5998798720264,1492.51001140198
13.0177229806286,51.567389488473,1482.53582354711
12.941338483044,51.5195015645417,1467.75058586692
12.8658854806331,51.4720497442701,1453
12.7873780363036,51.4225204892378,1437.49595584382
12.7423335988833,51.3940303128139,1428.52728207025
12.6798695729233,51.354434985726,1416.00091043435
12.6180482751134,51.3151468111889,1403.5
12.5625251664007,51.2797759757098,1392.1836683677
12.5075201190475,51.2446554434868,1380.88870621486
12.5009279024266,51.2404410023343,1379.52936136458
12.4530261670401,51.2097828139973,1369.61505306817
12.3990364677974,51.1751557149389,1358.36264868231
12.3782112385416,51.1617785812248,1354
12.2931867391531,51.1070438593954,1336.05757999491
12.2560404666355,51.0830707130972,1328.15206802809
12.2191356144036,51.0592170731776,1320.25731532995
12.1824699225237,51.0354821304136,1312.37329995064
12.14604115896,51.0118650823414,1304.5
12.0898249740477,50.9753501808435,1292.27046329956
12.0619289010408,50.9571990749399,1286.16558487831
12.0341728149122,50.939118369652,1280.0672855322
12.0314228081118,50.9373258522157,1279.46176837359
12.0286741721122,50.9355340256561,1278.85631604003
12.015126999361,50.926699708597,1275.86876266185
12.0016130825717,50.9178821716607,1272.88278717215
11.9746845486579,50.9002972658726,1266.91556486065
11.9478876342621,50.8827789617554,1260.95463912357
11.9212214136865,50.8653269161045,1255
11.9116846744119,50.85908082695,1252.86486936871
11.8830178888013,50.8402907490063,1246.42905929664
11.8687415412073,50.8309248317984,1243.21398312205
11.8545030309087,50.8215782567398,1240.00079064521
11.8403022136381,50.8122509694402,1236.78948021112
11.8261389458536,50.8029429156995,1233.58005016674
11.8190713482254,50.7982960844399,1231.97603977464
11.8120130844675,50.7936540413309,1230.37249886094
11.8049641368394,50.7890167796506,1228.76942721957
11.8014431510257,50.7866999397379,1227.96806731163
11.7979244876119,50.7843842926669,1227.16682464455
11.7504794611735,50.7531277654839,1216.32268603573
11.7034549104615,50.7220879802874,1205.5
11.6498967055578,50.6866622548901,1193.08182241803
11.5968838552067,50.6515202858096,1180.69249676883
11.5444084105079,50.6166589827106,1168.33192261882
11.4924625748305,50.5820752971546,1156
11.3911243927388,50.5143947920915,1131.66158906888
11.3392860298709,50.479664348227,1119.06540313811
11.2879820148576,50.4452188763043,1106.5
11.2385789455083,50.4119808899819,1094.30565081738
11.1896716521814,50.3790098232054,1082.1409665081
11.1394598634551,50.3450902078711,1069.5546440837
11.0897660476651,50.3114514094183,1057
11.0419304129479,50.2790053950718,1044.82116506304
10.9945756176967,50.2468225388481,1032.67290433428
10.945825529466,50.2136258295258,1020.07004160769
10.8975805580389,50.1807074336284,1007.5
10.8512037044958,50.1490020015501,995.323620858176
10.8052944748391,50.117556586447,983.178802118096
10.7580037453888,50.0851027185011,970.572443581608
10.7112048599685,50.0529241252687,958
10.6886862983361,50.0374184101915,951.91554374812
10.6662822090802,50.021977246141,945.839249902263
10.6218141601997,49.9912871194705,933.711083816563
10.5987875851696,49.9753729748588,927.395103104456
10.5758821052258,49.9595275465776,921.087941193903
10.5304308352878,49.9280412361636,908.5
10.5086147151407,49.9129072056505,902.423247724747
10.4869100680059,49.8978370093385,896.354941210249
10.4438319816823,49.8678866654073,884.243595131338
10.421462930102,49.8523134576212,877.918955197763
10.3992124572119,49.836808567832,871.60348931928
10.3550637062525,49.8060021239285,859
10.3338571991795,49.7911845677503,852.91138122816
10.3127597439504,49.776430364649,846.831503704974
10.2708888335935,49.7471105555046,834.697897215213
10.249223850886,49.7319199482292,828.384305116467
10.2276740455326,49.7167966491192,822.080138932514
10.1849165238346,49.6867503655788,809.5
10.1440081768212,49.6579539605609,797.373209296456
10.12371218692,49.6436490938212,791.323321138095
10.1035206327772,49.6294059663785,785.282411049003
10.0614413719213,49.5996851605587,772.621532191134
10.0405711282442,49.5849252795955,766.3058592348
10.0301779789856,49.5775702901929,763.151704332378
10.0198126706404,49.5702318672366,760
9.97938487561126,49.5415798752795,747.624980525305
9.9486007609359,49.5197305407102,738.10585056905
9.91832893994774,49.4982177831385,728.662576868828
9.88855779428047,49.4770346584896,719.29425629553
9.85927604151578,49.4561744025367,710
9.84017325877355,49.4425520575248,703.893262828064
9.82127653470567,49.4290661063541,697.818265601651
9.8209551495693,49.4288366539023,697.714649662011
9.78408928079972,49.4024961552638,685.762506287605
9.78346025126336,49.4020463693699,685.557420936635
9.76548156431537,49.3891858300405,679.679239165515
9.747690507035,49.3764501288897,673.830777988988
9.7371701256111,49.3689147382252,670.357470241551
9.72671494919439,49.3614228163602,666.894602614602
9.7163244259421,49.3539740265608,663.442128107172
9.71115323733065,49.3502657010624,661.719773662561
9.70599800777543,49.3465680337948,660
9.67095512669192,49.3214121741166,647.44308825296
9.66904431667604,49.3200394371867,646.754516626808
9.6366110174242,49.2967226815637,635.004994961893
9.6328673702717,49.2940293153191,633.641205778202
9.60294675139423,49.2724880019886,622.6840416075
9.5974449983899,49.2685241313987,620.658098913648
9.56994405166134,49.2486969396842,610.478581138349
9.56865696600917,49.2477684470678,610
9.56275583429189,49.2435107907344,607.803266391352
9.53758526518146,49.2253386437115,598.386997236882
9.53600783382842,49.2241991737507,597.794365946859
9.50399718749117,49.2010600297916,585.703166460287
9.47260803361272,49.1783404923855,573.724799718285
9.43703310310781,49.1525557462799,560
9.41954188258134,49.1398642302463,553.192741540924
9.40575696186085,49.1298555367762,547.800018114301
9.39803496263573,49.124246410428,544.768301784382
9.39035125420304,49.1186633267848,541.743844590016
9.38270557780069,49.1131061235913,538.726620490491
9.37509767689735,49.1075746398632,535.716603569497
9.37197979598531,49.10530721844,534.480806121155
9.37042322972471,49.1041751253402,533.863362308618
9.36964553918816,49.1036094825934,533.554754032585
9.36886824335213,49.1030441088215,533.246221472873
9.36538658042994,49.100511464916,531.863248856533
9.36191282844092,49.097984213625,530.481796516729
9.36017891133224,49.0967226053529,529.791639667362
9.35844696277184,49.0954623394564,529.101861948018
9.35671697971057,49.0942034140165,528.412463046378
9.35585272428474,49.0935744533647,528.067905554689
9.35542078043258,49.0932600984518,527.895662281578
9.35498895909154,49.092945827108,527.723442650462
9.34680074695356,49.0869855443018,524.453026404614
9.3450387712243,49.0857027214242,523.748093657487
9.325049678824,49.0711429550479,515.721110339925
9.31088577152082,49.0608189104992,510
9.28931147382602,49.045081867981,501.231837635871
9.26383740884509,49.0264821859462,490.793867695779
9.23879894078181,49.0081815231768,480.443297181012
9.21418597652823,48.9901734568033,470.179032946135
9.18998871960702,48.9724517367048,460
9.178439030509,48.9639866823372,455.110153799645
9.16698318750642,48.9555864309654,450.239855181777
9.15562015472392,48.9472503180123,445.388987165494
9.14434891082865,48.9389776874577,440.55743370145
9.13316844878156,48.9307678917059,435.745079662605
9.12207777559343,48.9226202914551,430.951810835079
9.11107591208597,48.9145342555695,426.177513909115
9.10016189265775,48.9065091609537,421.42207647015
9.09360617057462,48.901686994143,418.556340878194
9.08708199606588,48.8968867397,415.697432495386
9.08058916281212,48.8921082641269,412.845326953464
9.07735443472839,48.889727151667,411.421817664446
9.07412746536747,48.8873514343265,410
9.05097774484221,48.8702991870044,399.307878836069
9.02819503106045,48.8535013960538,388.697138499809
9.00577143828556,48.8369529861566,378.166853394176
8.98369929571061,48.8206490087792,367.716111905669
8.96751825822855,48.8086871797307,360
8.96197111789502,48.8045846217667,357.344016141245
8.94713590761566,48.7936081794395,350.213610508655
8.94057966325536,48.7887551339642,347.049681671167
8.92705216172916,48.7787377004431,340.49665633665
8.90726111732772,48.7640719049854,330.84840112145
8.88775697628495,48.7496070119637,321.268118876023
8.86500325394476,48.7327174321921,310
8.84541170223829,48.7181623724743,300.217481876511
8.82610972375636,48.7038109522799,290.505624974055
8.80709152628302,48.6896593643547,280.863666446062
8.7883514643899,48.6757038905778,271.290854387338
8.76642826353108,48.6593642966451,260
8.74759789408986,48.6453180377112,250.221496159884
8.72904846284217,48.631470683984,240.514923480173
8.71077430288634,48.6178184729083,230.879491175603
8.6927698920226,48.6043577310266,221.314420010072
8.68216184735311,48.5964221021054,215.644922069009
8.67164665216151,48.5885525086584,210
8.66159680445085,48.5810279957471,204.581591531031
8.65157524041396,48.5735215568325,199.16578174378
8.63161650701775,48.5585626586009,188.341950740003
8.62088630650814,48.5505153812282,182.501932901358
8.61080191099148,48.5429491921602,177
8.61018854928759,48.5424888935501,176.664936727765
8.58888980258195,48.5264979874637,165
8.58426730186068,48.5230256025303,162.460614540196
8.5662014357824,48.5094483274106,152.509498489537
8.54822814188509,48.495930594006,142.567164179106
8.53754697031329,48.4878925311209,136.638571687629
8.52259858771387,48.4766372597005,128.316210957766
8.50771408352884,48.4654231966265,120
8.49376403342026,48.4549069124539,112.178010498598
8.4735173575055,48.4396331450639,100.775120697231
8.46321235857175,48.4318543260549,94.9483509011809
8.45294425894843,48.4241000757641,89.126912393105
8.44271287213024,48.4163702872305,83.3107978594423
8.43251801284202,48.4086648540882,77.5
8.42325589382511,48.401661594584,72.2074135776759
8.4140238392107,48.3946784078312,66.9192339716901
8.404821711267,48.3877152145252,61.6354556803995
8.39564937308569,48.3807719357621,56.3560732113143
8.38638416906068,48.3737556954854,51.0103056534594
8.37714927932876,48.3667597460371,45.6690413893526
8.36794456394458,48.3597840065374,40.3322747310044
8.36335347797251,48.3563036902363,37.6655762291114
8.36106074535505,48.3545654160751,36.332647874741
8.35991508069597,48.3536967494466,35.6662888829499
8.35876988344552,48.3528283962458,35
8.35608218361628,48.3507902696241,33.125
8.35339630867654,48.3487533014136,31.25
8.34803002601063,48.3446828363083,27.5
8.34267102056327,48.3406169931055,23.75
8.33999424215619,48.3385858022771,21.875
8.33865653322127,48.3375706391298,20.9375
8.33798784871982,48.3370631655696,20.46875
8.33731927749045,48.336555763998,20
8.33391551594326,48.3339723162681,17.3283812080545
8.33051498915583,48.3313909619777,14.6567624161089
8.32585633563406,48.3278539712933,10.9925718120812
8.3212037463615,48.3243209072704,7.32838120805445
8.31655720947165,48.3207917634134,3.66419060402677
8.31423620697043,48.3190286595212,1.83209530201384
8.31307627155945,48.3181474742301,0.916047651006011
8.31249644523322,48.3177069732041,0.458023825503005
8.31191671312905,48.317266533241,0
