130.38,-6.13,130
130.374004196238,-6.12254074309093,136.638571687629
130.36863730008,-6.11586366412331,142.567164179106
130.35961072827,-6.1046330024091,152.509498489537
130.350543156718,-6.09335070421164,162.460614540196
130.348223927456,-6.09046490974056,165
130.337542440391,-6.0771735110519,176.664936727765
130.332180313138,-6.07050087641487,182.501932901358
130.326803857966,-6.06381019316982,188.341950740003
130.316808518609,-6.05137099751148,199.16578174378
130.311792239933,-6.04512795601048,204.581591531031
130.306763496895,-6.03886921112225,210
130.301503858012,-6.03232289041027,215.644922069009
130.296199803845,-6.02572107777454,221.314420010072
130.287202202553,-6.014521522619,230.879491175603
130.278075786164,-6.00316100617431,240.514923480173
130.268818061493,-5.99163639932282,250.221496159884
130.259426474181,-5.9799444958115,260
130.248500398464,-5.96634142628399,271.290854387338
130.239167595157,-5.95472129099439,280.863666446062
130.229702735752,-5.94293607227438,290.505624974055
130.220103293077,-5.93098259650791,300.217481876511
130.210366678623,-5.91885761268426,310
130.199067170214,-5.90478548088594,321.268118876023
130.189388791094,-5.8927315140684,330.84840112145
130.179575006364,-5.88050820090564,340.49665633665
130.172871156128,-5.87215798118276,347.049681671167
130.169623242436,-5.86811230770505,350.213610508655
130.162276827001,-5.85896116375116,357.344016141245
130.159530885617,-5.85554054977,360
130.151524098003,-5.84556619432818,367.716111905669
130.140609772584,-5.83196905494541,378.166853394176
130.129530550915,-5.81816559754551,388.697138499809
130.118283059102,-5.80415158030857,399.307878836069
130.106863835578,-5.78992265064059,410
130.105274023425,-5.7879415893453,411.421817664446
130.103680578075,-5.78595598235789,412.845326953464
130.100482743425,-5.78197107554371,415.697432495386
130.097270241234,-5.77796781658946,418.556340878194
130.094042980814,-5.77394609150801,421.42207647015
130.088671935758,-5.76725267282132,426.177513909115
130.083259840238,-5.76050788618715,430.951810835079
130.07780627082,-5.75371119930935,435.745079662605
130.072310798545,-5.74686207290934,440.55743370145
130.066772988837,-5.7399599606148,445.388987165494
130.061192401415,-5.73300430884628,450.239855181777
130.0555685902,-5.72599455670168,455.110153799645
130.049901103228,-5.7189301358385,460
130.038035183637,-5.70413873516354,470.179032946135
130.025976216249,-5.6891056611623,480.443297181012
130.013719947325,-5.67382556324499,490.793867695779
130.001262004057,-5.65829294031557,501.231837635871
129.990720319603,-5.64514865848401,510
129.98380405165,-5.63652443165186,515.721110339925
129.974049441864,-5.62436036585157,523.748093657487
129.97318994644,-5.62328853694958,524.453026404614
129.969196447876,-5.61830839890696,527.723442650462
129.96898587621,-5.61804579998681,527.895662281578
129.968775248139,-5.61778313041122,528.067905554689
129.968353822695,-5.61725757919212,528.412463046378
129.96751029404,-5.61620562776745,529.101861948018
129.966665860597,-5.61515254298086,529.791639667362
129.965820521059,-5.61409832318548,530.481796516729
129.9641271185,-5.61198647202511,531.863248856533
129.962430075798,-5.60987006099174,533.246221472873
129.962051233473,-5.60939759747116,533.554754032585
129.961672209577,-5.60892490649947,533.863362308618
129.960913616607,-5.6079788416173,534.480806121155
129.959394246684,-5.60608397597714,535.716603569497
129.955687580308,-5.60146117936226,538.726620490491
129.951963550159,-5.59681663025311,541.743844590016
129.948222046429,-5.59215019041017,544.768301784382
129.94446295843,-5.58746172048162,547.800018114301
129.937755068496,-5.57909515276913,553.192741540924
129.929248527401,-5.56848472414448,560
129.911964099572,-5.54692385551467,573.724799718285
129.896732055532,-5.52792144034085,585.703166460287
129.88121643392,-5.50856360054866,597.794365946859
129.880452319693,-5.50761022152535,598.386997236882
129.868265555438,-5.49240435159034,607.803266391352
129.86541004429,-5.48884127820814,610
129.864787315546,-5.48806423711558,610.478581138349
129.851488573952,-5.4714694271886,620.658098913648
129.848829674469,-5.46815137870339,622.6840416075
129.8343789286,-5.45011740318781,633.641205778202
129.832571973484,-5.44786229211682,635.004994961893
129.816927657698,-5.42833698483915,646.754516626808
129.81600654999,-5.42718731967607,647.44308825296
129.799125492073,-5.40611648787265,660
129.796648299738,-5.40302430892446,661.719773662561
129.794163919941,-5.39992311636881,663.442128107172
129.789173486223,-5.39369354958994,666.894602614602
129.784153962932,-5.38742750019105,670.357470241551
129.779105120848,-5.38112467924513,673.830777988988
129.770571535179,-5.37047121905413,679.679239165515
129.761953732254,-5.35971212256144,685.557420936635
129.761652321922,-5.35933581077354,685.762506287605
129.743999811498,-5.33729552892214,697.714649662011
129.743846029649,-5.33710351331779,697.818265601651
129.734807257073,-5.32581721282604,703.893262828064
129.725676423754,-5.31441540563509,710
129.711692878913,-5.29695286746755,719.29425629553
129.697491337985,-5.27921676631859,728.662576868828
129.683067187126,-5.26120128203511,738.10585056905
129.668415688089,-5.24290043675071,747.624980525305
129.649199962701,-5.21889638063626,760
129.64427782864,-5.21274731924213,763.151704332378
129.639344224899,-5.20658376992313,766.3058592348
129.62944246061,-5.19421301917602,772.621532191134
129.609499658811,-5.16929557613751,785.282411049003
129.599940360491,-5.15735083750562,791.323321138095
129.590338256279,-5.14535201484068,797.373209296456
129.571004567898,-5.12119076326951,809.5
129.550825725272,-5.09597075867179,822.080138932514
129.540666705403,-5.0832727822875,828.384305116467
129.530460892424,-5.0705156539777,834.697897215213
129.510757879963,-5.04588527738315,846.831503704974
129.500840758568,-5.03348713197458,852.91138122816
129.49087953486,-5.02103322412287,859
129.470164744224,-4.99513278532147,871.60348931928
129.459736466529,-4.98209291788276,877.918955197763
129.449260534969,-4.96899277612721,884.243595131338
129.429108436283,-4.94379066928264,896.354941210249
129.418966042424,-4.93110568920261,902.423247724747
129.408779059468,-4.91836429943686,908.5
129.387579801433,-4.89184722658412,921.087941193903
129.376908607762,-4.87849812554444,927.395103104456
129.366189306064,-4.86508813981042,933.711083816563
129.345512135001,-4.83921874358038,945.839249902263
129.335106202853,-4.82619880121155,951.91554374812
129.324655011193,-4.81312156758712,958
129.302960272722,-4.7859735407116,970.572443581608
129.281072155324,-4.75858065110191,983.178802118096
129.259856670871,-4.73202681783676,995.323620858176
129.238458235677,-4.70524128060824,1007.5
129.216233096637,-4.67741804103788,1020.07004160769
129.193811671431,-4.64934612398881,1032.67290433428
129.172066931068,-4.6221186109126,1044.82116506304
129.150136280814,-4.59465552159524,1057
129.127390752476,-4.56616904186928,1069.5546440837
129.104446343469,-4.53743046600813,1082.1409665081
129.082134849428,-4.50948174616882,1094.30565081738
129.059633980144,-4.48129293571755,1106.5
129.036306343254,-4.45206533920685,1119.06540313811
129.012776005999,-4.4225806790398,1131.66158906888
128.966893319034,-4.36507856513621,1156
128.943433428577,-4.33567315188731,1168.33192261882
128.919775144619,-4.30601601459456,1180.69249676883
128.895916089541,-4.27610411598789,1193.08182241803
128.87185384809,-4.24593437078798,1205.5
128.850761911672,-4.21948630199044,1216.32268603573
128.829514365144,-4.19284070950757,1227.16682464455
128.827939901803,-4.19086615048636,1227.96806731163
128.826364581216,-4.18889050324233,1228.76942721957
128.823211365673,-4.18493594072677,1230.37249886094
128.820054713206,-4.18097701518057,1231.97603977464
128.816894618511,-4.17701371982756,1233.58005016674
128.81056408128,-4.16907399267171,1236.78948021112
128.804219711211,-4.16111670463056,1240.00079064521
128.797861465477,-4.15314180099721,1243.21398312205
128.791489301074,-4.14514922684178,1246.42905929664
128.778703044309,-4.12911084729491,1252.86486936871
128.774452028989,-4.12377841758072,1255
128.762572558391,-4.10887643336805,1260.95463912357
128.750645292766,-4.09391375622391,1266.91556486065
128.738669958968,-4.07889003723658,1272.88278717215
128.732664180218,-4.0713551768411,1275.86876266185
128.726646281059,-4.06380492394905,1278.85631604003
128.725425611946,-4.06227340989212,1279.46176837359
128.724204443645,-4.06074126187155,1280.0672855322
128.711885205925,-4.04528440963383,1286.16558487831
128.699515069635,-4.02976291432863,1292.27046329956
128.690811840333,-4.01884202293214,1296.55453045109
128.674620909742,-3.99852447240539,1304.5
128.658513510896,-3.97831042821195,1312.37329995064
128.642320610253,-3.95798776738093,1320.25731532995
128.626041561392,-3.93755566432191,1328.15206802809
128.609675711413,-3.91701328520717,1336.05757999491
128.572289898548,-3.87008172656839,1354
128.563148608984,-3.85860534061348,1358.36264868231
128.539478351647,-3.82888674203859,1369.61505306817
128.51562887796,-3.79894038698505,1380.88870621486
128.49159824856,-3.76876379927639,1392.1836683677
128.467384496185,-3.73835446731403,1403.5
128.440474993664,-3.70455636814464,1416.00091043435
128.413340013066,-3.67047163089494,1428.52728207025
128.39380603657,-3.64593253094642,1437.49595584382
128.359827902183,-3.60324410491839,1453
128.327252175438,-3.56231264459022,1467.75058586692
128.294354260131,-3.5209714928879,1482.53582354711
128.272020958734,-3.49290360356793,1492.51001140198
128.249538113251,-3.46464554104995,1502.5
128.192666830538,-3.39315574025722,1527.54507831142
128.157596006725,-3.34906315770768,1542.83118695309
128.13642766209,-3.32244685120903,1552
128.104911780545,-3.28281643450201,1565.57126913744
128.073109951978,-3.24282225440382,1579.170417641
128.046856037755,-3.20980202888163,1590.32581136295
128.020405832471,-3.17653208441659,1601.5
127.960705139222,-3.10142825363117,1626.48639000535
127.912145572796,-3.04032966424162,1646.57372505332
127.901376947537,-3.02677913144985,1651
127.869948363178,-2.98722891810723,1663.8601754062
127.838248821448,-2.9473339325926,1676.74440637374
127.808860964066,-2.91034492198436,1688.61198033775
127.77923851286,-2.87305740921729,1700.5
127.716451278873,-2.79401290642419,1725.4548124004
127.657845656036,-2.72022010760778,1748.45502649824
127.653883361616,-2.71523058431579,1750
127.621358773544,-2.67427192488112,1762.63439076853
127.588557155012,-2.63296075528089,1775.29117016255
127.557006489244,-2.59322166778773,1787.3853461322
127.525197595545,-2.55315401144989,1799.5
127.45916891334,-2.46997141868257,1824.39975341869
127.427107473294,-2.42957561382377,1836.37139519048
127.394785596903,-2.38884845669183,1848.36269448377
127.393923850504,-2.38776257006894,1848.68134029567
127.393061918281,-2.38667644703281,1849
127.376167182011,-2.36538689175238,1855.23500903794
127.359201005219,-2.34400644772823,1861.47531612652
127.325052572143,-2.30097066562481,1873.9718514899
127.291341665253,-2.25848292940786,1886.22570701501
127.257348398378,-2.21563601180557,1898.5
127.222930705269,-2.17225080516863,1910.84442848281
127.188222902785,-2.12849658445557,1923.2092043829
127.153221409308,-2.08436881806562,1935.59437804998
127.117922583313,-2.03986290025256,1948
127.084189140582,-1.99732764371877,1959.77676083581
127.050182076197,-1.95444444194695,1971.5719790383
127.04819870135,-1.95194329969141,1972.25753325194
127.046214392105,-1.94944096932449,1972.94314986794
127.028434413266,-1.92701893818252,1979.07486614926
127.010579251827,-1.904501314717,1985.21157586195
126.992648442003,-1.88188751076153,1991.35328510815
126.9746415141,-1.85917693333232,1997.5
126.938289613858,-1.81332710202559,2009.84502897631
126.90162689584,-1.76708215145668,2022.2100063482
126.827353367703,-1.67338717035123,2047
126.78686680167,-1.62230895717326,2060.36870830591
126.751721500939,-1.57796658026548,2071.89234040359
126.675897616534,-1.48229218414792,2096.5
126.592535854074,-1.37709400070917,2123.16098513565
126.520102228487,-1.28567661432786,2146
126.516272758048,-1.28084325267618,2147.19913328747
126.438700260524,-1.18293018312468,2171.31202186828
126.359784959671,-1.08331289766128,2195.5
126.318853012341,-1.03163976397467,2207.91232549126
126.277555321212,-0.979502675415135,2220.34447117778
126.238426790323,-0.930102118198774,2232.04013039989
126.194751356868,-0.874958863776849,2245
126.110536896949,-0.768626391264898,2269.71064065429
126.024794133507,-0.660357082857669,2294.5
125.989263768165,-0.615490220931722,2304.66492071891
125.953467424527,-0.570286485688009,2314.84316635167
125.937562881705,-0.550201875414375,2319.34536379588
125.849691154763,-0.439232479728448,2344
125.748051942737,-0.310871396148106,2372.0612614952
125.669206581366,-0.211293963206086,2393.5
125.661247628529,-0.201242129320801,2395.64836841572
125.650763770954,-0.188001418692594,2398.47391666304
125.640257637,-0.174732547392839,2401.3004964165
125.619178258772,-0.148109974505569,2406.95675270202
125.59800892539,-0.121373706650371,2412.61714179685
125.576749064456,-0.0945230352134476,2418.28166823218
125.530137937188,-0.0356541805833421,2430.63099049315
125.483088748605,0.0237680358516177,2443
125.387452061106,0.144554939821367,2467.84827539613
125.339487224513,0.205132861631367,2480.16420665138
125.291065152028,0.266287644898815,2492.5
125.192908734359,0.390251912418696,2517.20988262419
125.092844360056,0.516620837683688,2542
125.035739892249,0.588733860656758,2555.96968856544
124.978001780671,0.661644573588808,2569.96536136428
124.976609063222,0.663403240160603,2570.30136722411
124.975215975025,0.665162373254047,2570.63738807489
124.972428685801,0.668682039727335,2571.3094747533
124.966849651894,0.675726978882572,2572.65382804564
124.955673729091,0.689839322612,2575.34325459725
124.933250197207,0.718154197693649,2580.72498936814
124.8881142401,0.775147326462783,2591.5
124.835788553593,0.84121638765675,2603.89554466347
124.782939717209,0.907943020696061,2616.31173760945
124.709894843768,1.00016367662005,2633.30425228385
124.676537400357,1.0422759089058,2641
124.6226678559,1.11028057226193,2653.34395023328
124.568252897776,1.17896959019994,2665.70856565713
124.513284182224,1.24835310512086,2678.09389820886
124.457753188034,1.31844146337575,2690.5
124.435538999455,1.34647763072226,2695.43330787115
124.385205538388,1.4099995139973,2706.54938086619
124.334403976798,1.47410753124538,2717.68249439006
124.231370157148,1.60411389030833,2740
124.208163519622,1.63339270711084,2744.97932763395
124.155872911404,1.69936137960433,2756.13924688407
124.103152934823,1.76586573890467,2767.30765889383
124.049998090976,1.83291233604104,2778.48457336147
123.996402781575,1.90050783189353,2789.67
123.954843819214,1.9529180679237,2798.28585062775
123.854944479987,2.07888388022303,2818.79348811137
123.753497051382,2.20677467980838,2839.33
123.698281456625,2.27637077524713,2850.3872878975
123.600922528198,2.39906444749401,2869.68099414036
123.551704021987,2.46107967830201,2879.33733150893
123.502120615165,2.52354701509612,2889
123.501540239487,2.52427815132932,2889.1000846569
123.500959782554,2.52500938884528,2889.20017366278
123.499798624849,2.52647216780559,2889.40036472264
123.497475333632,2.5293989420028,2889.80079904268
123.492824844248,2.53525736001169,2890.60187654757
123.483508207896,2.54699371062465,2892.20486752515
123.464812065592,2.57054476049039,2895.41419742546
123.427166372354,2.61796259559264,2901.84628168333
123.389179045985,2.66580596402473,2908.29632769777
123.350845531204,2.71408038425393,2914.76441081194
123.277577092654,2.80633510946061,2927.01472392131
123.20302828813,2.90018233594153,2939.33
123.124331113081,2.99922959354523,2952.17095087527
123.084446201562,3.04941927525637,2958.61750086836
123.044197374269,3.10006065151636,2965.08152815299
122.967162037415,3.19696922626157,2977.33921702579
122.888776665569,3.29555139812726,2989.66
122.806082961918,3.39952413333879,3002.49571543133
122.721875906671,3.50536934740258,3015.39890143113
122.640812760987,3.60723303350281,3027.66381416945
122.55832274752,3.71085888624682,3039.99
122.471361833028,3.82006655029155,3052.81908434385
122.382802914675,3.93124344470014,3065.71352997519
122.297412187168,4.03840606953892,3077.98700900047
122.210509143546,4.14742837054772,3090.32
122.118919343029,4.26228747765766,3103.14955388861
122.025635842006,4.37922416003897,3116.04247592231
121.935607386618,4.49203484065971,3128.32235675033
121.843972217986,4.60681164843317,3140.66
121.747472072337,4.72762929348765,3153.48051912725
121.649173841042,4.85064109426938,3166.3623986169
121.554150296651,4.96949882475421,3178.6481624524
121.457414343454,5.09044047518196,3190.99
121.251747414132,5.34736954062329,3216.69183982688
121.151359684886,5.47267643672642,3228.97873402073
121.049142316314,5.60019604871835,3241.32
120.837245382669,5.86430919508661,3266.37483646147
120.617325116183,6.13807424213273,3291.65
120.537657188134,6.23715724519074,3300.62894076405
120.479981541227,6.30885766493398,3307.07193322699
120.387207601083,6.42413606660417,3317.33618064189
120.190802531432,6.66795494530706,3338.6688674973
120.15987339293,6.70632176074765,3341.98
120.025735623471,6.87262340333937,3356.19208780315
119.888665579496,7.04240177334723,3370.47067351015
119.782431588496,7.17387317014541,3381.37088028597
119.674396246218,7.30747099108811,3392.31
119.673855972585,7.30813883636128,3392.36434000005
119.573837679349,7.4317281496402,3402.36247766525
119.244436015128,7.83810159401487,3434.44472730291
119.158148476976,7.94438100876398,3442.64
118.899473942366,8.26254793009368,3466.70910756626
118.669068479939,8.54537391902404,3487.5369695979
118.607926993621,8.62033349510626,3492.97
118.53836964589,8.70556302260253,3499.1039710572
118.15871126435,9.1698448748908,3531.7293278752
118.019984955892,9.33909559554836,3543.3
117.759232376639,9.65662961465324,3564.56143118921
117.486308136764,9.98813538139557,3586.15679406558
117.389755292242,10.1051995411105,3593.64
117.339080441985,10.1665943075011,3597.53542656682
116.894672387845,10.7036516417805,3630.78033222899
116.712167362991,10.9234803043209,3643.97
116.424571372329,11.269009983205,3664.23116754033
116.07165146972,11.6915103869106,3688.25154454241
115.980638517269,11.8001909753363,3694.3
115.926290120551,11.8650348275983,3697.88393367011
115.395504226407,12.496129042931,3731.82301655774
115.187229558825,12.7426529484899,3744.63
114.829690908218,13.1643517950663,3765.97595971175
114.337717186097,13.7414289060272,3794.08314579437
114.321959196946,13.7598506440479,3794.96
114.224666764202,13.8735029422521,3800.34253176438
113.573787330358,14.629933350773,3835.00544199814
113.372047085346,14.8629861530725,3845.29
112.871708386661,15.4380420955614,3869.90796215946
112.804655602161,15.5147849800221,3873.11357344114
112.737095580364,15.592030288018,3876.32157748084
112.600424906179,15.7480529465122,3882.74477455844
112.32066913721,16.0664072626472,3895.62
112.265313425618,16.129237847157,3898.12496232423
112.142405432639,16.2685489501003,3903.63740321895
111.881369218301,16.5635309745956,3915.12230326423
111.612628092119,16.8659404016322,3926.63688105051
111.144991389384,17.3890228120251,3945.95
110.908790443504,17.6516920788663,3955.36729693952
110.876429222293,17.687598496085,3956.64036192071
110.843954380486,17.723611242719,3957.91377751133
110.811365140308,17.7597309479886,3959.18754385624
110.778660715533,17.7959582474083,3960.46166110037
110.712903129555,17.8687381969187,3963.01094886649
110.64667515357,17.9419563105519,3965.5616419708
110.579970180143,18.0156179085739,3968.11374157569
110.512781453703,18.0897284211812,3970.66724884483
110.376924996287,18.2393184305383,3975.77849103703
110.23904854891,18.3907721565506,3980.89537788254
110.099092235439,18.5441373536031,3986.01791873711
109.956993313599,18.6994638879714,3991.1461229772
109.81268598108,18.8568038754095,3996.28
109.516027170023,19.1789786279065,4006.60462496822
109.209651308905,19.5098900517482,4016.9514704491
108.754059177918,19.998518686231,4031.76290879415
108.275108761625,20.5077008162121,4046.62
107.852227890339,20.953396059406,4059.15515007181
107.409337506509,21.4162391684473,4071.72178746951
106.944365797805,21.897777439877,4084.32003098289
106.454872203411,22.3998175646711,4096.95
105.689263924771,23.1748824016046,4115.46827673018
104.853916300371,24.0062477503549,4134.052414461
104.210562208057,24.6362658341894,4147.28
102.849398486476,25.9394939138452,4172.38680079322
101.230571949088,27.4364808573888,4197.61
99.2228951190823,29.2128578291392,4222.71938602743
96.4226409460159,31.5429714323435,4247.94
95.3473061711261,32.3926538201343,4254.9698984375
89.1634056212229,36.8106358962902,4272.17742227085
82.2548540372499,40.8704778110133,4254.9698984375
80.8868610516247,41.5743722237784,4247.94
77.0542947454122,43.3848173256551,4222.71938602743
74.0455459957816,44.6489355831471,4197.61
71.4476640578514,45.6366894075295,4172.38680079322
69.1381835031799,46.4385948440194,4147.28
68.005579428582,46.806762900705,4134.052414461
66.4949085693084,47.2729961056017,4115.46827673018
65.0701310497839,47.6874262227441,4096.95
64.1388732875024,47.9453745520122,4084.32003098289
63.2395283472852,48.1849859815594,4071.72178746951
62.3695195645857,48.4080534984596,4059.15515007181
61.5266430946096,48.6161116306188,4046.62
60.5576758171806,48.8456620473179,4031.76290879415
59.6218892417133,49.0577321029723,4016.9514704491
58.9849152640243,49.19675774676,4006.60462496822
58.3622941446169,49.3285327462211,3996.28
58.0573545158776,49.3915996332504,3991.1461229772
57.7557630380637,49.4530283835621,3986.01791873711
57.4574445674219,49.5128698268212,3980.89537788254
57.1623271112736,49.5711725517421,3975.77849103703
56.8703416310736,49.6279830423049,3970.66724884483
56.7255025224147,49.6558426907125,3968.11374157569
56.5814217660784,49.6833458214277,3965.5616419708
56.438091484753,49.7104977073356,3963.01094886649
56.2955039542896,49.7373035116329,3960.46166110037
56.224486341911,49.7505782185242,3959.18754385624
56.1536515878364,49.7637682930935,3957.91377751133
56.0829987676359,49.7768743512777,3956.64036192071
56.012526965634,49.7898970027296,3955.36729693952
55.4961676169921,49.8838031498909,3945.95
54.4636201034623,50.0636621444152,3926.63688105051
53.8641600968755,50.1632861524006,3915.12230326423
53.277706633906,50.2573749787927,3903.63740321895
53.0001665517405,50.3007472882255,3898.12496232423
52.8748745188752,50.3200850769702,3895.62
52.2389202015216,50.4159277707984,3882.74477455844
51.9265767800635,50.4615923671108,3876.32157748084
51.7717792779729,50.4838816995282,3873.11357344114
51.6178853730643,50.5058167940259,3869.90796215946
50.4615341235149,50.663530676396,3845.29
49.9913599362449,50.7240963573808,3835.00544199814
48.4595991723249,50.907302150947,3800.34253176438
48.2287436431088,50.9330564030073,3794.96
48.1913079337418,50.9371871778379,3794.08314579437
47.0163436264211,51.060405866832,3765.97595971175
46.1551443482606,51.1428555146293,3744.63
45.6507593276436,51.1880786408908,3731.82301655774
44.356723769041,51.2938185055502,3697.88393367011
44.2235520225874,51.3038647194668,3694.3
44.0002695715119,51.3203601601591,3688.25154454241
43.1313341095844,51.3804097857051,3664.23116754033
42.4197218763898,51.4246942309104,3643.97
41.9665857514715,51.4506065985695,3630.78033222899
40.8584285386048,51.5065098586947,3597.53542656682
40.7316606475974,51.5122312153219,3593.64
40.4899042477966,51.5227597270682,3586.15679406558
39.8050251676384,51.5498650054951,3564.56143118921
39.1487165050541,51.5720725440468,3543.3
38.7988074386672,51.5824084687824,3531.7293278752
37.838776190356,51.6054046013824,3499.1039710572
37.6625287490568,51.60877343609,3492.97
37.5075192424792,51.6115178268219,3487.5369695979
36.9226870978743,51.6200318285651,3466.70910756626
36.2648871943003,51.6261336870081,3442.64
36.045199287212,51.627352541932,3434.44472730291
35.2054671427484,51.628232928659,3402.36247766525
34.9501874970748,51.627313342074,3392.36434000005
34.9488081858878,51.6273068697778,3392.31
34.6729222884812,51.625687372286,3381.37088028597
34.4015014210407,51.6234630050234,3370.47067351015
34.0511153098329,51.6196656953081,3356.19208780315
33.7080468156279,51.6149364324095,3341.98
33.6289201948707,51.6137036072828,3338.6688674973
33.126277188934,51.6046282212472,3317.33618064189
32.8887551795549,51.5995914221146,3307.07193322699
32.7410667464931,51.5962173186561,3300.62894076405
32.5370342657451,51.5912502302163,3291.65
31.9736696420388,51.5756920673085,3266.37483646147
31.4307303691053,51.5581339516719,3241.32
31.1688008098074,51.5487622357479,3228.97873402073
30.9115591709282,51.5389866817209,3216.69183982688
30.3845773034317,51.5171896370182,3190.99
30.13674372138,51.5061147390136,3178.6481624524
29.893328700153,51.4947234437181,3166.3623986169
29.6415659009599,51.482405176242,3153.48051912725
29.3944565627385,51.4697836531444,3140.66
29.1598563481681,51.4573137541567,3128.32235675033
28.9294247911692,51.4446028113935,3116.04247592231
28.6907263084968,51.430951814352,3103.14955388861
28.456432298636,51.4170730777164,3090.32
28.2341980527751,51.4034690426792,3077.98700900047
28.0159037776594,51.389688904747,3065.71352997519
27.7895920106232,51.3749654538596,3052.81908434385
27.5674505739969,51.3600798720097,3039.99
27.3568145083515,51.3455680789843,3027.66381416945
27.1499067308866,51.3309362093111,3015.39890143113
26.9350682566318,51.315347626644,3002.49571543133
26.7241887601266,51.2996534983311,2989.66
26.5243900128062,51.28442448263,2977.33921702579
26.3281254918631,51.2691237468582,2965.08152815299
26.225620711656,51.2609979474037,2958.61750086836
26.1240691648469,51.2528565809209,2952.17095087527
25.9237763598617,51.2365330005936,2939.33
25.7341416251901,51.2207521126227,2927.01472392131
25.5478620517405,51.2049413194513,2914.76441081194
25.4504418230414,51.1965504583159,2908.29632769777
25.3539290220432,51.1881549452397,2901.84628168333
25.2583117731373,51.1797559934969,2895.41419742546
25.2108353074058,51.175555594532,2892.20486752515
25.1871794842751,51.1734552273683,2890.60187654757
25.1753720970267,51.1724050096272,2889.80079904268
25.1694735247559,51.1718798931792,2889.40036472264
25.1665255177456,51.1716173331806,2889.20017366278
25.1650518338701,51.1714860527526,2889.1000846569
25.1635783630237,51.1713547720446,2889
25.0377199170517,51.1600701650683,2879.33733150893
24.9128372881565,51.1487340431735,2869.68099414036
24.665956773954,51.1259156489206,2850.3872878975
24.526032793218,51.1127419581616,2839.33
24.2691269979944,51.0880998414021,2818.79348811137
24.0163713460732,51.0632801269692,2798.28585062775
23.9112919348171,51.0527933556812,2789.67
23.775840551862,51.0391294222497,2778.48457336147
23.6415715982077,51.0254221990276,2767.30765889383
23.5084704042976,51.0116742374766,2756.13924688407
23.3765225329644,50.9978880143842,2744.97932763395
23.317986309606,50.99172178142,2740
23.0582640731496,50.9639896082747,2717.68249439006
22.9303097409406,50.9501030057775,2706.54938086619
22.8036032293552,50.9362057965019,2695.43330787115
22.7477045717349,50.9300285717906,2690.5
22.6080289530497,50.9144694707527,2678.09389820886
22.4698527286141,50.8989030796982,2665.70856565713
22.333153154278,50.8833321969558,2653.34395023328
22.1979079292213,50.8677595119036,2641
22.1142030284669,50.8580378399747,2633.30425228385
21.9310243161261,50.8365398801024,2616.31173760945
21.7985922220412,50.82080649254,2603.89554466347
21.6675549216929,50.805080727631,2591.5
21.5545904465192,50.7913974976689,2580.72498936814
21.4984933155965,50.7845589982339,2575.34325459725
21.4705403034229,50.7811406049384,2572.65382804564
21.4565875959402,50.7794316319284,2571.3094747533
21.4496171806788,50.7785772025146,2570.63738807489
21.4461334562744,50.7781500022275,2570.30136722411
21.442650720158,50.7777228116097,2569.96536136428
21.2983204349303,50.7599212172798,2555.96968856544
21.1556788870634,50.7421394500998,2542
20.9059830085153,50.7105603029433,2517.20988262419
20.6613702158594,50.6790648720129,2492.5
20.5408185575826,50.6633390448872,2480.16420665138
20.4214842165925,50.6476390781984,2467.84827539613
20.1837822348961,50.6159714782765,2443
20.0669606956063,50.6002150030341,2430.63099049315
19.9513043873805,50.5844901287207,2418.28166823218
19.8985780633653,50.5772798397469,2412.61714179685
19.8460924232773,50.5700766242208,2406.95675270202
19.7938459075022,50.5628806053564,2401.3004964165
19.7678118361819,50.5592853323283,2398.47391666304
19.7418369669995,50.5556919035542,2395.64836841572
19.7221204912269,50.5529600532566,2393.5
19.5269246902116,50.5257175018044,2372.0612614952
19.2756388633943,50.4901192227922,2344
19.0587047814711,50.4589084834819,2319.34536379588
19.0194718063996,50.4532164730443,2314.84316635167
18.9312057897826,50.4403573878999,2304.66492071891
18.8436446330888,50.427528079046,2294.5
18.6325428014435,50.3962987234294,2269.71064065429
18.4254862991039,50.3652562006158,2245
18.318213930027,50.3490129455426,2232.04013039989
18.2221746488863,50.3343774078412,2220.34447117778
18.1208786692058,50.3188452517187,2207.91232549126
18.0205485483841,50.3033643771021,2195.5
17.8273105672713,50.2732758957097,2171.31202186828
17.6376132984789,50.2433896958719,2147.19913328747
17.6282551784012,50.2419063877081,2146
17.4513651015634,50.213709590961,2123.16098513565
17.2480641825303,50.1809294938252,2096.5
17.0634065829399,50.1508085065149,2071.89234040359
16.9779003418995,50.1367487810429,2060.36870830591
16.8794662183769,50.1204753091112,2047
16.6990745668428,50.0904073858396,2022.2100063482
16.6101204030943,50.0754635026689,2009.84502897631
16.5219797067531,50.0605800011113,1997.5
16.4783411491313,50.0531830317891,1991.35328510815
16.4349015684053,50.0458012707687,1985.21157586195
16.3916596768144,50.0384347408614,1979.07486614926
16.3486141974066,50.0310834636755,1972.94314986794
16.3438110566109,50.0302620595303,1972.25753325194
16.3390103560705,50.0294408465402,1971.5719790383
16.2567250621246,50.0153298689021,1959.77676083581
16.1751539085778,50.0012757108335,1948
16.08985325809,49.9865089894094,1935.59437804998
16.005327685643,49.971805770326,1923.2092043829
15.9215672157384,49.9571661555647,1910.84442848281
15.8385620391273,49.9425902302292,1898.5
15.7566346083632,49.9281367864172,1886.22570701501
15.6754410692183,49.9137472862993,1873.9718514899
15.5932481512285,49.8991141488123,1861.47531612652
15.5524321694101,49.8918226187795,1855.23500903794
15.5118015693127,49.884547783637,1849
15.5097290476942,49.8841762630155,1848.68134029567
15.5076570080571,49.8838047861492,1848.36269448377
15.4299655928391,49.8698454239757,1836.37139519048
15.3529492448483,49.8559481178307,1824.39975341869
15.1944932490137,49.8271695424332,1799.5
15.1182328062281,49.8132299473885,1787.3853461322
15.0426396834959,49.7993549917642,1775.29117016255
14.9641004803228,49.7848787505411,1762.63439076853
14.8862762243803,49.770473359565,1750
14.8767988391169,49.7687149346575,1748.45502649824
14.7367100973894,49.7426178876909,1725.4548124004
14.5868129879228,49.7144752350795,1700.5
14.5161604823053,49.7011320357262,1688.61198033775
14.4461105177581,49.6878529400239,1676.74440637374
14.3705985196885,49.6734829512247,1663.8601754062
14.2957814985404,49.6591883855137,1651
14.2701577207613,49.6542796811451,1646.57372505332
14.1546833046457,49.6320759422266,1626.48639000535
14.0128782541284,49.6046242748503,1601.5
13.9501096688408,49.5924078461425,1590.32581136295
13.8878420664448,49.5802493198114,1579.170417641
13.8124632790107,49.5654778391565,1565.57126913744
13.737813270789,49.5507920804748,1552
13.6877015139355,49.5409017821045,1542.83118695309
13.6047291599296,49.5244695451893,1527.54507831142
13.4703150554536,49.4977000504874,1502.5
13.4172235067321,49.4870754986381,1492.51001140198
13.3645110925056,49.4764982066281,1482.53582354711
13.2869107440489,49.4608749639836,1467.75058586692
13.2101260651229,49.4453549967197,1453
13.1300949718035,49.429114251921,1437.49595584382
13.084112666332,49.419753183078,1428.52728207025
13.0202711901896,49.4067201798528,1416.00091043435
12.9569985660406,49.3937617774254,1403.5
12.9000972189505,49.3820728864993,1392.1836683677
12.8436569235466,49.3704456109573,1380.88870621486
12.7876724274735,49.3588796416509,1369.61505306817
12.7321385558655,49.347374668211,1358.36264868231
12.7106997532707,49.3429246236998,1354
12.6230663406241,49.3246849636987,1336.05757999491
12.5847278571496,49.3166802544565,1328.15206802809
12.54660695981,49.3087058167624,1320.25731532995
12.5087019127521,49.3007615357795,1312.37329995064
12.4710109980689,49.2928472965476,1304.5
12.4331386980125,49.2848800592306,1296.55453045109
12.4127867625232,49.2805924225754,1292.27046329956
12.3838670361011,49.2744923374764,1286.16558487831
12.3550745166428,49.268410413495,1280.0672855322
12.3522208491909,49.2678071539848,1279.46176837359
12.349368428834,49.2672040731318,1278.85631604003
12.3353071733104,49.2642298915331,1275.86876266185
12.3212761912477,49.2612600547989,1272.88278717215
12.2933046829315,49.2553333899103,1266.91556486065
12.2654531732289,49.2494240253596,1260.95463912357
12.2377209388963,49.2435319084055,1255
12.2277989438777,49.2414218819927,1252.86486936871
12.1979613599249,49.2350703690749,1246.42905929664
12.1830948063291,49.2319022540766,1243.21398312205
12.1682629267707,49.2287392219747,1240.00079064521
12.1534656076498,49.2255812640985,1236.78948021112
12.1387027358492,49.22242837178,1233.58005016674
12.1313341823426,49.2208538224684,1231.97603977464
12.1239741984649,49.219280536297,1230.37249886094
12.1166227702109,49.2177085121832,1228.76942721957
12.1129502600577,49.2169229730561,1227.96806731163
12.1092798835721,49.2161377490375,1227.16682464455
12.0597609984537,49.2055300879643,1216.32268603573
12.0106291616583,49.194979908255,1205.5
11.9546079815232,49.1829194317836,1193.08182241803
11.8990911922976,49.1709349962771,1180.69249676883
11.8440724394159,49.1590260773564,1168.33192261882
11.789545471802,49.1471921520737,1156
11.6829897537018,49.1239759901599,1131.66158906888
11.6283891922881,49.1120332714113,1119.06540313811
11.5742892698744,49.1001689753712,1106.5
11.522135353835,49.0887021290992,1094.30565081738
11.4704481820825,49.0773094841578,1082.1409665081
11.4173237079892,49.0655705262475,1069.5546440837
11.3646887052751,49.0539101984966,1057
11.3139667751682,49.0426458430785,1044.82116506304
11.2637014049235,49.0314559056755,1032.67290433428
11.2118995639239,49.019895801717,1020.07004160769
11.160579078975,49.0084149438499,1007.5
11.1111938037875,48.9973405108702,995.323620858176
11.0622562240131,48.9863408118465,983.178802118096
11.0117937022312,48.9749715792266,970.572443581608
10.9618037244909,48.9636819852169,958
10.9377311294931,48.9582359678495,951.91554374812
10.9137689281091,48.9528087683671,945.839249902263
10.8661729064131,48.9420105161754,933.711083816563
10.8415080873319,48.9364051904804,927.395103104456
10.8169604458924,48.9308200218025,921.087941193903
10.7682136185518,48.9197098117707,908.5
10.7447981652405,48.9143639779381,902.423247724747
10.7214910753348,48.909037039222,896.354941210249
10.6751992166245,48.8984395280293,884.243595131338
10.6511438635212,48.8929234873044,877.918955197763
10.627204161413,48.8874277890881,871.60348931928
10.579668641362,48.8764970602419,859
10.5568187440904,48.8712341012003,852.91138122816
10.5340756580452,48.8659901598859,846.831503704974
10.4889071664964,48.8555589986927,834.697897215213
10.4655194414079,48.8501492200343,828.384305116467
10.4422448882674,48.8447597611979,822.080138932514
10.396032279421,48.8340414331984,809.5
10.3517771801259,48.8237554994401,797.373209296456
10.3298058233968,48.8186409723362,791.323321138095
10.3079376941295,48.8135452913055,785.282411049003
10.2623329332892,48.8029018875832,772.621532191134
10.2396983288003,48.7976109818569,766.3058592348
10.2284226384001,48.7949731853651,763.151704332378
10.2171745641205,48.7923404770207,760
10.1732761517217,48.7820525589804,747.624980525305
10.1398190996508,48.7741976196419,738.10585056905
10.1068933557266,48.7664555614455,728.662576868828
10.0744875504498,48.7588242676274,719.29425629553
10.0425906213648,48.7513016695941,710
10.021769019688,48.7463851208266,703.893262828064
10.0011621243013,48.7415146287649,697.818265601651
10.0008115684225,48.7414317340411,697.714649662011
9.96058065192089,48.7319095883131,685.762506287605
9.95989388087064,48.7317468854422,685.557420936635
9.94026023806509,48.7270933091215,679.679239165515
9.92082272898105,48.7224820856403,673.830777988988
9.90932464838761,48.7197524213637,670.357470241551
9.89789481125162,48.7170375305813,666.894602614602
9.88653267042061,48.7143373084326,663.442128107172
9.88087681548006,48.7129926652967,661.719773662561
9.87523768195105,48.7116516504091,660
9.83681882201309,48.7025062199087,647.44308825296
9.83472299228454,48.7020068543389,646.754516626808
9.79913448839463,48.6935199963149,635.004994961893
9.79502485482637,48.6925390738483,633.641205778202
9.76216579282685,48.6846893596979,622.6840416075
9.75612114276004,48.6832440666186,620.658098913648
9.72589445878906,48.6760107902209,610.478581138349
9.72447931380849,48.6756718998788,610
9.71799048370617,48.6741177138385,607.803266391352
9.69030279711382,48.6674808648335,598.386997236882
9.6885670600159,48.667064522444,597.794365946859
9.65332968817293,48.6586051868934,585.703166460287
9.61875009649556,48.6502905498525,573.724799718285
9.57952772522796,48.6408437071283,560
9.56023086491798,48.6361898043291,553.192741540924
9.54501719988559,48.6325177842017,547.800018114301
9.53649265099176,48.630459161477,544.768301784382
9.52800880464508,48.6284095767484,541.743844590016
9.51956539845141,48.6263689778308,538.726620490491
9.51116217215584,48.6243373129085,535.716603569497
9.50771790693996,48.6235043620813,534.480806121155
9.50599830069523,48.6230884489089,533.863362308618
9.50513912819412,48.6228806326898,533.554754032585
9.50428037573975,48.6226729099756,533.246221472873
9.50043365600109,48.6217423317115,531.863248856533
9.49659535666703,48.6208136285812,530.481796516729
9.4946793568115,48.620349978623,529.791639667362
9.49276545272529,48.6198867955841,529.101861948018
9.49085364130977,48.6194240788452,528.412463046378
9.48989851938013,48.6191928951434,528.067905554689
9.48942115419172,48.6190773469258,527.895662281578
9.48894391945718,48.6189618277844,527.723442650462
9.47989364203961,48.6167706499433,524.453026404614
9.47794593110268,48.6162989687822,523.748093657487
9.45584396899599,48.6109435724328,515.721110339925
9.44017651439322,48.6071440335895,510
9.41630181969175,48.6013489570667,501.231837635871
9.38809566611701,48.5944944359333,490.793867695779
9.36035507886378,48.587744519395,480.443297181012
9.33306973298302,48.5810971124463,470.179032946135
9.30622959170044,48.574550171481,460
9.29341295081294,48.5714210925691,455.110153799645
9.28069696115726,48.5683147982332,450.239855181777
9.26808055793856,48.5652310700344,445.388987165494
9.25556269057736,48.5621696921081,440.55743370145
9.24314232247991,48.5591304511282,435.745079662605
9.23081843081275,48.5561131362723,430.951810835079
9.21859000628167,48.5531175391873,426.177513909115
9.20645605291477,48.550143453955,421.42207647015
9.1991660373301,48.5483558578401,418.556340878194
9.19190997329957,48.5465760045778,415.697432495386
9.18468764767307,48.5448038499388,412.845326953464
9.18108907015322,48.5439206457532,411.421817664446
9.1774988480697,48.5430393497787,410
9.15171559468156,48.5367061230738,399.307878836069
9.12632767129841,48.5304628271333,388.697138499809
9.10132692786625,48.5243077836956,378.166853394176
9.07670542590867,48.5182393529235,367.716111905669
9.05864751768205,48.5137843803632,360
9.05245540725392,48.5122559262914,357.344016141245
9.03589141669322,48.5081652023108,350.213610508655
9.02856935934747,48.5063559432748,347.049681671167
9.01345827014781,48.5026201604824,340.49665633665
8.99134194141732,48.4971479741061,330.84840112145
8.96953639351814,48.4917473779013,321.268118876023
8.94408549375387,48.4854372692315,310
8.92216096103097,48.4799957031984,300.217481876511
8.90055085590559,48.4746269583318,290.505624974055
8.87924911993437,48.4693297514398,280.863666446062
8.85824984158239,48.4641028271511,271.290854387338
8.83367224800229,48.4579790046863,260
8.81255211663299,48.452711291204,250.221496159884
8.79173819549115,48.4475151005869,240.514923480173
8.77122452334667,48.4423891532877,230.879491175603
8.75100528494097,48.4373321979539,221.314420010072
8.73908839229733,48.434349579303,215.644922069009
8.72727295808315,48.4313907935365,210
8.71597777018498,48.428560833152,204.581591531031
8.70471209262217,48.4257368512792,199.16578174378
8.68226883190951,48.4201067567127,188.341950740003
8.67019917164055,48.4170766527739,182.501932901358
8.65816340800397,48.4140534418327,176.664936727765
8.63419303174405,48.4080276164939,165
8.62898934566745,48.4067186343794,162.460614540196
8.60864742119126,48.4015987449447,152.509498489537
8.58840239327108,48.3964986592882,142.567164179106
8.57636770764186,48.3934647380607,136.638571687629
8.56292481791105,48.3900738993044,130
8.55952073070087,48.3892149310632,128.316210957766
8.54274071394485,48.3849788644365,120
8.52700956521103,48.3810047246449,112.178010498598
8.50416990825867,48.3752298490099,100.775120697231
8.49254153893921,48.3722874424891,94.9483509011809
8.48095238212777,48.3693534537442,89.126912393105
8.4694022533096,48.3664278509479,83.3107978594423
8.45789096909297,48.3635106024174,77.5
8.4474307972614,48.3608584463386,72.2074135776759
8.43700261816727,48.3582131830086,66.9192339716901
8.426606295279,48.3555747887357,61.6354556803995
8.41624169281887,48.3529432399259,56.3560732113143
8.40577019176848,48.3502833281456,51.0103056534594
8.39533098997829,48.3476303983474,45.6690413893526
8.38492394846591,48.3449844262794,40.3322747310044
8.37973244441696,48.3436640417983,37.6655762291114
8.37713968905696,48.343004498634,36.332647874741
8.37584405960651,48.3426748891573,35.6662888829499
8.37454892862016,48.3423453876887,35
8.37150328168791,48.3415704536516,33.125
8.368459543515,48.3407959014137,31.25
8.3623777862901,48.3392479412711,27.5
8.35630364265388,48.3377015051346,23.75
8.35326942147508,48.3369288579051,21.875
8.35175302276701,48.3365426768841,20.9375
8.35099500128605,48.3363496220075,20.46875
8.35023709835021,48.3361565908814,20
8.34637491519801,48.3351728272025,17.3283812080545
8.34251614862936,48.3341897667481,14.6567624161089
8.33722930390542,48.332842617596,10.9925718120812
8.33194886589295,48.3314967880505,7.32838120805445
8.32667482297444,48.3301522762568,3.66419060402677
8.32404019605255,48.3294805139381,1.83209530201384
8.32272348059297,48.3291447560722,0.916047651006011
8.32206527228449,48.3289769079499,0.458023825503005
8.32140716356015,48.3288090803633,0
