-65.72,-22,276
-65.7126150538586,-21.9918473726965,280.863666446062
-65.6978993526411,-21.9755981629088,290.505624974055
-65.68297509162,-21.9591135201055,300.217481876511
-65.6678382699463,-21.9423888076663,310
-65.6502726049471,-21.9229737902939,321.268118876023
-65.6352278101758,-21.9063393513026,330.84840112145
-65.6199732234818,-21.889467590495,340.49665633665
-65.6095531291309,-21.8779397343728,347.049681671167
-65.6045048669257,-21.8723538850267,350.213610508655
-65.5930865424003,-21.8597174481389,357.344016141245
-65.5888187017948,-21.8549935360822,360
-65.5763745685248,-21.8412171829178,367.716111905669
-65.5594122681149,-21.8224331849318,378.166853394176
-65.5421945411413,-21.803359510562,388.697138499809
-65.5247161737693,-21.7839900776613,399.307878836069
-65.5069718167406,-21.764318641062,410
-65.5044982227562,-21.7615758300608,411.421817664446
-65.5020189827856,-21.7588266164941,412.845326953464
-65.4970434959492,-21.7533089013516,415.697432495386
-65.4920452157024,-21.7477653320024,418.556340878194
-65.4870240010772,-21.7421957442287,421.42207647015
-65.4786673859689,-21.7329251995865,426.177513909115
-65.4702469778625,-21.7235822513524,430.951810835079
-65.4617621185066,-21.7141661319887,435.745079662605
-65.4532121410308,-21.7046760636016,440.55743370145
-65.4445963698086,-21.6951112577705,445.388987165494
-65.4359141203163,-21.6854709153742,450.239855181777
-65.4271646989911,-21.6757542264132,455.110153799645
-65.4183474030844,-21.6659603698285,460
-65.3998870229668,-21.6454495923129,470.179032946135
-65.3811266299278,-21.6245974174331,480.443297181012
-65.3620596086084,-21.6033961013907,490.793867695779
-65.3426791577954,-21.5818376758878,501.231837635871
-65.3262800101652,-21.5635888263061,510
-65.3155208466454,-21.5516127408146,515.721110339925
-65.3003464171347,-21.5347174629748,523.748093657487
-65.299009380085,-21.5332285455779,524.453026404614
-65.292797082815,-21.5263100238999,527.723442650462
-65.2924695177156,-21.5259451959728,527.895662281578
-65.2921418649461,-21.5255802679298,528.067905554689
-65.2914862962713,-21.5248501113482,528.412463046378
-65.2901741054956,-21.5233885951642,529.101861948018
-65.288860508445,-21.5219254729462,529.791639667362
-65.2875455030836,-21.5204607423002,530.481796516729
-65.284911259343,-21.51752644621,531.863248856533
-65.2822713578355,-21.5145856875638,533.246221472873
-65.2816820354117,-21.5139291809244,533.554754032585
-65.2810924307764,-21.5132723518963,533.863362308618
-65.2799123741479,-21.5119577258226,534.480806121155
-65.2775488663665,-21.5093245956111,535.716603569497
-65.2717828506999,-21.5029002691041,538.726620490491
-65.2659898465501,-21.4964451018963,541.743844590016
-65.2601696830253,-21.4899588928293,544.768301784382
-65.254322187859,-21.4834414390727,547.800018114301
-65.2438877012996,-21.4718094984975,553.192741540924
-65.2306554105896,-21.457055076715,560
-65.2037690517286,-21.4270635324468,573.724799718285
-65.1800755446913,-21.4006198155659,585.703166460287
-65.1559412097125,-21.3736708402576,597.794365946859
-65.1547526472176,-21.3723433173021,598.386997236882
-65.1357964909761,-21.3511665230902,607.803266391352
-65.1313548473669,-21.3462033657661,610
-65.1303862164945,-21.3451209433645,610.478581138349
-65.109700614342,-21.3220001259299,620.658098913648
-65.1055648320149,-21.3173762804207,622.6840416075
-65.0830875331249,-21.2922395783077,633.641205778202
-65.0802769294673,-21.2890956230078,635.004994961893
-65.0559432834883,-21.2618683150354,646.754516626808
-65.054510568907,-21.2602648046565,647.44308825296
-65.0282534193771,-21.2308691783797,660
-65.0243885692073,-21.2265410355666,661.719773662561
-65.020512473383,-21.2221999555664,663.442128107172
-65.0127263688427,-21.2134787750752,666.894602614602
-65.0048947465669,-21.2047052105936,670.357470241551
-64.9970172454456,-21.1958788332671,673.830777988988
-64.983702331808,-21.1809568575903,679.679239165515
-64.9702556134944,-21.1658830534193,685.557420936635
-64.9697853029656,-21.1653557593254,685.762506287605
-64.9422400442562,-21.1344642530296,697.714649662011
-64.9420000728788,-21.1341950533022,697.818265601651
-64.9278951378026,-21.1183698353489,703.893262828064
-64.9136460655278,-21.1023782864194,710
-64.8918231746197,-21.0778777520939,719.29425629553
-64.8696588787019,-21.0529827975301,728.662576868828
-64.8471458937823,-21.027684723868,738.10585056905
-64.8242767365903,-21.0019745856016,747.624980525305
-64.7942813138292,-20.9682348390469,760
-64.7865977788508,-20.959588873312,763.151704332378
-64.7788966244055,-20.9509217326148,766.3058592348
-64.7634412323885,-20.9335236372763,772.621532191134
-64.7323165247148,-20.8984701438884,785.282411049003
-64.7173989714115,-20.8816617812766,791.323321138095
-64.7024156782938,-20.8647742559666,797.373209296456
-64.6722502569455,-20.8307596337976,809.5
-64.640770773629,-20.7952412482274,822.080138932514
-64.6249242381065,-20.7773530541101,828.384305116467
-64.609005907886,-20.7593780836935,834.697897215213
-64.5782778672805,-20.7246637570838,846.831503704974
-64.562813188205,-20.7071847879991,852.91138122816
-64.5472808579124,-20.6896239073765,859
-64.5149843333434,-20.6530919265211,871.60348931928
-64.4987274075315,-20.6346940991112,877.918955197763
-64.4823974335167,-20.6162075914401,884.243595131338
-64.4509876442655,-20.5806328986938,896.354941210249
-64.4351810647035,-20.5627219614379,902.423247724747
-64.4193061492667,-20.5447279179117,908.5
-64.3862739630283,-20.5072680840755,921.087941193903
-64.3696482730229,-20.4884045787114,927.395103104456
-64.352948914035,-20.4694512226775,933.711083816563
-64.32074002817,-20.4328772144068,945.839249902263
-64.3045324692019,-20.4144642945622,951.91554374812
-64.2882556170779,-20.3959667101283,958
-64.2544717527673,-20.3575545474044,970.572443581608
-64.2203920336881,-20.3187800404921,983.178802118096
-64.1873646220135,-20.2811779528339,995.323620858176
-64.1540573633151,-20.2432325042423,1007.5
-64.1194685944498,-20.2038008049099,1020.07004160769
-64.08457979371,-20.1639999612651,1032.67290433428
-64.0507491254262,-20.1253802566953,1044.82116506304
-64.0166343357765,-20.0864103438041,1057
-63.9812573714877,-20.0459712198251,1069.5546440837
-63.9455766791141,-20.0051566701003,1082.1409665081
-63.910885570756,-19.9654469285916,1094.30565081738
-63.8759052968115,-19.9253791027724,1106.5
-63.8396453104883,-19.8838167631245,1119.06540313811
-63.8030760121336,-19.8418703428828,1131.66158906888
-63.731784598357,-19.7600111365035,1156
-63.6953415148814,-19.7181225419994,1168.33192261882
-63.6585959467926,-19.6758565683833,1180.69249676883
-63.6215442877282,-19.6332083609744,1193.08182241803
-63.5841828733231,-19.590172982224,1205.5
-63.5514382073192,-19.5524302218042,1216.32268603573
-63.5184564484649,-19.5143903499439,1227.16682464455
-63.5160126469123,-19.5115708137642,1227.96806731163
-63.5135675392912,-19.5087496394526,1228.76942721957
-63.508673401856,-19.5031023710317,1230.37249886094
-63.5037740281021,-19.4974485337794,1231.97603977464
-63.4988694099795,-19.4917881167976,1233.58005016674
-63.4890444085375,-19.4804475001556,1236.78948021112
-63.4791983326039,-19.4690804332192,1240.00079064521
-63.4693311171754,-19.4576868279369,1243.21398312205
-63.4594426969783,-19.4462665958692,1246.42905929664
-63.4396019813872,-19.4233458974725,1252.86486936871
-63.4330059377915,-19.4157240036753,1255
-63.4145742160379,-19.3944206358826,1260.95463912357
-63.3960697231973,-19.3730256790225,1266.91556486065
-63.3774920447868,-19.3515385697245,1272.88278717215
-63.3681756299814,-19.3407602798923,1275.86876266185
-63.3588407619005,-19.3299587385965,1278.85631604003
-63.3569473221254,-19.3277675736011,1279.46176837359
-63.3550531223466,-19.3255754507254,1280.0672855322
-63.3359450913168,-19.303457691977,1286.16558487831
-63.316759569603,-19.2812422169255,1292.27046329956
-63.2781542456851,-19.2365156526712,1304.5
-63.2531783568687,-19.2075622952699,1312.37329995064
-63.2280723571453,-19.1784444185253,1320.25731532995
-63.2028352648414,-19.1491606813512,1328.15206802809
-63.1774660882193,-19.119709728111,1336.05757999491
-63.1195224946287,-19.0523908932645,1354
-63.1053565152981,-19.035921790585,1358.36264868231
-63.0686789860914,-18.9932609866015,1369.61505306817
-63.0317288912562,-18.9502537213218,1380.88870621486
-62.9945032824542,-18.9068959440647,1392.1836683677
-62.9569991677967,-18.8631835409144,1403.5
-62.9153257337191,-18.8145760897429,1416.00091043435
-62.8733095458046,-18.765531017672,1428.52728207025
-62.8430668093673,-18.7302054940292,1437.49595584382
-62.7904692254387,-18.6687212733762,1453
-62.740051728178,-18.6097298386448,1467.75058586692
-62.6891446041211,-18.5501103588654,1482.53582354711
-62.6545905365365,-18.5096111107187,1492.51001140198
-62.6198091923584,-18.4688197776075,1502.5
-62.5318465495838,-18.3655429091466,1527.54507831142
-62.4776153783293,-18.3017882845459,1542.83118695309
-62.4448866825327,-18.2632820104192,1552
-62.3961658975881,-18.2059186188646,1565.57126913744
-62.3576628556424,-18.1605500505613,1576.23131795542
-62.3470107418512,-18.1479930247059,1579.170417641
-62.3064365439188,-18.1001410771716,1590.32581136295
-62.265564120541,-18.0519024002394,1601.5
-62.1733297442488,-17.9429162103138,1626.48639000535
-62.0983264191554,-17.8541593591302,1646.57372505332
-62.0816957981793,-17.8344632374263,1651
-62.0331633168094,-17.7769518793599,1663.8601754062
-61.9842191608406,-17.7189030578796,1676.74440637374
-61.938850171157,-17.6650500404664,1688.61198033775
-61.8931246595376,-17.6107306745412,1700.5
-61.796224036507,-17.4954753065551,1725.4548124004
-61.7057987628646,-17.3877473795274,1748.45502649824
-61.6996858939766,-17.3804587673637,1750
-61.649511735419,-17.3206052162717,1762.63439076853
-61.5989163723323,-17.2601970335407,1775.29117016255
-61.5502562415007,-17.2020501038653,1787.3853461322
-61.501203337096,-17.1433849961094,1799.5
-61.3993968003079,-17.0214728799541,1824.39975341869
-61.3499708267787,-16.9622101754865,1836.37139519048
-61.3001484874074,-16.9024223046876,1848.36269448377
-61.298820223085,-16.9008276743674,1848.68134029567
-61.2974916758811,-16.899232668891,1849
-61.2714515319041,-16.8679626446397,1855.23500903794
-61.2453026268201,-16.8365482900826,1861.47531612652
-61.1926757996153,-16.773282683674,1873.9718514899
-61.140728354715,-16.7107793652381,1886.22570701501
-61.0883507470539,-16.6477038556598,1898.5
-61.0353240944323,-16.5837910107639,1910.84442848281
-60.9818553463142,-16.5192886837552,1923.2092043829
-60.9279389030295,-16.4541888509094,1935.59437804998
-60.8735690643328,-16.388483339614,1948
-60.8216144784309,-16.3256421433885,1959.77676083581
-60.7692423701208,-16.262242175964,1971.5719790383
-60.7661880177058,-16.2585430137614,1972.25753325194
-60.7631322389592,-16.2548419409126,1972.94314986794
-60.7357521438547,-16.221671771691,1979.07486614926
-60.7082572607188,-16.1883477593413,1985.21157586195
-60.6806468564312,-16.1548688502626,1991.35328510815
-60.6529201912233,-16.1212339810173,1997.5
-60.596949172396,-16.0532905660522,2009.84502897631
-60.54050324109,-15.9847089358017,2022.2100063482
-60.426161941053,-15.8455954364549,2047
-60.3638395684266,-15.7696646185333,2060.36870830591
-60.3097418154364,-15.7036938055743,2071.89234040359
-60.193036390151,-15.561183858479,2096.5
-60.064738204773,-15.4042188523761,2123.16098513565
-59.9532646861301,-15.2675852218083,2146
-59.9473713336793,-15.2603552055359,2147.19913328747
-59.8279928354011,-15.1137606071632,2171.31202186828
-59.7065489488122,-14.9643572561369,2195.5
-59.6435577509489,-14.886756294404,2207.91232549126
-59.5800029118951,-14.8083868545633,2220.34447117778
-59.5197852125874,-14.7340640226209,2232.04013039989
-59.4525683148829,-14.6510242109035,2245
-59.3229548615822,-14.4906676300688,2269.71064065429
-59.1909772955037,-14.3270744040686,2294.5
-59.1362836262414,-14.2591871101507,2304.66492071891
-59.0811775351603,-14.1907339223317,2314.84316635167
-59.0566925178889,-14.1603011197443,2319.34536379588
-58.9214015274059,-13.9919545087295,2344
-58.7648829091363,-13.7967922689999,2372.0612614952
-58.6434390725863,-13.6450706948491,2393.5
-58.6311786518289,-13.6297393957346,2395.64836841572
-58.6150283088547,-13.6095399086477,2398.47391666304
-58.5988431680612,-13.5892923948289,2401.3004964165
-58.5663680198921,-13.5486525995248,2406.95675270202
-58.5337522495945,-13.5078186193159,2412.61714179685
-58.5009948916983,-13.4667890520696,2418.28166823218
-58.4291684227855,-13.3767601968694,2430.63099049315
-58.3566556922851,-13.2857822956843,2443
-58.2092215207683,-13.1005310578959,2467.84827539613
-58.1352579876554,-13.0074587601603,2480.16420665138
-58.0605744857612,-12.9133883000072,2492.5
-57.9091345310995,-12.7223541674586,2517.20988262419
-57.7546780124888,-12.5271294117101,2542
-57.6664975185816,-12.4155013342389,2555.96968856544
-57.5773104149369,-12.302472492087,2569.96536136428
-57.5751587470371,-12.2997440708397,2570.30136722411
-57.5730064891198,-12.2970148279149,2570.63738807489
-57.5687002021946,-12.2915538755287,2571.3094747533
-57.5600805366982,-12.2806220940539,2572.65382804564
-57.5428127807016,-12.2587189396385,2575.34325459725
-57.5081630990489,-12.2147535844128,2580.72498936814
-57.4384032628366,-12.1261811910185,2591.5
-57.3575070122285,-12.0233736060366,2603.89554466347
-57.2757743720401,-11.9193995787644,2616.31173760945
-57.1627602868536,-11.7754616796571,2633.30425228385
-57.111131060512,-11.7096400759326,2641
-57.0277278962746,-11.6032244787195,2653.34395023328
-56.9434463639923,-11.4955813268043,2665.70856565713
-56.8582713217046,-11.3866887494778,2678.09389820886
-56.7721872352626,-11.2765243203677,2690.5
-56.7377398693888,-11.2324102898735,2695.43330787115
-56.6596642444294,-11.1323604665003,2706.54938086619
-56.5808280489041,-11.0312457362813,2717.68249439006
-56.4208250264218,-10.8257510555093,2740
-56.3847669507538,-10.7793904555037,2744.97932763395
-56.3034968285539,-10.6748322284746,2756.13924688407
-56.2215278862847,-10.5692807522948,2767.30765889383
-56.1388497589654,-10.4627210662783,2778.48457336147
-56.0554518455596,-10.3551378834136,2789.67
-55.9907586065109,-10.2716179851634,2798.28585062775
-55.8351574891126,-10.0705021869159,2818.79348811137
-55.6770065527716,-9.86575885238131,2839.33
-55.5908671195952,-9.7541035175324,2850.3872878975
-55.438871779199,-9.55684993628246,2869.68099414036
-55.3619773088251,-9.45694659224022,2879.33733150893
-55.2844739989141,-9.3561765383274,2889
-55.2835267104806,-9.35494440378872,2889.1000846569
-55.2825792703802,-9.35371206073263,2889.20017366278
-55.2806839350223,-9.35124674884795,2889.40036472264
-55.2768914425755,-9.34631362044082,2889.80079904268
-55.2692991619279,-9.33643733267727,2890.60187654757
-55.2540853467727,-9.31664453387734,2892.20486752515
-55.2235401309151,-9.27689724272547,2895.41419742546
-55.161974741851,-9.19674940704809,2901.84628168333
-55.0997670539063,-9.11571791044168,2908.29632769777
-55.0369060473035,-9.0337872929316,2914.76441081194
-54.9165109957608,-8.87673543168127,2927.01472392131
-54.7936719614821,-8.71631699015442,2939.33
-54.6636162213317,-8.54628089066364,2952.17095087527
-54.5975494996144,-8.45982963932694,2958.61750086836
-54.5307738212909,-8.37239997173953,2965.08152815299
-54.4026632203335,-8.20452326581152,2977.33921702579
-54.271887539684,-8.03296606503196,2989.66
-54.1334528799542,-7.8511584141078,3002.49571543133
-53.9919741214159,-7.66514161408271,3015.39890143113
-53.8552746049914,-7.48521007433209,3027.66381416945
-53.7156456309702,-7.30122570758286,3039.99
-53.567861234616,-7.10628350364016,3052.81908434385
-53.4167229048474,-6.90669754036068,3065.71352997519
-53.2703600790758,-6.71321174805581,3077.98700900047
-53.120745971697,-6.51522392622698,3090.32
-52.9623212859243,-6.30535846241458,3103.14955388861
-52.80015919386,-6.09031646525448,3116.04247592231
-52.6428531828977,-5.88150300616569,3128.32235675033
-52.4818993815472,-5.66763939134847,3140.66
-52.3114527800016,-5.44094125362809,3153.48051912725
-52.136795043261,-5.20841520558348,3166.3623986169
-51.9669216066997,-4.98204716340527,3178.6481624524
-51.7928989311904,-4.74994303977953,3190.99
-51.4190799877626,-4.25069514653981,3216.69183982688
-51.2346114134983,-4.00402006163891,3228.97873402073
-51.0453470694009,-3.75073444294495,3241.32
-50.6481307666133,-3.21855871516003,3266.37483646147
-50.2283499713409,-2.65538157728619,3291.65
-50.0742363125186,-2.44845093910652,3300.62894076405
-49.9619518883626,-2.2976332251469,3307.07193322699
-49.780031714475,-2.05319728116582,3317.33618064189
-49.3892729750201,-1.52784850602704,3338.6688674973
-49.3270015069577,-1.44409548940618,3341.98
-49.0544847693373,-1.07748305983965,3356.19208780315
-48.7716762530138,-0.696906679544128,3370.47067351015
-48.5492619691943,-0.397545745048461,3381.37088028597
-48.3199892075986,-0.0889248001081721,3392.31
-48.3188344858299,-0.0873704090017769,3392.36434000005
-48.1036236966852,0.202328302065206,3402.36247766525
-47.3726903670218,1.18603824124712,3434.44472730291
-47.1749523431472,1.4520370653062,3442.64
-46.5641693539517,2.27309891324595,3466.70910756626
-45.9940206490029,3.03847107638701,3487.5369695979
-45.8379720612741,3.24772530076503,3492.97
-45.6577846661178,3.48921040129367,3499.1039710572
-44.61624663184,4.8816270403906,3531.7293278752
-44.2059792008724,5.42820139555472,3543.3
-43.3779406513485,6.52736679244414,3564.56143118921
-42.4036127890925,7.812773747394,3586.15679406558
-42.0223862466595,8.31305734644277,3593.64
-41.8124790665394,8.58782625183797,3597.53542656682
-39.4670045259983,11.6199789641748,3630.78033222899
-37.7427775108099,13.7970392240265,3643.97
-35.9461849500188,16.0104377545447,3648.4558842909
-34.109443023015,18.2085680731238,3643.97
-32.2679532524204,20.3409842902364,3630.78033222899
-29.6306646546876,23.2617076307591,3597.53542656682
-29.3868585561874,23.5235014310109,3593.64
-28.9406964074527,23.9989123601354,3586.15679406558
-27.7803542160969,25.2129376089941,3564.56143118921
-26.7710948700719,26.2423719724692,3543.3
-26.2630021346879,26.7512266044655,3531.7293278752
-24.9487222673625,28.0381873656069,3499.1039710572
-24.7177505851717,28.2599889849817,3492.97
-24.5168536464536,28.4518479150401,3487.5369695979
-23.7759522476835,29.1508824201301,3466.70910756626
-22.9701224121394,29.8959577135442,3442.64
-22.706525332303,30.1362480297334,3434.44472730291
-21.7205067899338,31.0201384692483,3402.36247766525
-21.4266742090917,31.2789919052913,3392.36434000005
-21.4250933000948,31.2803789904389,3392.31
-21.1102802051219,31.5553974820457,3381.37088028597
-20.8031308921341,31.8214283169611,3370.47067351015
-20.410074595709,32.158573445527,3356.19208780315
-20.0286595307086,32.4822127756388,3341.98
-19.9411363239322,32.5559905661653,3338.6688674973
-19.3887861023446,33.0174119046595,3317.33618064189
-19.1297860062347,33.2312967803267,3307.07193322699
-18.9693381491969,33.3630057424801,3300.62894076405
-18.7483863012548,33.543394295692,3291.65
-18.1422398884147,34.0324148148967,3266.37483646147
-17.5628514356032,34.4918889658089,3241.32
-17.2847879339136,34.7096593387855,3228.97873402073
-17.0125264712486,34.9211716485354,3216.69183982688
-16.4570264297657,35.3474939043953,3190.99
-16.1967006227829,35.5448810436776,3178.6481624524
-15.9415229527851,35.7368858853006,3166.3623986169
-15.6780669659117,35.9335902781965,3153.48051912725
-15.4198954443409,36.1248484844855,3140.66
-15.1751337759247,36.3048068188427,3128.32235675033
-14.935009753949,36.4800693769144,3116.04247592231
-14.6865316160865,36.6600944110326,3103.14955388861
-14.4428571564427,36.8353262281641,3090.32
-14.2118966672522,37.0002203688734,3077.98700900047
-13.9851678907454,37.1609672101351,3065.71352997519
-13.7502243905913,37.3263662606882,3052.81908434385
-13.5196920399983,37.4875056339953,3039.99
-13.3011527600967,37.6392110011845,3027.66381416945
-13.0865128579469,37.787218091239,3015.39890143113
-12.8636548187962,37.9398569252473,3002.49571543133
-12.6448893482654,38.0886714311818,2989.66
-12.4375894056297,38.2287569510838,2977.33921702579
-12.2339136711404,38.3655161099835,2965.08152815299
-12.1275154318588,38.4366132336783,2958.61750086836
-12.0220881669564,38.5068289739736,2952.17095087527
-11.8140883897334,38.6446822151467,2939.33
-11.6170696737318,38.7744320258883,2927.01472392131
-11.4234428280532,38.9011686736054,2914.76441081194
-11.3221383356719,38.9671697812552,2908.29632769777
-11.2217466834597,39.0323688153446,2901.84628168333
-11.1222545280596,39.0967804641918,2895.41419742546
-11.072841649603,39.1286955222415,2892.20486752515
-11.048217809845,39.1445811286011,2890.60187654757
-11.0359264532223,39.1525060460758,2889.80079904268
-11.029785904956,39.1564640451857,2889.40036472264
-11.0267169119917,39.1584419313043,2889.20017366278
-11.0251827356341,39.159430596188,2889.1000846569
-11.0236487726293,39.160419075691,2889
-10.8980369422024,39.241200461955,2879.33733150893
-10.7731988176701,39.321166992649,2869.68099414036
-10.5258109109418,39.4787030912144,2850.3872878975
-10.3852430286571,39.5676670165459,2839.33
-10.1264717936087,39.7304043783137,2818.79348811137
-9.87100196220968,39.8897544627544,2798.28585062775
-9.76453328151652,39.9557817985058,2789.67
-9.62706194204129,40.04070373166,2778.48457336147
-9.4905333504249,40.1246740527486,2767.30765889383
-9.35493662401044,40.2077081373728,2756.13924688407
-9.22026108705855,40.2898210222621,2744.97932763395
-9.16043320141286,40.3261847379844,2740
-8.89440104170459,40.4870350633879,2717.68249439006
-8.76299073202566,40.5659817012018,2706.54938086619
-8.63263278605427,40.6439657663136,2695.43330787115
-8.5750501240146,40.6783089394239,2690.5
-8.43096889138833,40.7639612630243,2678.09389820886
-8.28815370729082,40.8484672729901,2665.70856565713
-8.14658705076969,40.9318489469614,2653.34395023328
-8.00625177594011,41.014127695792,2641
-7.91925832089407,41.0649438153785,2633.30425228385
-7.72851003653999,41.1758642949181,2616.31173760945
-7.59028326841349,41.2558133079838,2603.89554466347
-7.4532432591772,41.3347203906207,2591.5
-7.3348869950454,41.4025854278176,2580.72498936814
-7.27603708058102,41.436231998478,2575.34325459725
-7.24669362919079,41.452984465903,2572.65382804564
-7.23204221194948,41.4613430779299,2571.3094747533
-7.22472157197632,41.4655179888185,2570.63738807489
-7.22106251809555,41.4676043467655,2570.30136722411
-7.21740430788434,41.4696899735354,2569.96536136428
-7.06563057779015,41.555999382291,2555.96968856544
-6.91530125404224,41.6410645640608,2542
-6.65134353873152,41.7894137183776,2517.20988262419
-6.39175084601268,41.934056442797,2492.5
-6.26344422739562,42.0050911573774,2480.16420665138
-6.13618826643529,42.0752470469393,2467.84827539613
-5.88197312321245,42.2145127100735,2443
-5.75667367270366,42.2827239889595,2430.63099049315
-5.6323860792829,42.350104376171,2418.28166823218
-5.57564579327138,42.3807726429838,2412.61714179685
-5.51911510181787,42.4112700636745,2406.95675270202
-5.46279283291767,42.441597984584,2401.3004964165
-5.4347094917303,42.4566988003632,2398.47391666304
-5.40667782107415,42.4717577397118,2395.64836841572
-5.38539196748712,42.4831833486665,2393.5
-5.17427785736169,42.5960647074463,2372.0612614952
-4.90146956161204,42.740758705701,2344
-4.66500931900578,42.8651086544737,2319.34536379588
-4.6221503781487,42.8875418992265,2314.84316635167
-4.52561999460903,42.9379496982667,2304.66492071891
-4.42971384403262,42.9878697370456,2294.5
-4.19788763183156,43.1078736544715,2269.71064065429
-3.96966377899944,43.2250996258354,2245
-3.85109424945896,43.2856462573879,2232.04013039989
-3.74474766030795,43.3397450176326,2220.34447117778
-3.63238128254509,43.3966946476444,2207.91232549126
-3.52088382047827,43.4529897471717,2195.5
-3.30556502357749,43.561102666894,2171.31202186828
-3.09345172402998,43.6668343508126,2147.19913328747
-3.08296866148041,43.6720400290451,2146
-2.88447405153772,43.7702578204704,2123.16098513565
-2.65553795251279,43.8827142183821,2096.5
-2.44684196896809,43.9844630490704,2071.89234040359
-2.34995939170209,44.03145071578,2060.36870830591
-2.23823533755567,44.0854426352614,2047
-2.03294697756312,44.1841112175831,2022.2100063482
-1.93145613694244,44.2326340112858,2009.84502897631
-1.83072311196585,44.2806267970616,1997.5
-1.78078710299836,44.3043562716495,1991.35328510815
-1.73103725682331,44.3279566052874,1985.21157586195
-1.68147256783652,44.3514287785034,1979.07486614926
-1.63209203799252,44.3747737621494,1972.94314986794
-1.62657947424117,44.377377390566,1972.25753325194
-1.62106920124893,44.3799794407265,1971.5719790383
-1.52654226126542,44.4245395616616,1959.77676083581
-1.43268717586385,44.468638848017,1948
-1.3343820692947,44.5146754228756,1935.59437804998
-1.2368092387145,44.5602140069069,1923.2092043829
-1.13996082615274,44.6052620903866,1910.84442848281
-1.04382908994211,44.6498270177736,1898.5
-0.948792051417129,44.6937381012651,1886.22570701501
-0.854455335408687,44.7371820211453,1873.9718514899
-0.758803688147822,44.7810857718882,1861.47531612652
-0.711246566616595,44.8028598075016,1855.23500903794
-0.663867303081105,44.8245164681156,1849
-0.661449518091956,44.8256206558664,1848.68134029567
-0.659032196205615,44.8267245388381,1848.36269448377
-0.568322711373966,44.8680801428055,1836.37139519048
-0.478263233649727,44.9090097631253,1824.39975341869
-0.292536812679401,44.9930107906314,1799.5
-0.202942096839223,45.0333377580543,1787.3853461322
-0.11399624212126,45.0732473372162,1775.29117016255
-0.0214408284358427,45.1146442182802,1762.63439076853
0.0704164591165437,45.1555957494979,1750
0.0816126238371879,45.1605781374557,1748.45502649824
0.247357370446679,45.234106385163,1725.4548124004
0.425228337584002,45.3125370572301,1700.5
0.509254091931723,45.3494163239229,1688.61198033775
0.592682686781899,45.3859251348984,1676.74440637374
0.682750171356616,45.425218210485,1663.8601754062
0.772126013958911,45.4640856780403,1651
0.802767485396487,45.4773825834785,1646.57372505332
0.941054269528067,45.5372125664524,1626.48639000535
1.11132329499465,45.6104765870496,1601.5
1.18685032235739,45.6428326488156,1590.32581136295
1.26187137855389,45.6748857827528,1579.170417641
1.28157440119003,45.6832897816217,1576.23131795542
1.35281849731753,45.7136284748369,1565.57126913744
1.44302658187085,45.7519321708254,1552
1.50366081521112,45.777609006895,1542.83118695309
1.60419470229226,45.820059559151,1527.54507831142
1.76742764312147,45.888659860024,1502.5
1.83202856486116,45.9156982486541,1492.51001140198
1.8962391596949,45.9425111473535,1482.53582354711
1.99089561789346,45.9819248144509,1467.75058586692
2.08470899753597,46.0208551509502,1453
2.18265003511897,46.0613581818037,1437.49595584382
2.23899725558157,46.0845955322864,1428.52728207025
2.3173199111253,46.1168170303304,1416.00091043435
2.3950489167602,46.1487042685641,1403.5
2.46503975232638,46.1773404269203,1392.1836683677
2.53454670084105,46.205706892955,1380.88870621486
2.60357443386921,46.2338071774644,1369.61505306817
2.67212756357303,46.2616447326898,1358.36264868231
2.69861407110405,46.2723816492399,1354
2.8070059411224,46.3162133433768,1336.05757999491
2.85448948282398,46.3353605024761,1328.15206802809
2.90174195954269,46.3543816887052,1320.25731532995
2.94876493864328,46.3732780484081,1312.37329995064
2.99555997352383,46.3920507145576,1304.5
3.06792205483914,46.4210171116147,1292.27046329956
3.10389741354317,46.4353895583154,1286.16558487831
3.13973660920624,46.4496888623087,1280.0672855322
3.14328988383947,46.4511055470552,1279.46176837359
3.14684182222793,46.452521515418,1278.85631604003
3.16435457880532,46.4595002337031,1275.86876266185
3.18183488030638,46.4664615704957,1272.88278717215
3.21669845060364,46.4803323382354,1266.91556486065
3.25143320221666,46.494134295994,1260.95463912357
3.2860397974402,46.5078679160112,1255
3.29842628484253,46.5127792695418,1252.86486936871
3.33569097998617,46.527541646641,1246.42905929664
3.35426697327455,46.5348929969639,1243.21398312205
3.3728055365284,46.5422245537171,1240.00079064521
3.39130677461543,46.5495363906838,1236.78948021112
3.40977079201878,46.5568285812948,1233.58005016674
3.41898887569074,46.5604673321393,1231.97603977464
3.42819769319932,46.5641011987723,1230.37249886094
3.43739725749747,46.5677301902744,1228.76942721957
3.44199357375636,46.569542860692,1227.96806731163
3.4465875815593,46.5713543157222,1227.16682464455
3.5086030393237,46.5957776972972,1216.32268603573
3.57019902501867,46.6199809655732,1205.5
3.64051151317202,46.6475424715319,1193.08182241803
3.71027455443803,46.6748183464786,1180.69249676883
3.77949409343431,46.7018126750348,1168.33192261882
3.84817599102658,46.7285294671606,1156
3.98262642356435,46.7806345018194,1131.66158906888
4.05164056248373,46.8072801201788,1119.06540313811
4.1201023360141,46.8336454748534,1106.5
4.18617740286095,46.859028503172,1094.30565081738
4.25173475617015,46.8841514153861,1082.1409665081
4.3191916657133,46.9099387073241,1069.5546440837
4.38610377207149,46.9354541367098,1057
4.45065623365299,46.9600098362041,1044.82116506304
4.51469777270601,46.9843131119819,1032.67290433428
4.58077009850763,47.0093265309478,1020.07004160769
4.64630192289663,47.0340747059303,1007.5
4.70943176554549,47.0578587627044,995.323620858176
4.77205625238771,47.0813972388814,983.178802118096
4.83670211857329,47.1056379150268,970.572443581608
4.9008128030988,47.1296202384461,958
4.93171014525822,47.141157735889,951.91554374812
4.96248189466706,47.1526351069642,945.839249902263
5.02365139668476,47.1754111885253,933.711083816563
5.05537515419857,47.1872028288623,927.395103104456
5.08696516881183,47.1989308559948,921.087941193903
5.14974703962719,47.2221979522484,908.5
5.17992798693454,47.2333636141445,902.423247724747
5.20998458204411,47.2444707243036,896.354941210249
5.26972750229426,47.2665109725182,884.243595131338
5.30079651481635,47.2779533805105,877.918955197763
5.33173239129884,47.2893335011972,871.60348931928
5.39320783736628,47.3119087387398,859
5.42278130494203,47.3227502452595,852.91138122816
5.45223121181361,47.3335344783802,846.831503704974
5.51076314697617,47.3549327821932,834.697897215213
5.54109307149427,47.3660023636203,828.384305116467
5.57129167001797,47.3770114556654,822.080138932514
5.6312979755056,47.3988499821526,809.5
5.68881949316658,47.4197378505128,797.373209296456
5.71739795791844,47.4300987366485,791.323321138095
5.74585582308427,47.4404047944679,785.282411049003
5.80524704349327,47.4618777457719,772.621532191134
5.83474624293389,47.4725253000562,766.3058592348
5.84944708430943,47.4778270439831,763.151704332378
5.86411554985762,47.4831141733106,760
5.92139115017423,47.5037306106673,747.624980525305
5.96507211323329,47.5194236060493,738.10585056905
6.00808356437643,47.5348507050011,728.662576868828
6.05043926718096,47.5500180324221,719.29425629553
6.09215262883856,47.564931534093,710
6.11939439944904,47.5746583622797,703.893262828064
6.14636478420776,47.5842783805795,697.818265601651
6.14682367516637,47.5844419762982,697.714649662011
6.19950572334872,47.6032042967908,685.762506287605
6.20040535906298,47.6035243691376,685.557420936635
6.22612892134946,47.6126716647361,679.679239165515
6.25160403792141,47.6217217949105,673.830777988988
6.26667760797358,47.627072606693,670.357470241551
6.28166466169469,47.6323896639207,666.894602614602
6.29656586659408,47.6376732568135,663.442128107172
6.30398448417202,47.6403025945319,661.719773662561
6.31138188691146,47.6429236735585,660
6.36164675925595,47.6607141858202,647.44308825296
6.3643898571443,47.6616840846563,646.754516626808
6.41098587365946,47.6781439194351,635.004994961893
6.41636862489692,47.6800434682343,633.641205778202
6.45942202595766,47.6952227887537,622.6840416075
6.46734489798524,47.6980134361742,620.658098913648
6.50697730772056,47.711960363376,610.478581138349
6.508833361603,47.7126130045965,610
6.51734451560013,47.7156051753025,607.803266391352
6.55367313313229,47.7283658828902,598.386997236882
6.55595120237498,47.7291654820905,597.794365946859
6.60221468464064,47.745388840443,585.703166460287
6.64764458316411,47.7612919669345,573.724799718285
6.6992101399387,47.7793094516364,560
6.72459378083107,47.7881656686998,553.192741540924
6.74461283740928,47.7951441367981,547.800018114301
6.75583248570398,47.7990528669129,544.768301784382
6.76700037074902,47.8029418940681,541.743844590016
6.77811681303841,47.8068113533908,538.726620490491
6.78918213056744,47.8106613788303,535.716603569497
6.79371803015457,47.8122391106668,534.480806121155
6.79598276431697,47.8130267553281,533.863362308618
6.79711432867516,47.8134202728431,533.554754032585
6.79824535833346,47.8138135873367,533.246221472873
6.80331195141609,47.815575280819,531.863248856533
6.80836782418922,47.8173329053994,530.481796516729
6.81089175005717,47.8182101958776,529.791639667362
6.81341300726268,47.819086473925,529.101861948018
6.8159315995966,47.8199617411329,528.412463046378
6.81718989762862,47.8203989961717,528.067905554689
6.81781879731651,47.8206175291362,527.895662281578
6.81844753086349,47.8208359990969,527.723442650462
6.8303719146668,47.824978440976,524.453026404614
6.83293843156648,47.8258697818449,523.748093657487
6.86206907866301,47.8359805834825,515.721110339925
6.8827264194372,47.8431435789146,510
6.91421680242489,47.8540520321733,501.231837635871
6.9514388620523,47.8669289567092,490.793867695779
6.98806616565781,47.8795821458965,480.443297181012
7.02411140978012,47.8920168603473,470.179032946135
7.05958695125562,47.9042382042665,460
7.07653360748184,47.9100704455254,455.110153799645
7.09335130885711,47.9158545429844,450.239855181777
7.11004136971191,47.9215910359354,445.388987165494
7.12660508754455,47.927280456009,440.55743370145
7.14304374328123,47.9329233273061,435.745079662605
7.15935860153161,47.9385201665276,430.951810835079
7.17555091083975,47.9440714831013,426.177513909115
7.19162190393045,47.9495777793061,421.42207647015
7.20127908338173,47.9528849112296,418.556340878194
7.21089263736172,47.9561758791252,415.697432495386
7.22046283002584,47.9594507902707,412.845326953464
7.22523174849425,47.9610822580551,411.421817664446
7.22998992477933,47.9627097514712,410
7.26412621559695,47.9743770104212,399.307878836069
7.29775671682022,47.9858563585044,388.697138499809
7.33089144061354,47.9971518915302,378.166853394176
7.3635401508206,48.0082675924328,367.716111905669
7.38749587010095,48.0164147169298,360
7.39571240401318,48.0192073464666,357.344016141245
7.41769689871148,48.0266750526925,350.213610508655
7.42741745879017,48.0299749115403,347.049681671167
7.44748315018613,48.0367827247321,340.49665633665
7.4768622008808,48.0467407949177,330.84840112145
7.50584151824599,48.0565522692885,321.268118876023
7.53968194204207,48.067995609494,310
7.56884783113429,48.077846177792,300.217481876511
7.597608363704,48.0875489228465,290.505624974055
7.6259710633981,48.097106844058,280.863666446062
7.64020616126975,48.1018999484382,276
7.65394327898629,48.1065228639191,271.290854387338
7.68669745250931,48.1175355808096,260
7.71485724224794,48.1269923486311,250.221496159884
7.74262081933443,48.1363059182804,240.514923480173
7.76999562569866,48.1454792195641,230.879491175603
7.79698892829805,48.1545151065772,221.314420010072
7.81290365533752,48.1598380384556,215.644922069009
7.82868677820814,48.1651136933015,210
7.84377859182094,48.1701552364937,204.581591531031
7.85883519184877,48.1751820605393,199.16578174378
7.88884321004421,48.1851917910404,188.341950740003
7.90498800512216,48.1905723392369,182.501932901358
7.92109227997717,48.1959360063718,176.664936727765
7.95317983684106,48.2066129929997,165
7.96014819273913,48.2089299132829,162.460614540196
7.98739710467552,48.2179838954725,152.509498489537
8.01452990590569,48.2269897214192,142.567164179106
8.03066551329803,48.2323408680208,136.638571687629
8.05326135652479,48.2398287867737,128.316210957766
8.07577680660822,48.2472834825017,120
8.09689335804784,48.2542690458662,112.178010498598
8.1275664295958,48.2644057172057,100.775120697231
8.14318962494207,48.2695641069147,94.9483509011809
8.15876456642013,48.2747034220862,89.126912393105
8.17429145923576,48.2798237606453,83.3107978594423
8.18977050747543,48.2849252198723,77.5
8.20383992970579,48.2895594203519,72.2074135776759
8.2178699127186,48.2941780843766,66.9192339716901
8.231860608728,48.2987812842665,61.6354556803995
8.24581216919478,48.3033690919099,56.3560732113143
8.25991122632556,48.3080028505442,51.0103056534594
8.27397040111033,48.3126209482648,45.6690413893526
8.28798984885182,48.3172234585569,40.3322747310044
8.29498472364449,48.3195188913402,37.6655762291114
8.29847845716755,48.320665156112,36.332647874741
8.3002243990079,48.321237926088,35.6662888829499
8.30196972463138,48.3218104546452,35
8.30606063295058,48.3231522634802,33.125
8.31014929780007,48.3244931209912,31.25
8.31831990444067,48.3271719859496,27.5
8.32648155923515,48.3298470573238,23.75
8.33055903426938,48.3311831728497,21.875
8.33259693449594,48.3318508759974,20.9375
8.33361567538647,48.3321846389704,20.46875
8.33463427683326,48.3325183428965,20
8.33981732401823,48.3342161535539,17.3283812080545
8.34499630367112,48.3359122863238,14.6567624161089
8.35209279478967,48.3382358496231,10.9925718120812
8.35918165582264,48.3405562674502,7.32838120805445
8.3662628990332,48.3428735460111,3.66419060402677
8.36980066778015,48.3440310100015,1.83209530201384
8.37156883960742,48.3446094485122,0.916047651006011
8.37245274746797,48.3448985944386,0.458023825503005
8.37333653665826,48.3451876914952,0
