-26.85,-56.45,84
-26.8440122521362,-56.4425192106813,89.126912393105
-26.8372011659727,-56.434005851899,94.9483509011809
-26.8303708244876,-56.4254642199399,100.775120697231
-26.81696616757,-56.4086888750977,112.178010498598
-26.8077420092504,-56.3971358053438,120
-26.7979104700433,-56.3848135250269,128.316210957766
-26.788047626423,-56.3724432114562,136.638571687629
-26.7810069342685,-56.3636071411978,142.567164179106
-26.7691720397472,-56.3487442106511,152.509498489537
-26.7572920082038,-56.3338118004005,162.460614540196
-26.754254816986,-56.3299921937489,165
-26.7402739522638,-56.3123988744841,176.664936727765
-26.7332600386462,-56.3035659632059,182.501932901358
-26.7262304059518,-56.2947087586184,188.341950740003
-26.7131696896779,-56.27824053834,199.16578174378
-26.7066189509989,-56.2699748680398,204.581591531031
-26.7000545729421,-56.2616880559661,210
-26.693191524851,-56.2530199945028,215.644922069009
-26.6862733493819,-56.2442779475589,221.314420010072
-26.6745441018689,-56.2294464544042,230.879491175603
-26.6626552645196,-56.2144003013289,240.514923480173
-26.650603938323,-56.1991352790919,250.221496159884
-26.6383871583113,-56.1836470736332,260
-26.6241854261671,-56.1656251419767,271.290854387338
-26.6120641112284,-56.1502285708799,280.863666446062
-26.5997801921591,-56.1346116507435,290.505624974055
-26.5873307571314,-56.1187701069749,300.217481876511
-26.5747128290127,-56.1026995596248,310
-26.5600813639681,-56.084046088363,321.268118876023
-26.5475591755039,-56.0680659736074,330.84840112145
-26.5348713125249,-56.0518596157705,340.49665633665
-26.5262096667793,-56.0407874171619,347.049681671167
-26.5220148358806,-56.0354226536936,350.213610508655
-26.5125304622379,-56.023287075963,357.344016141245
-26.508986769675,-56.0187506559294,360
-26.4986581156835,-56.0055218778315,367.716111905669
-26.4845889990784,-55.9874863995551,378.166853394176
-26.4703193712746,-55.9691750410549,388.697138499809
-26.455845416911,-55.9505820738074,399.307878836069
-26.4411632296676,-55.9317016179419,410
-26.4391193985851,-55.929071769293,411.421817664446
-26.437071144255,-55.9264358370228,412.845326953464
-26.4329613154268,-55.9211456462318,415.697432495386
-26.4288336402805,-55.9158308919897,418.556340878194
-26.4246880157049,-55.9104914201852,421.42207647015
-26.417790811337,-55.9016044069571,426.177513909115
-26.4108437339046,-55.8926486244047,430.951810835079
-26.4038463031231,-55.8836233525926,435.745079662605
-26.3967980329271,-55.8745278620271,440.55743370145
-26.3896984313866,-55.8653614135023,445.388987165494
-26.3825470006222,-55.856123257942,450.239855181777
-26.3753432367182,-55.8468126362399,455.110153799645
-26.3680866296351,-55.8374287790955,460
-26.3529036746939,-55.8177789465876,470.179032946135
-26.3374876642447,-55.7978052522133,480.443297181012
-26.3218338213621,-55.7775004479612,490.793867695779
-26.3059372463999,-55.7568570793247,501.231837635871
-26.2924975297825,-55.7393855319944,510
-26.283685705902,-55.7279209223153,515.721110339925
-26.2712654418036,-55.7117490445227,523.748093657487
-26.2701715088933,-55.710323980819,524.453026404614
-26.2650896663505,-55.7037023860948,527.723442650462
-26.2648217502674,-55.703353225765,527.895662281578
-26.2645537666711,-55.7030039706237,528.067905554689
-26.2640175968492,-55.7023051757689,528.412463046378
-26.2629444460584,-55.7009064468003,529.101861948018
-26.26187021252,-55.6995061969471,529.791639667362
-26.2607948947821,-55.6981044239741,530.481796516729
-26.25864100095,-55.6952962997875,531.863248856533
-26.2564827528375,-55.6924820561975,533.246221472873
-26.2560009901892,-55.6918538022065,533.554754032585
-26.2555190104047,-55.6912252429611,533.863362308618
-26.2545543989125,-55.6899672079121,534.480806121155
-26.2526225646094,-55.6874474659884,535.716603569497
-26.2479105746833,-55.6813000049488,538.726620490491
-26.2431778362673,-55.675123346995,541.743844590016
-26.2384242278049,-55.6689173044419,544.768301784382
-26.2336496268501,-55.6626816880741,547.800018114301
-26.2251329646604,-55.6515535541262,553.192741540924
-26.2143388287319,-55.6374396602602,560
-26.19242750125,-55.6087552366258,573.724799718285
-26.1731415438243,-55.5834697174545,585.703166460287
-26.153519202631,-55.5577065854022,597.794365946859
-26.1525534306395,-55.5564376221392,598.386997236882
-26.1371579312647,-55.5361968124358,607.803266391352
-26.1335526075211,-55.5314535199516,610
-26.1327664624528,-55.5304190734543,610.478581138349
-26.1159866244824,-55.5083251940441,620.658098913648
-26.1126337330687,-55.503907218444,622.6840416075
-26.0944229086252,-55.4798925889264,633.641205778202
-26.0921471698601,-55.4768893213574,635.004994961893
-26.072457062231,-55.4508836130313,646.754516626808
-26.0712984639923,-55.4493522270675,647.44308825296
-26.0500790617953,-55.4212823437715,660
-26.0469648380555,-55.4171590527776,661.719773662561
-26.0438421500859,-55.4130236110222,663.442128107172
-26.0375712602389,-55.4047160827614,666.894602614602
-26.0312661444704,-55.396359366346,670.357470241551
-26.0249265540729,-55.3879530668898,673.830777988988
-26.0142166987058,-55.3737429253722,679.679239165515
-26.0034079791297,-55.3593903014796,685.557420936635
-26.0030300649443,-55.3588882731961,685.762506287605
-25.9809116206059,-55.3294814887109,697.714649662011
-25.9807190594613,-55.3292252666089,697.818265601651
-25.9694047973726,-55.3141641450993,703.893262828064
-25.9579829299441,-55.2989471082729,710
-25.9405055955862,-55.2756378587215,719.29425629553
-25.922774155355,-55.2519591608869,728.662576868828
-25.904783674969,-55.2279030391773,738.10585056905
-25.8865290998778,-55.2034612980936,747.624980525305
-25.8626175445199,-55.1713956223244,760
-25.8564980242892,-55.1631802221141,763.151704332378
-25.8503665532499,-55.1549450741396,766.3058592348
-25.8380676341806,-55.138415272386,772.621532191134
-25.8133250066425,-55.1051157872485,785.282411049003
-25.801478321079,-55.0891506588183,791.323321138095
-25.7895872766389,-55.0731117627959,797.373209296456
-25.7656712230401,-55.040810778638,809.5
-25.7407472346109,-55.0070879600339,822.080138932514
-25.7282137584286,-54.9901064500849,828.384305116467
-25.7156323028777,-54.9730441709709,834.697897215213
-25.6913705529263,-54.9400970618352,846.831503704974
-25.6791726171756,-54.9235101890624,852.91138122816
-25.6669296805389,-54.9068471308671,859
-25.6414995964162,-54.8721878370338,871.60348931928
-25.6287126551623,-54.8547356376748,877.918955197763
-25.6158774585925,-54.8372010242647,884.243595131338
-25.5912155787303,-54.8034629463801,896.354941210249
-25.5788176784472,-54.7864791076331,902.423247724747
-25.5663748493688,-54.7694180932466,908.5
-25.540511869144,-54.7339058396001,921.087941193903
-25.5275087515606,-54.7160257305341,927.395103104456
-25.5144575669639,-54.6980622537006,933.711083816563
-25.4893121025426,-54.6634035077932,945.839249902263
-25.4766723071987,-54.6459573651107,951.91554374812
-25.4639875186313,-54.6284327277272,958
-25.4376881385733,-54.592046486223,970.572443581608
-25.4111978704533,-54.555324531186,983.178802118096
-25.3855632851219,-54.5197201725474,995.323620858176
-25.359749038063,-54.4837979452347,1007.5
-25.3329813965197,-54.4464764186138,1020.07004160769
-25.3060225749495,-54.4088134571312,1032.67290433428
-25.2799206489715,-54.3722758553482,1044.82116506304
-25.2536386012243,-54.3354146034343,1057
-25.2264255406419,-54.2971717817959,1069.5546440837
-25.1990214095288,-54.2585823231934,1082.1409665081
-25.1724182366172,-54.2210455669378,1094.30565081738
-25.1456340988833,-54.1831784703003,1106.5
-25.1179132276773,-54.1439075880118,1119.06540313811
-25.0900002589759,-54.1042827171746,1131.66158906888
-25.0357120837774,-54.0269799639509,1156
-25.0080258935988,-53.9874362485091,1168.33192261882
-24.9801543548339,-53.9475453700604,1180.69249676883
-24.9520957647657,-53.9073030236508,1193.08182241803
-24.9238484001182,-53.8667048342531,1205.5
-24.8991292968084,-53.8311073739674,1216.32268603573
-24.8742667697998,-53.7952371009803,1227.16682464455
-24.8724259858366,-53.7925786734641,1227.96806731163
-24.8705844138497,-53.7899187424571,1228.76942721957
-24.866898903969,-53.7845943651982,1230.37249886094
-24.8632102364312,-53.7792639595715,1231.97603977464
-24.859518407521,-53.7739275159494,1233.58005016674
-24.8521252508308,-53.7632364763061,1236.78948021112
-24.8447194039245,-53.7525211686461,1240.00079064521
-24.8373008368719,-53.7417815152199,1243.21398312205
-24.8298695196501,-53.7310174379515,1246.42905929664
-24.8149685152507,-53.7094156995543,1252.86486936871
-24.8100175244671,-53.702233007973,1255
-24.8057969287018,-53.696107845362,1256.81888302067
-24.7961901909847,-53.6821588121751,1260.95463912357
-24.7823193936068,-53.6620006697061,1266.91556486065
-24.7684049440838,-53.6417580840429,1272.88278717215
-24.7614312902122,-53.631604968166,1275.86876266185
-24.7544466522204,-53.6214305535429,1278.85631604003
-24.7530302671353,-53.6193666792167,1279.46176837359
-24.7516134300384,-53.617301927581,1280.0672855322
-24.7373273829087,-53.5964706959845,1286.16558487831
-24.7229953192546,-53.5755499914147,1292.27046329956
-24.6941923309796,-53.5334379946632,1304.5
-24.675583799166,-53.5061827116017,1312.37329995064
-24.6568986306831,-53.4787769570692,1320.25731532995
-24.6381363891642,-53.4512195534867,1328.15206802809
-24.6192966349365,-53.4235093111513,1336.05757999491
-24.5763439890984,-53.3601864552881,1354
-24.565859381673,-53.3446985643392,1358.36264868231
-24.5387432637064,-53.3045860486015,1369.61505306817
-24.5114691534892,-53.2641574352619,1380.88870621486
-24.4840357726852,-53.2234091829701,1392.1836683677
-24.4564418290979,-53.182337698046,1403.5
-24.4258327589095,-53.1366787465785,1416.00091043435
-24.3950277361102,-53.0906213607972,1428.52728207025
-24.3728892775707,-53.0574556589502,1437.49595584382
-24.334455391731,-52.9997464290244,1453
-24.2976964575765,-52.944395837414,1467.75058586692
-24.260661687369,-52.8884748022771,1482.53582354711
-24.23557007557,-52.8504987340013,1492.51001140198
-24.2103512185743,-52.8122576736382,1502.5
-24.1467409841561,-52.7154776047612,1527.54507831142
-24.107643836976,-52.6557622525956,1542.83118695309
-24.0840928065849,-52.6197062580041,1552
-24.0490956426264,-52.5660079655213,1565.57126913744
-24.0138608633321,-52.5118014799826,1579.170417641
-23.9848331648699,-52.4670356237146,1590.32581136295
-23.9556433846166,-52.4219206230283,1601.5
-23.8899610670957,-52.3200386065626,1626.48639000535
-23.836741393311,-52.2371154585385,1646.57372505332
-23.8249641636963,-52.2187197899089,1651
-23.7906432946405,-52.1650179164712,1663.8601754062
-23.7561038099587,-52.1108327220226,1676.74440637374
-23.7241521858522,-52.0605807837054,1688.61198033775
-23.6920125205041,-52.0099100387575,1700.5
-23.6241112667272,-51.9024508662826,1725.4548124004
-23.5610021268497,-51.802077280436,1748.45502649824
-23.5567447113744,-51.7952886066047,1750
-23.5218422574946,-51.7395518401529,1762.63439076853
-23.48672291061,-51.6833191177255,1775.29117016255
-23.4530187914337,-51.6292108996231,1787.3853461322
-23.419113861124,-51.5746400005,1799.5
-23.3489736019182,-51.4612988681916,1824.39975341869
-23.3150316530875,-51.4062333528187,1836.37139519048
-23.2808903228212,-51.3507003456205,1848.36269448377
-23.2799811134543,-51.3492194811266,1848.68134029567
-23.279071762313,-51.3477382829342,1849
-23.2612585215336,-51.318702413527,1855.23500903794
-23.2433909045564,-51.2895382187758,1861.47531612652
-23.2074915897478,-51.2308215860907,1873.9718514899
-23.172135154235,-51.172835286392,1886.22570701501
-23.1365656689559,-51.114341263844,1898.5
-23.1006367588602,-51.0550944565623,1910.84442848281
-23.0644909529608,-50.9953254679378,1923.2092043829
-23.0281263459614,-50.935027630411,1935.59437804998
-22.9915410084867,-50.8741941624155,1948
-22.9566605239996,-50.8160365581854,1959.77676083581
-22.9215783196717,-50.7573856336762,1971.5719790383
-22.919534749522,-50.7539643014162,1972.25753325194
-22.917490492993,-50.7505412837928,1972.94314986794
-22.8991856947834,-50.7198667867862,1979.07486614926
-22.8808257790388,-50.689056652232,1985.21157586195
-22.8624105031799,-50.658110011355,1991.35328510815
-22.8439396230823,-50.627025987932,1997.5
-22.8067198448695,-50.5642561020907,2009.84502897631
-22.7692746218073,-50.5009248113084,2022.2100063482
-22.6936998502652,-50.3725488071018,2047
-22.6526631845338,-50.3025284577857,2060.36870830591
-22.6171309150474,-50.2417214902673,2071.89234040359
-22.540757159935,-50.1104579208119,2096.5
-22.4572369849429,-49.9660256783346,2123.16098513565
-22.3850417391601,-49.8404267327554,2146
-22.3812345432423,-49.8337838875752,2147.19913328747
-22.3043211471166,-49.6991658488311,2171.31202186828
-22.2264804311776,-49.5621089358326,2195.5
-22.1862651522412,-49.4909771095583,2207.91232549126
-22.145800131159,-49.4191801672118,2220.34447117778
-22.107561627428,-49.3511271028311,2232.04013039989
-22.0649952725729,-49.2751347833504,2245
-21.9832614660365,-49.1285148395059,2269.71064065429
-21.9005035341492,-48.9791098071007,2294.5
-21.8663447341097,-48.9171623495984,2304.66492071891
-21.832009561096,-48.8547296217305,2314.84316635167
-21.8167796918089,-48.8269834474278,2319.34536379588
-21.7329164258936,-48.6736109930138,2344
-21.6365024565011,-48.4960482681499,2372.0612614952
-21.5621410419829,-48.3581886872144,2393.5
-21.5546554682299,-48.344266941288,2395.64836841572
-21.5448009511065,-48.3259270661973,2398.47391666304
-21.5349320869334,-48.3075464181403,2401.3004964165
-21.5151511900689,-48.2706622722317,2406.95675270202
-21.4953125188151,-48.2336134303224,2412.61714179685
-21.4754158135558,-48.1963988114956,2418.28166823218
-21.4318870188511,-48.1147820350518,2430.63099049315
-21.3880790625026,-48.0323625582755,2443
-21.2994302293679,-47.8647189454389,2467.84827539613
-21.2551701570505,-47.7805851580544,2480.16420665138
-21.2106227977789,-47.6956121670779,2492.5
-21.1207327898284,-47.5232493846451,2517.20988262419
-21.0296581802172,-47.3473802211313,2542
-20.9779361012558,-47.2469455658344,2555.96968856544
-20.9258248451314,-47.1453449283341,2569.96536136428
-20.924570139058,-47.1428935524307,2570.30136722411
-20.9233152063852,-47.1404414939526,2570.63738807489
-20.9208046609858,-47.135535328154,2571.3094747533
-20.9157808481791,-47.1257147933392,2572.65382804564
-20.9057223201602,-47.1060408479219,2575.34325459725
-20.8855615391281,-47.0665609484842,2580.72498936814
-20.8450641478893,-46.987069037408,2591.5
-20.7982555927877,-46.8948756651942,2603.89554466347
-20.7511304216025,-46.8017180250538,2616.31173760945
-20.686245263043,-46.6728904588243,2633.30425228385
-20.6567095629732,-46.6140318071783,2641
-20.6091374016361,-46.5189444201287,2653.34395023328
-20.5612402115387,-46.4228499623691,2665.70856565713
-20.5130144424851,-46.3257325546642,2678.09389820886
-20.4644564818073,-46.2275759733235,2690.5
-20.445076846996,-46.1882973340418,2695.43330787115
-20.4012608964135,-46.0992717096714,2706.54938086619
-20.3571703786884,-46.0093801345749,2717.68249439006
-20.2681545920697,-45.826948798416,2740
-20.2481801339275,-45.7858380259453,2744.97932763395
-20.2032734819961,-45.6931780206966,2756.13924688407
-20.1581390758838,-45.5997198686117,2767.30765889383
-20.1127748520078,-45.5054531005562,2778.48457336147
-20.0671787142868,-45.4103670560226,2789.67
-20.031921462414,-45.3366090408656,2798.28585062775
-19.9475213139512,-45.1592164987475,2818.79348811137
-19.862316288911,-44.9789413561072,2839.33
-19.8161520995006,-44.8807654678507,2850.3872878975
-19.7351120872723,-44.7075612679613,2869.68099414036
-19.6943164613151,-44.6199541106164,2879.33733150893
-19.653335059365,-44.5316663467038,2889
-19.6528513075319,-44.5306224926943,2889.1000846569
-19.6523675028167,-44.5295784851071,2889.20017366278
-19.651399734705,-44.5274900090673,2889.40036472264
-19.6494635635153,-44.5233112126006,2889.80079904268
-19.6455886793327,-44.5149462347033,2890.60187654757
-19.637828728225,-44.4981866795951,2892.20486752515
-19.6222679703418,-44.4645486943438,2895.41419742546
-19.5909820269154,-44.3967933672299,2901.84628168333
-19.5594748816955,-44.3283913908251,2908.29632769777
-19.5277441639851,-44.2593336480904,2914.76441081194
-19.4672724690881,-44.1272499940223,2927.01472392131
-19.4059800881031,-43.9927355757186,2939.33
-19.3415331394467,-43.8506018243746,2952.17095087527
-19.30897017359,-43.7785137473753,2958.61750086836
-19.2761776473999,-43.7057320103742,2965.08152815299
-19.2136014810433,-43.5663285795651,2977.33921702579
-19.1501800396176,-43.4243456784643,2989.66
-19.0835450681258,-43.2744097216473,3002.49571543133
-19.0159752473664,-43.1215723590545,3015.39890143113
-18.9511966282306,-42.9742904591442,3027.66381416945
-18.885545259576,-42.8242635530933,3039.99
-18.8166249405079,-42.6659385346811,3052.81908434385
-18.7467402261734,-42.504527987497,3065.71352997519
-18.6796410628426,-42.3487226608068,3077.98700900047
-18.6116380034544,-42.1899863762946,3090.32
-18.5402748489306,-42.0225016735958,3103.14955388861
-18.4679127663519,-41.8517214297978,3116.04247592231
-18.3983789196611,-41.6867093158075,3128.32235675033
-18.32790626988,-41.5185581929703,3140.66
-18.2540180135987,-41.3412675317467,3153.48051912725
-18.179092654609,-41.1604487475297,3166.3623986169
-18.1069849564308,-40.9854364603854,3178.6481624524
-18.033898320211,-40.8070490912951,3190.99
-17.8795684984608,-40.4270402846232,3216.69183982688
-17.8047517041556,-40.2411826267987,3228.97873402073
-17.7289105232272,-40.0516835042535,3241.32
-17.5727627489891,-39.658028858261,3266.37483646147
-17.4121936235494,-39.2482765910956,3291.65
-17.3543918644896,-39.0995357282362,3300.62894076405
-17.3126657693054,-38.9917528711931,3307.07193322699
-17.2457556426485,-38.8181981995699,3317.33618064189
-17.1049376946047,-38.4500315266475,3338.6688674973
-17.0828635885023,-38.3919602851709,3341.98
-16.9874438395208,-38.139811765919,3356.19208780315
-16.8904578700334,-37.8816465590877,3370.47067351015
-16.8156445572958,-37.6812028218791,3381.37088028597
-16.7398738986565,-37.4770355749663,3392.31
-16.739495756724,-37.4760137242505,3392.36434000005
-16.6696247866948,-37.286700935417,3402.36247766525
-16.4413323691242,-36.6611712749487,3434.44472730291
-16.3819788034824,-36.496779704983,3442.64
-16.2051225352157,-36.0026024183891,3466.70910756626
-16.0489053629311,-35.5606612049974,3487.5369695979
-16.0076510984431,-35.4430968731682,3492.97
-15.9608184059499,-35.3092009047313,3499.1039710572
-15.7070144191022,-34.5754966667222,3531.7293278752
-15.6150100338265,-34.3061460743878,3543.3
-15.4430858347293,-33.7979726951665,3564.56143118921
-15.2644764117072,-33.2633159185594,3586.15679406558
-15.2016004605812,-33.0734636461739,3593.64
-15.1686634024055,-32.9736700605594,3597.53542656682
-14.8815722812494,-32.0938761973538,3630.78033222899
-14.7645250250311,-31.7300416064595,3643.97
-14.5809922715035,-31.1535237369133,3664.23116754033
-14.3571483764549,-30.4404115113626,3688.25154454241
-14.299642208398,-30.2554397306884,3694.3
-14.2653421153451,-30.144766645504,3697.88393367011
-13.9317382797793,-29.0549085578859,3731.82301655774
-13.8014002586644,-28.6224804274772,3744.63
-13.5781786023561,-27.8732561361844,3765.97595971175
-13.2716258078314,-26.8266293343045,3794.08314579437
-13.2618099035888,-26.7927785947171,3794.96
-13.2012015501583,-26.5833045818856,3800.34253176438
-12.7950723238399,-25.1592067709155,3835.00544199814
-12.6687030387725,-24.708887027864,3845.29
-12.3534936461092,-23.570915946168,3869.90796215946
-12.3109978368948,-23.4159039704869,3873.11357344114
-12.268107345505,-23.2590714529239,3876.32157748084
-12.1810989312505,-22.9397471478809,3882.74477455844
-12.0018378937531,-22.2769410101289,3895.62
-11.9661584360623,-22.144235170491,3898.12496232423
-11.8866650165604,-21.8476399245033,3903.63740321895
-11.7164392815475,-21.2082405301921,3915.12230326423
-11.538865768058,-20.535106889693,3926.63688105051
-11.2227355650089,-19.3215726425216,3945.95
-11.0587424155709,-18.6845797221609,3955.36729693952
-11.0360080497812,-18.5958787753488,3956.64036192071
-11.0131245706733,-18.5064998759309,3957.91377751133
-10.9900890083426,-18.4164298155911,3959.18754385624
-10.9668982918111,-18.3256549417327,3960.46166110037
-10.9200385887725,-18.1419338373318,3963.01094886649
-10.8725186676857,-17.9552175665622,3965.5616419708
-10.8243097817457,-17.765378550932,3968.11374157569
-10.7753810122748,-17.5722796774558,3970.66724884483
-10.6752279446005,-17.1757003122617,3975.77849103703
-10.5717586594963,-16.7641481381511,3980.89537788254
-10.4646183501833,-16.3360551143096,3986.01791873711
-10.3533834013879,-15.8895518949025,3991.1461229772
-10.2375411090942,-15.4223793417578,3996.28
-9.98843366786609,-14.4104807977377,4006.60462496822
-9.71086945198508,-13.271786302704,4016.9514704491
-9.23692188891178,-11.3022657456153,4031.76290879415
-8.55595600211097,-8.42424547117782,4046.62
-7.59885714375451,-4.30711786638613,4054.40420050281
-6.65208077720194,-0.188805860854385,4046.62
-5.99079358381339,2.69147280131969,4031.76290879415
-5.53644689528891,4.66324341346398,4016.9514704491
-5.2725740538075,5.80350994511483,4006.60462496822
-5.03712919513615,6.81697751068544,3996.28
-4.92808003864197,7.28493030098819,3991.1461229772
-4.82362920851021,7.73221279362119,3986.01791873711
-4.7232642245332,8.16108415220718,3980.89537788254
-4.62656164982417,8.57341374282274,3975.77849103703
-4.53316682108408,8.97076962252083,3970.66724884483
-4.4876140351459,9.16425641961821,3968.11374157569
-4.44277905658851,9.35448313807227,3965.5616419708
-4.39863097791684,9.54158689212378,3963.01094886649
-4.35514106242673,9.72569526139597,3960.46166110037
-4.3336344723898,9.81666368615556,3959.18754385624
-4.31228252618626,9.90692724316783,3957.91377751133
-4.2910821538419,9.99649958514119,3956.64036192071
-4.27003038640678,10.0853939204979,3955.36729693952
-4.11848260394993,10.72381737979,3945.95
-3.82786081002552,11.9402844603954,3926.63688105051
-3.66548503807019,12.6151659475684,3915.12230326423
-3.51041052373233,13.2563081983469,3903.63740321895
-3.43818677517122,13.5537398078231,3898.12496232423
-3.40581026770045,13.6868256737328,3895.62
-3.24351823519305,14.3515844775085,3882.74477455844
-3.16497032657478,14.6718825229783,3876.32157748084
-3.12630412411242,14.8292012664169,3873.11357344114
-3.08802863833768,14.9846990395194,3869.90796215946
-2.80520244112672,16.12639865143,3845.29
-2.69234668625734,16.5782748005061,3835.00544199814
-2.33168346785768,18.0076112211856,3800.34253176438
-2.27812451158982,18.2178977599963,3794.96
-2.2694567218969,18.2518808407247,3794.08314579437
-1.99965625658337,19.3027451190495,3765.97595971175
-1.80428209776796,20.055181598473,3744.63
-1.69062361694204,20.4895342895579,3731.82301655774
-1.4011082749147,21.5844816313982,3697.88393367011
-1.37145437968182,21.6956912195572,3694.3
-1.32178492589737,21.881567994357,3688.25154454241
-1.12900499887414,22.5982684890813,3664.23116754033
-0.971602190095663,23.1778058775353,3643.97
-0.871527751267124,23.5436023930849,3630.78033222899
-0.627077083228691,24.4283271879429,3597.53542656682
-0.599123259260882,24.5286972232401,3593.64
-0.545812049249747,24.7196560353806,3586.15679406558
-0.394742971863607,25.2574997579437,3564.56143118921
-0.249842701966163,25.7688015057483,3543.3
-0.172506115391993,26.0398505758385,3531.7293278752
0.0400953306712424,26.7783277682482,3499.1039710572
0.0792071253445066,26.9131184391438,3492.97
0.113629818680735,27.0314744977623,3487.5369695979
0.243721205361439,27.4764441835497,3466.70910756626
0.390512158786358,27.97410797136,3442.64
0.439660190100735,28.13968335024,3434.44472730291
0.628161170839391,28.7698302974884,3402.36247766525
0.685683808671964,28.9605764734613,3392.36434000005
0.685994905724581,28.9616061073819,3392.31
0.748284610569979,29.1673384991934,3381.37088028597
0.809696194615256,29.3693384754583,3370.47067351015
0.88917421871615,29.6295371838082,3356.19208780315
0.967221294450248,29.8837039853833,3341.98
0.985255688061418,29.942244613573,3338.6688674973
1.10011989725528,30.3134275652122,3317.33618064189
1.15458741216985,30.4884286751021,3307.07193322699
1.18851816717313,30.5971178593836,3300.62894076405
1.23547577552671,30.7471196850251,3291.65
1.36564409858493,31.1604079945225,3266.37483646147
1.49184008042,31.5575479335579,3241.32
1.55299628606673,31.7487563863178,3228.97873402073
1.61323882139275,31.9363108362017,3216.69183982688
1.73723147582919,32.3198527311112,3190.99
1.79582303008215,32.4999287411055,3178.6481624524
1.85354937921001,32.6766167606893,3166.3623986169
1.91344705856819,32.8591869518976,3153.48051912725
1.97243168575184,33.038214929594,3140.66
2.02861219678413,33.2080324310143,3128.32235675033
2.08397039268723,33.3746976742937,3116.04247592231
2.14150251362124,33.5472077061899,3103.14955388861
2.19816300767417,33.7164077067079,3090.32
2.25208433930334,33.8767871821601,3077.98700900047
2.30522090602095,34.0342221220408,3065.71352997519
2.36049172451964,34.1973386427379,3052.81908434385
2.41492840762329,34.3573547774118,3039.99
2.46671734582613,34.5090005929478,3027.66381416945
2.51775509199143,34.657887520778,3015.39890143113
2.57092575536555,34.812407139523,3002.49571543133
2.62329475089515,34.9640101323495,2989.66
2.67307746014827,35.1075870896935,2977.33921702579
2.72213875586933,35.2485704052416,2965.08152815299
2.74782600262029,35.3221828693689,2958.61750086836
2.77331785711533,35.3950977620943,2952.17095087527
2.82372436064634,35.5388734909766,2939.33
2.87160738154938,35.6749563904481,2927.01472392131
2.91879573243193,35.808594081308,2914.76441081194
2.94353518644833,35.8784698598999,2908.29632769777
2.96808589725885,35.9476858778259,2901.84628168333
2.99245003488904,36.0162512744271,2895.41419742546
3.00456281180401,36.0502928120101,2892.20486752515
3.01060199221439,36.0672537738695,2890.60187654757
3.01361729466134,36.0757193629369,2889.80079904268
3.01512387571998,36.0799484419557,2889.40036472264
3.01587689892951,36.0820620535157,2889.20017366278
3.01625334373198,36.0831186274244,2889.1000846569
3.01662974401006,36.0841750467962,2889
3.04850452414671,36.1735287992783,2879.33733150893
3.0802107799978,36.2622000640218,2869.68099414036
3.14312390775311,36.4375268205294,2850.3872878975
3.17892006610999,36.5369169944151,2839.33
3.24490883404017,36.7194431876419,2818.79348811137
3.31017220025615,36.8990780857687,2798.28585062775
3.33740527612607,36.9737765181097,2789.67
3.37259806806366,37.0700819746732,2778.48457336147
3.40758264237279,37.1655655584595,2767.30765889383
3.44236111420458,37.2602379265985,2756.13924688407
3.47693556438561,37.3541095450612,2744.97932763395
3.4923051351588,37.3957603708958,2740
3.56073113404395,37.5806068790806,2717.68249439006
3.59458213283519,37.6716998106574,2706.54938086619
3.62819537720985,37.7619226482548,2695.43330787115
3.64305383503347,37.8017318708516,2690.5
3.68026043853494,37.9012207442142,2678.09389820886
3.71717999558685,37.9996653615616,2665.70856565713
3.75381600135816,38.0970819579227,2653.34395023328
3.79017188643511,38.1934864241352,2641
3.81272806427994,38.2531647584943,2633.30425228385
3.86223799086592,38.3837982995605,2616.31173760945
3.89815993183223,38.4782721232635,2603.89554466347
3.9338102582923,38.5717766035106,2591.5
3.96462958198189,38.6524058724692,2580.72498936814
3.97996394837168,38.6924530272212,2575.34325459725
3.98761241934841,38.7124102448322,2572.65382804564
3.99143199063747,38.7223723269339,2571.3094747533
3.99334061195784,38.7273492441804,2570.63738807489
3.99429463175231,38.7298366728345,2570.30136722411
3.99524845771803,38.7323234152155,2569.96536136428
4.03484433805768,38.8353952889452,2555.96968856544
4.07410781089219,38.9372947711237,2542
4.14315610647166,39.1157543350248,2517.20988262419
4.21119579298006,39.2906876357296,2492.5
4.24487409423835,39.3769395885781,2480.16420665138
4.27830865090988,39.4623474143102,2467.84827539613
4.34519557972865,39.6325527570127,2443
4.37821035963818,39.7162430659316,2430.63099049315
4.41098926253071,39.7991257757813,2418.28166823218
4.42596381792777,39.8369201048547,2412.61714179685
4.44088942370971,39.8745476283882,2406.95675270202
4.4557663256149,39.9120094287155,2401.3004964165
4.46318658927884,39.9306785192385,2398.47391666304
4.47059476829723,39.9493065805276,2395.64836841572
4.47622121709983,39.9634473439723,2393.5
4.53207359649744,40.1034877372674,2372.0612614952
4.60438006192448,40.2838917894309,2344
4.66717388070533,40.4397483196702,2319.34536379588
4.67856749374939,40.4679468683823,2314.84316635167
4.70424274896199,40.5314008736033,2304.66492071891
4.72977070676034,40.594366307706,2294.5
4.79155475218406,40.7462456677516,2269.71064065429
4.85248610904448,40.8953204620901,2245
4.88418412687518,40.972595626046,2232.04013039989
4.9126391638896,41.0418036562933,2220.34447117778
4.94273032504018,41.1148254423658,2207.91232549126
4.97261468464108,41.1871772268631,2195.5
5.03039928113874,41.3266030541623,2171.31202186828
5.08741851843645,41.463571563989,2147.19913328747
5.09023897504825,41.4703310090522,2146
5.14368751367559,41.5981455141635,2123.16098513565
5.20543672543359,41.7451514983758,2096.5
5.26182415867809,41.8787785543774,2071.89234040359
5.28803256239747,41.940688354609,2060.36870830591
5.31828095588744,42.0119849359186,2047
5.37393157445297,42.1427184609476,2022.2100063482
5.40147807515503,42.207221272419,2009.84502897631
5.42884113239943,42.2711578774578,1997.5
5.44241396058657,42.302821735817,1991.35328510815
5.45594163876552,42.3343470156922,1985.21157586195
5.46942438829673,42.3657345957455,1979.07486614926
5.48286242900195,42.396985347192,1972.94314986794
5.48436291003992,42.4004727537879,1972.25753325194
5.48586283463526,42.4039584601499,1971.5719790383
5.51160401014733,42.4637155540775,1959.77676083581
5.53718182218326,42.5229749367469,1948
5.5639933749711,42.5849661428184,1935.59437804998
5.59062652515137,42.6464168701877,1923.2092043829
5.61708301176475,42.707333920903,1910.84442848281
5.64336454999847,42.7677239829987,1898.5
5.6693672937278,42.8273518659832,1886.22570701501
5.6951986545763,42.8864672467367,1873.9718514899
5.72141071751999,42.9463323474325,1861.47531612652
5.73445087362367,42.9760689210776,1855.23500903794
5.74744739699854,43.0056759362282,1849
5.74811075302288,43.0071863045598,1848.68134029567
5.74877399536323,43.0086963359679,1848.36269448377
5.77367170025279,43.0653255345214,1836.37139519048
5.79840968439611,43.1214826867119,1824.39975341869
5.84948500777142,43.2370854895133,1799.5
5.87415240825911,43.2927524648167,1787.3853461322
5.89865966999135,43.3479520819856,1775.29117016255
5.92418111554926,43.4053239541663,1762.63439076853
5.94952993006621,43.4621947778395,1750
5.95262096562014,43.4691219168719,1748.45502649824
5.99841440072559,43.5715513944947,1725.4548124004
6.0476306950932,43.6812296222896,1700.5
6.07090659834169,43.7329532567412,1688.61198033775
6.09403384737711,43.7842535435263,1676.74440637374
6.11902027545395,43.8395738096843,1663.8601754062
6.14383419957711,43.8944054358313,1651
6.15234582096029,43.9131892080827,1646.57372505332
6.19078770674674,43.997868868708,1626.48639000535
6.23818444377074,44.1019248741154,1601.5
6.25923124625849,44.1480081909891,1590.32581136295
6.28015100306678,44.1937383137422,1579.170417641
6.30553047405247,44.2491170344311,1565.57126913744
6.33072402671172,44.3039815836882,1552
6.3476695320496,44.340823480507,1542.83118695309
6.37578615059199,44.4018454286945,1527.54507831142
6.42149222733254,44.5007564094387,1502.5
6.43959944595245,44.5398440386447,1492.51001140198
6.45760777902371,44.5786633891367,1482.53582354711
6.4841740617286,44.6358308874077,1467.75058586692
6.5105263551719,44.6924207713,1453
6.53806226334135,44.751428011719,1437.49595584382
6.55391538689508,44.7853424284647,1428.52728207025
6.57596489611115,44.8324428963483,1416.00091043435
6.59786303493453,44.8791397541704,1403.5
6.61759463007735,44.9211481530223,1392.1836683677
6.63720251029044,44.9628290377285,1380.88870621486
6.65668776470432,45.0041860246772,1369.61505306817
6.67605146962283,45.0452226778209,1358.36264868231
6.68353624367953,45.0610681969558,1354
6.7141858962046,45.1258579347903,1336.05757999491
6.72762252309207,45.1542124757323,1328.15206802809
6.7409997348226,45.1824120717841,1320.25731532995
6.75431789914188,45.2104579207196,1312.37329995064
6.76757738076256,45.2383512081606,1304.5
6.7880929282311,45.2814517849455,1292.27046329956
6.79829763968473,45.3028648728713,1286.16558487831
6.80846720175848,45.3241872217708,1280.0672855322
6.80947565143948,45.3263006977265,1279.46176837359
6.81048375600477,45.3284132839176,1278.85631604003
6.81545469303425,45.3388279571546,1275.86876266185
6.82041724552633,45.349221028731,1272.88278717215
6.83031727525405,45.3699426188241,1266.91556486065
6.84018400312655,45.3905785594711,1260.95463912357
6.84701626094833,45.404858683038,1256.81888302067
6.85001758548307,45.4111293507866,1255
6.85353804007244,45.4184827627963,1252.86486936871
6.86413183807839,45.4405985460698,1246.42905929664
6.86941413333426,45.4516191114626,1243.21398312205
6.87468672574795,45.4626148975731,1240.00079064521
6.87994964015316,45.4735859830624,1236.78948021112
6.88520290129939,45.4845324462644,1233.58005016674
6.88782591966024,45.4899964689989,1231.97603977464
6.89044653394938,45.4954543653891,1230.37249886094
6.8930647472369,45.5009061451352,1228.76942721957
6.89437295446915,45.5036297443052,1227.96806731163
6.89568056259995,45.5063518179427,1227.16682464455
6.91333790794941,45.5430822359378,1216.32268603573
6.930886294566,45.5795358193394,1205.5
6.95093077919959,45.6211134766424,1193.08182241803
6.97083217782556,45.6623299553301,1180.69249676883
6.99059190643187,45.7031896651764,1168.33192261882
7.01021136255789,45.7436969456575,1156
7.04865634993791,45.8228924958498,1131.66158906888
7.06841015136224,45.8634923244391,1119.06540313811
7.08801915725012,45.9037326310849,1106.5
7.10695717571726,45.9425375063471,1094.30565081738
7.1257591103397,45.9810067869822,1082.1409665081
7.14511866354178,46.0205579725774,1069.5546440837
7.16433474674378,46.0597569462657,1057
7.18288538888975,46.0975427070655,1044.82116506304
7.20130110444892,46.1349995203245,1032.67290433428
7.22031324454423,46.1736129557841,1020.07004160769
7.2391823828824,46.2118793070056,1007.5
7.25737174303088,46.2487137357074,995.323620858176
7.27542702802249,46.2852249461797,983.178802118096
7.2940771751143,46.3228850691896,970.572443581608
7.31258507247011,46.3602037686867,958
7.32150905585576,46.3781785256918,951.91554374812
7.33039957712489,46.3960734333647,945.839249902263
7.348080914227,46.4316256650905,933.711083816563
7.35725519987501,46.450053262024,927.395103104456
7.36639378703794,46.4683960376089,921.087941193903
7.38456461921209,46.5048292856179,908.5
7.39330402840187,46.5223337552169,902.423247724747
7.40201014880101,46.5397596801363,896.354941210249
7.41932320963382,46.5743778438013,884.243595131338
7.42833103345291,46.5923708576072,877.918955197763
7.43730315242062,46.6102799806651,871.60348931928
7.4551410414222,46.6458487149761,859
7.4637262433284,46.6629499568138,852.91138122816
7.47227821922293,46.679973626828,846.831503704974
7.48928318762361,46.7137901926689,834.697897215213
7.49809888955976,46.7313036957099,828.384305116467
7.50687921360416,46.7487349452911,822.080138932514
7.5243344944891,46.7833528141572,809.5
7.54107736017041,46.8165135290214,797.373209296456
7.54939952710561,46.8329802019017,791.323321138095
7.55768908201136,46.8493717222448,785.282411049003
7.57499735451953,46.8835624351083,772.621532191134
7.58359831389733,46.9005355843846,766.3058592348
7.58788558547749,46.9089918423098,763.151704332378
7.5921640841007,46.917427977643,760
7.60887800003837,46.9503566964836,747.624980525305
7.6216334758733,46.9754578784213,738.10585056905
7.63420079777595,47.0001643883183,728.662576868828
7.64658365597415,47.0244845830772,719.29425629553
7.65878565026583,47.048426596196,710
7.66675812674131,47.0640574061148,703.893262828064
7.6746540718757,47.079528594646,697.818265601651
7.67478844331041,47.0797917974677,697.714649662011
7.6902202272792,47.1100007873054,685.762506287605
7.69048384669048,47.1105165283572,685.557420936635
7.69802295502862,47.1252614411937,679.679239165515
7.70549183324751,47.1398604553981,673.830777988988
7.70991236368009,47.148497024703,670.357470241551
7.71430841556791,47.1570828182033,666.894602614602
7.71868016960187,47.165618238843,663.442128107172
7.72085699139075,47.1698671850471,661.719773662561
7.72302780571732,47.1741036873048,660
7.73781624946694,47.2029453435014,647.44308825296
7.7386235688548,47.2045188882668,646.754516626808
7.75234151451247,47.2312413813307,635.004994961893
7.75392672904439,47.234327530502,633.641205778202
7.76660981682912,47.2590056695025,622.6840416075
7.76894456988405,47.2635458611546,620.658098913648
7.78062718939538,47.2862516327931,610.478581138349
7.78117445099477,47.2873147570651,610
7.78368414923392,47.2921895798772,607.803266391352
7.79439948883719,47.3129922695746,598.386997236882
7.79507158394868,47.3142964917664,597.794365946859
7.80872484757992,47.3407763071699,585.703166460287
7.82213994132744,47.3667667811863,573.724799718285
7.83737626886776,47.3962527945197,560
7.84488018013798,47.4107618360599,553.192741540924
7.85079992843368,47.4222018668195,547.800018114301
7.85411830365869,47.4286123854861,544.768301784382
7.85742184140143,47.4349925949434,541.743844590016
7.86071063007039,47.4413426884466,538.726620490491
7.86398475741494,47.447662857693,535.716603569497
7.86532702283396,47.4502534165097,534.480806121155
7.86599723309168,47.4515468142142,533.863362308618
7.86633210793467,47.4521930433546,533.554754032585
7.86666682937762,47.4528389596245,533.246221472873
7.86816631658944,47.4557323326683,531.863248856533
7.8696627278516,47.4586194335509,530.481796516729
7.87040978265351,47.4600606377094,529.791639667362
7.87115607162124,47.4615002807032,529.101861948018
7.87190159580215,47.4629383648154,528.412463046378
7.87227407142701,47.4636568230083,528.067905554689
7.8724602376798,47.4640159062627,527.895662281578
7.87264635624772,47.4643748923362,527.723442650462
7.87617651196355,47.4711828822961,524.453026404614
7.87693638715995,47.472648075014,523.748093657487
7.8855629203464,47.4892756928568,515.721110339925
7.89168217940951,47.5010637757675,510
7.90101358904268,47.5190289031763,501.231837635871
7.91204829310131,47.5402564265606,490.793867695779
7.92291181337835,47.5611368314561,480.443297181012
7.93360767485824,47.5816777356886,470.179032946135
7.9441393120842,47.6018865467837,460
7.94917196312837,47.6115376849877,455.110153799645
7.95416740000737,47.6211137184038,450.239855181777
7.95912598893342,47.6306154334302,445.388987165494
7.9640480916172,47.6400436060798,440.55743370145
7.96893406533428,47.6493990021462,435.745079662605
7.97378426299056,47.6586823773666,430.951810835079
7.97859903318621,47.6678944775815,426.177513909115
7.98337872027903,47.677036038892,421.42207647015
7.98625134449089,47.6825285428383,418.556340878194
7.98911134590008,47.68799569185,415.697432495386
7.99195879838659,47.6934376435152,412.845326953464
7.99337784190701,47.6961492196017,411.421817664446
7.99479377565641,47.6988545548864,410
8.00496403179023,47.7182774623199,399.307878836069
8.01498776142186,47.7374054991099,388.697138499809
8.02486776822663,47.7562446762091,378.166853394176
8.03460678901639,47.774800850381,367.716111905669
8.04175519907118,47.7884120761742,360
8.04420750548887,47.7930797477011,357.344016141245
8.05077021520183,47.8055666992671,350.213610508655
8.0536725174613,47.8110869136739,347.049681671167
8.0596647000575,47.8224801752973,340.49665633665
8.06844078427984,47.8391570362695,330.84840112145
8.07710057046155,47.8556017428916,321.268118876023
8.08721689680828,47.8747983557493,310
8.09593919358485,47.8913375522188,300.217481876511
8.10454333743199,47.9076417165655,290.505624974055
8.11303145398048,47.9237153301254,280.863666446062
8.12140562120731,47.9395627667908,271.290854387338
8.13121506239018,47.9581132221373,260
8.13965172088039,47.9740563175353,250.221496159884
8.14797255026004,47.9897702838608,240.514923480173
8.15617966215252,48.0052595368579,230.879491175603
8.16427512022265,48.0205283853214,221.314420010072
8.16904931295589,48.029528488988,215.644922069009
8.17378495579366,48.0384526202464,210
8.1783140380593,48.046984422983,204.581591531031
8.18283324976169,48.0554946379214,199.16578174378
8.19184218179684,48.0724506136578,188.341950740003
8.19669027828537,48.0815704450381,182.501932901358
8.20152700698092,48.0906654680443,176.664936727765
8.21116651002127,48.1087814708658,165
8.21326031123451,48.1127146627211,162.460614540196
8.22144930790406,48.1280914934821,152.509498489537
8.22960569235092,48.1433973615526,142.567164179106
8.23445729417522,48.1524970368926,136.638571687629
8.24125269519981,48.1652367395622,128.316210957766
8.24802549500882,48.1779273782525,120
8.25437894207838,48.1898261782447,112.178010498598
8.26361023066472,48.2071041642796,100.775120697231
8.26831329653483,48.2159020180819,94.9483509011809
8.27300260932068,48.224670944331,89.126912393105
8.27712466024796,48.2323764636132,84
8.27767822421387,48.2334110755581,83.3107978594423
8.28234019612155,48.2421225435085,77.5
8.28657828022936,48.2500391875689,72.2074135776759
8.29080511301238,48.2579322187275,66.9192339716901
8.29502073545724,48.2658017351104,61.6354556803995
8.29922518835895,48.2736478343155,56.3560732113143
8.30347472303557,48.281575458983,51.0103056534594
8.30771287006711,48.2894792337904,45.6690413893526
8.31193967131759,48.297359258682,40.3322747310044
8.31404883037559,48.3012903961281,37.6655762291114
8.31510235177626,48.3032537515038,36.332647874741
8.31562884822684,48.3042348765283,35.6662888829499
8.31615516861797,48.3052156333663,35
8.31739179988667,48.3075198411479,33.125
8.31862780363858,48.3098226585459,31.25
8.32109793052425,48.3144241272297,27.5
8.32356555313444,48.3190200494797,23.75
8.32479842654013,48.3213159338297,21.875
8.3254146289785,48.3224633573592,20.9375
8.32572267165784,48.323036939531,20.46875
8.32603067532062,48.3236104353335,20
8.32759968034624,48.3265316740141,17.3283812080545
8.32916753504423,48.3294504154156,14.6567624161089
8.33131601771294,48.3334494852574,10.9925718120812
8.33346234221069,48.337443871798,7.32838120805445
8.33560651181718,48.3414335832693,3.66419060402677
8.33667778955929,48.3434266884213,1.83209530201384
8.33721322684384,48.3444228037999,0.916047651006011
8.33748089511182,48.3449207522458,0.458023825503005
8.33774852980542,48.3454186278842,0
