# eq_lat_degN eq_lon_degE
# BFO_lat_degN BFO_lon_degE
-56.04 -25.33
48.331 8.33
>
-33.61 -72.03
48.331 8.33
>
-2.39 141.22
48.331 8.33
>
-31.63 -71.55
48.331 8.33
>
-56.66 -26.55
48.331 8.33
>
-31.4 -71.94
48.331 8.33
>
-26.79 -70.91
48.331 8.33
>
-11.61 -76.55
48.331 8.33
>
-23.22 -66.64
48.331 8.33
>
1.55 127.22
48.331 8.33
>
-53.65 -51.52
48.331 8.33
>
-22.39 -66
48.331 8.33
>
-13.31 -69.39
48.331 8.33
>
-5.05 104.24
48.331 8.33
>
13.07 119.56
48.331 8.33
>
-28.3 -63.17
48.331 8.33
>
-28.3 -63.17
48.331 8.33
>
-28.5 -63.06
48.331 8.33
>
-13.83 -67.56
48.331 8.33
>
-10.41 113.54
48.331 8.33
>
-26.65 -63.38
48.331 8.33
>
-17.5 -69.65
48.331 8.33
>
12.38 125.36
48.331 8.33
>
11.77 126.04
48.331 8.33
>
12.62 125.31
48.331 8.33
>
-3.98 153.95
48.331 8.33
>
-55.9 -28.9
48.331 8.33
>
-10.53 -78.7
48.331 8.33
>
-28.96 -71.5
48.331 8.33
>
0.72 119.98
48.331 8.33
>
1.73 126.1
48.331 8.33
>
-23.94 -70.09
48.331 8.33
>
-53.77 8.8
48.331 8.33
>
18.73 145.63
48.331 8.33
>
1.02 120.25
48.331 8.33
>
1 120.45
48.331 8.33
>
9.6 126.29
48.331 8.33
>
-22 -65.72
48.331 8.33
>
-14.49 -76.28
48.331 8.33
>
13.99 144.9
48.331 8.33
>
-30.06 -71.87
48.331 8.33
>
9.79 125.78
48.331 8.33
>
-30.93 -71.22
48.331 8.33
>
-6.74 129.02
48.331 8.33
>
-13.74 -68.79
48.331 8.33
>
-12.03 -72.07
48.331 8.33
>
-30.99 -71.41
48.331 8.33
>
-43.4 41.39
48.331 8.33
>
-32.31 -71.29
48.331 8.33
>
3.84 126.41
48.331 8.33
>
-16.12 -71.4
48.331 8.33
>
-2.07 124.89
48.331 8.33
>
-16.66 -72.66
48.331 8.33
>
5.51 126.64
48.331 8.33
>
-20.93 -67.28
48.331 8.33
>
-56.12 -26.58
48.331 8.33
>
-18.9 -69.17
48.331 8.33
>
-36.21 -97.32
48.331 8.33
>
15.77 119.74
48.331 8.33
>
16.09 119.48
48.331 8.33
>
-7.32 128.49
48.331 8.33
>
-28.31 -62.99
48.331 8.33
>
-28.38 -62.94
48.331 8.33
>
-23.55 -66.45
48.331 8.33
>
-4.3 123.16
48.331 8.33
>
-33.88 -70.09
48.331 8.33
>
-53.02 -45.97
48.331 8.33
>
-55.63 -29.88
48.331 8.33
>
-32.67 -73.11
48.331 8.33
>
-4.07 -104.47
48.331 8.33
>
-19.52 -66.25
48.331 8.33
>
-17 -65.71
48.331 8.33
>
-16.09 -73.99
48.331 8.33
>
-19.45 -69.25
48.331 8.33
>
-21.66 -68.33
48.331 8.33
>
13.09 144.62
48.331 8.33
>
-30.81 -71.12
48.331 8.33
>
-3.31 142.68
48.331 8.33
>
-3.28 142.77
48.331 8.33
>
-56.05 -36.4
48.331 8.33
>
-56.95 -24.83
48.331 8.33
>
-57.09 -24.98
48.331 8.33
>
-46.05 35.06
48.331 8.33
>
1.69 127.3
48.331 8.33
>
-48.21 32.27
48.331 8.33
>
-30.61 -71.64
48.331 8.33
>
-3.33 146.15
48.331 8.33
>
-3.83 152.17
48.331 8.33
>
-1.53 149.69
48.331 8.33
>
-4.62 -106.04
48.331 8.33
>
-37.69 -73.41
48.331 8.33
>
-34.93 -70.39
48.331 8.33
>
-57.98 -25.34
48.331 8.33
>
-52.51 28.02
48.331 8.33
>
13.93 120.53
48.331 8.33
>
-57.07 -24.68
48.331 8.33
>
-24.98 -63.47
48.331 8.33
>
-24.22 -67
48.331 8.33
>
-56.29 -27.08
48.331 8.33
>
-19.99 -69.2
48.331 8.33
>
-36.31 -97.26
48.331 8.33
>
-5.68 -76.4
48.331 8.33
>
-22.32 -67.89
48.331 8.33
>
-3.6 127.21
48.331 8.33
>
-29.77 -72
48.331 8.33
>
-27.01 -70.96
48.331 8.33
>
-27.21 -71.06
48.331 8.33
>
-0.14 124.71
48.331 8.33
>
-0.39 123.19
48.331 8.33
>
-28.72 -72.54
48.331 8.33
>
-24.41 -67.03
48.331 8.33
>
-31.75 -67.18
48.331 8.33
>
19.88 -155.93
48.331 8.33
>
-26.04 -63.22
48.331 8.33
>
-1.03 126.98
48.331 8.33
>
-55.24 -29.14
48.331 8.33
>
-7.93 -74.38
48.331 8.33
>
-22.15 -65.78
48.331 8.33
>
2.87 127.46
48.331 8.33
>
-14.28 -76.13
48.331 8.33
>
6.13 127.38
48.331 8.33
>
-22.64 -66.32
48.331 8.33
>
-23.2 -70.55
48.331 8.33
>
-20.17 -70.04
48.331 8.33
>
-21.35 -68.39
48.331 8.33
>
-20.04 -68.96
48.331 8.33
>
-58.22 -22.1
48.331 8.33
>
-15.99 -71.75
48.331 8.33
>
-7.64 -74.38
48.331 8.33
>
-26.74 -63.22
48.331 8.33
>
1.27 122.09
48.331 8.33
>
-60.2 -26.86
48.331 8.33
>
5.36 126.44
48.331 8.33
>
-6.13 130.38
48.331 8.33
>
-22.97 -66.64
48.331 8.33
>
-22.23 -68.33
48.331 8.33
>
-0.19 125
48.331 8.33
>
-22.15 -68.2
48.331 8.33
>
-56.41 -25.74
48.331 8.33
>
-38.37 -73.35
48.331 8.33
>
-36.47 -73.12
48.331 8.33
>
-18.04 -69.34
48.331 8.33
>
-56.42 -27.06
48.331 8.33
>
-37.58 -73.69
48.331 8.33
>
-21.7 -68.23
48.331 8.33
>
-7.64 -74.53
48.331 8.33
>
-56.45 -26.85
48.331 8.33
>
-0.95 126.91
48.331 8.33
>
-15.36 -65.09
48.331 8.33
>
-27.9 -70.92
48.331 8.33
>
-57.68 -65.31
48.331 8.33
>
-17.64 -69.57
48.331 8.33
>
-28.04 -63.09
48.331 8.33
>
2.64 128.43
48.331 8.33
>
-5.57 -80.88
48.331 8.33
>
-19.92 -70.63
48.331 8.33
>
-55.51 -28.45
48.331 8.33
>
6.14 123.17
48.331 8.33
>
8.6 121.5
48.331 8.33
>
-32.72 -67.06
48.331 8.33
>
-23.12 -66.6
48.331 8.33
>
-18.38 -69.15
48.331 8.33
>
-36.33 -73.82
48.331 8.33
>
-31.54 -71.71
48.331 8.33
>
-32.41 -72.24
48.331 8.33
>
-32.33 -72.09
48.331 8.33
>
-30.91 -71.55
48.331 8.33
>
-10.55 -70.9
48.331 8.33
>
3.63 117.62
48.331 8.33
>
3.86 126.87
48.331 8.33
>
-55.62 -27.23
48.331 8.33
>
-26.11 -70.65
48.331 8.33
>
-22.33 -66
48.331 8.33
>
