-90.63065104001247,22.8826920331494,-2192.136666788911 
-93.16532232081204,21.36916808567644,4146.059526063382 
-94.92072495008372,18.48259402419151,-3655.303834487056 
-95.97370659346997,15.27843096328685,-811.942892243214 
-94.78362809123303,11.71826985042583,2914.391173106963 
-92.15991124722845,10.50413906893881,-1466.696717934213 
-88.35270847457808,11.52422808574655,-792.7210464707255 
-86.51400476420775,12.57174567502144,-811.9604602700837 
-84.8766205414537,13.88215547220695,-157.0007144643907 
-83.22577078676045,15.34287222617982,1400.681710971161 
-82.46373797062842,16.87001043996957,-7007.157419862929 
-82.32345469124429,18.00759565596882,-3312.47864211023 
-82.46463271240515,19.42318154243594,-6332.083685182526 
-84.11900383720234,21.38993565882559,-6453.603100149625 
-86.8624290283462,22.77077606932504,-204.9124969540576 
-90.63065104001247,22.8826920331494,-2192.136666788911 
