-89.91661510711788,24.6842091283798,4064.516375862807
-94.11952740192882,21.0811384917225,-982.6998682952425 
-95.2814776723723,15.70792851681937,-1751.537927836595 
-91.36074458367574,9.749244284522009,-5306.377760214654 
-86.93997996887754,7.865816511932663,-11551.47385712155 
-81.41542921867763,6.882189624186237,-1197.007481389429 
-75.35795693808073,8.740648475241017,-2349.243779713667 
-68.09097863870191,13.06717151169673,-346.7637647197928 
-65.71649409191696,17.03042700984731,-1081.429546263173 
-66.3569849126493,21.84580072582242,2124.370530985222 
-70.05592109807974,24.93793564131384,-8378.922131148942 
-76.41724652642365,27.0362475271186,-1726.898971399366 
-82.73436204512872,26.2836531255401,-5903.03271237038 
-89.91661510711788,24.6842091283798,4064.516375862807 
