66.87109994779806,-0.7240136112222253,-108.7744027052698 
63.13481687826235,-2.30059614609358,-5121.550552532313 
61.38900365821906,-3.969329301862507,-1135.994696619093 
60.79437000255476,-8.233719130807748,-6124.657893207886 
62.45989053196899,-10.7220316099615,-5816.105400256682 
65.3158012349508,-11.7508249533026,-5507.552907305478 
72.94681341545559,-12.29038243010662,-1319.049305724008 
78.84860274015458,-9.552426646378187,-2831.013334593797 
80.23412489917607,-7.339102230981614,-1461.718626246603 
79.71785985137561,-3.809881575742069,-92.42391789940972
77.44370322270858,-1.298940974895671,-200.4484793451966 
72.47460013629635,-0.3293442407813814,-1217.055199736511
66.87109994779806,-0.7240136112222253,-108.7744027052698 
