-156.8163636157757,13.60001111358678,-2181.908172625988 
-156.9406494076944,10.27854616919041,-748.3746364340461 
-155.2840039961427,8.059613690374004,-78.59436396462137 
-153.2407527332676,6.890823278932376,-4697.373849682078 
-149.1478299243518,6.454446392899445,-10214.01633047726 
-143.7845181817966,7.732203442612199,-9448.164273142111 
-137.0494497392974,11.23969902665483,-654.5367061133276 
-135.671822857957,14.76778188432757,-6086.332381865435 
-136.5854866060797,18.74985774409933,-5262.807230173105
-137.6553652364395,20.51480152666005,-5253.197282793738 
-138.7144406577791,21.1600272327992,-5243.58733541437 
-141.2918565420839,21.62209297576408,-6326.491385002994
-143.6852616501019,21.85685852496155,-7409.395434591621
-144.7484637978334,21.45581388611769,-6439.013191581997
-147.4932983320423,20.43154650221499,1537.649015003642 
-151.786568508741,18.24849587076611,-4600.461472774959 
-154.2385781150816,16.16010712577484,-3391.184822700474
-156.8163636157757,13.60001111358678,-2181.908172625988
