-142.8539134156564,19.15301033199891,-5260.247111076373 
-148.9007030058365,14.91597261368461,-10723.0262324789 
-152.3957329109084,11.95897478744911,-3925.570732480258 
-153.892633439349,8.855278000253538,-6363.034085050242 
-153.4974636092225,6.226652525156215,-10311.39519521756 
-150.0579124777222,4.603474745950014,-5883.727407147237 
-144.771376469484,5.603758740117147,-8404.759781434246 
-138.8283673861338,7.89924474485523,-9379.816189423307 
-133.05341572056,12.09517237727701,-5193.228451394594 
-130.4056710947987,13.56437734191194,-4146.581516887417
-128.4337756962414,15.61705964614594,-3099.934582380238
-128.2156735293285,17.44275835831656,-2053.28764787306 
-128.768726103686,18.9533053483548,-1006.640713365881 
-129.6351425684274,21.58563917257858,608.6090089763258
-132.7208151686613,22.92797650642386,-3518.63801890377 
-136.0225463943704,22.40750194628334,-7645.885046783867
-142.8539134156564,19.15301033199891,-5260.247111076373 
