-70.72 -16.48
7.159 48.216
>
99.92 -1.12
7.159 48.216
>
-72.42 -13.29
7.159 48.216
>
139.33 27.96
7.159 48.216
>
138.93 29.97
7.159 48.216
>
154.83 -4.55
7.159 48.216
>
145.63 18.73
7.159 48.216
>
-71.91 -30.46
7.159 48.216
>
-71.4 -16.12
7.159 48.216
>
-72.66 -16.66
7.159 48.216
>
100.32 1.28
7.159 48.216
>
105.56 -6.84
7.159 48.216
>
-62.99 -28.31
7.159 48.216
>
-66.25 -19.52
7.159 48.216
>
-69.25 -19.45
7.159 48.216
>
103.98 -2.43
7.159 48.216
>
-69.2 -19.99
7.159 48.216
>
-74.36 -7.93
7.159 48.216
>
-65.75 -22.27
7.159 48.216
>
142.68 21.98
7.159 48.216
>
143.18 12.52
7.159 48.216
>
-74.38 -7.64
7.159 48.216
>
142.59 24.4
7.159 48.216
>
138.86 28.35
7.159 48.216
>
-66.69 -23.11
7.159 48.216
>
100.57 -2.21
7.159 48.216
>
-70.65 -26.11
7.159 48.216
>
145.51 18.54
7.159 48.216
>
142.01 24.94
7.159 48.216
>
146.87 16.76
7.159 48.216
>
144.41 19.89
7.159 48.216
>
