122.76 1.17
7.159 48.216
>
122.59 0.93
7.159 48.216
>
-24.72 -56.13
7.159 48.216
>
-26.56 -56.6
7.159 48.216
>
-71.94 -31.4
7.159 48.216
>
128.19 4.01
7.159 48.216
>
126.62 7.23
7.159 48.216
>
121.56 0.54
7.159 48.216
>
125.7 12
7.159 48.216
>
125.95 12.14
7.159 48.216
>
-28.9 -55.9
7.159 48.216
>
119.98 0.72
7.159 48.216
>
126.1 1.73
7.159 48.216
>
122.59 -7.14
7.159 48.216
>
120.25 1.02
7.159 48.216
>
-65.72 -22
7.159 48.216
>
121.34 18.92
7.159 48.216
>
122.54 1.24
7.159 48.216
>
126.76 5.41
7.159 48.216
>
112.41 -8.19
7.159 48.216
>
122.46 -1.72
7.159 48.216
>
-26.58 -56.12
7.159 48.216
>
119.74 15.77
7.159 48.216
>
123.57 -1.11
7.159 48.216
>
-66.45 -23.55
7.159 48.216
>
110.18 -7.87
7.159 48.216
>
125.42 12.02
7.159 48.216
>
123.34 5.29
7.159 48.216
>
-27.08 -56.29
7.159 48.216
>
107.66 -5.97
7.159 48.216
>
-28.03 -56.02
7.159 48.216
>
122.09 1.27
7.159 48.216
>
-26.86 -60.2
7.159 48.216
>
35.14 -45.83
7.159 48.216
>
123.38 6.74
7.159 48.216
>
122.37 4.08
7.159 48.216
>
130.38 -6.13
7.159 48.216
>
123.25 6.53
7.159 48.216
>
-27.06 -56.42
7.159 48.216
>
-26.85 -56.45
7.159 48.216
>
126.83 2.2
7.159 48.216
>
-66.64 -23.82
7.159 48.216
>
126.57 1.96
7.159 48.216
>
-26.89 -56.2
7.159 48.216
>
126.36 1.29
7.159 48.216
>
122.62 4.48
7.159 48.216
>
119.82 -7.41
7.159 48.216
>
116.63 -8.32
7.159 48.216
>
125.19 11.85
7.159 48.216
>
129.22 -6.39
7.159 48.216
>
126.19 0.51
7.159 48.216
>
126.42 1.59
7.159 48.216
>
