-63.38 -26.65
9.194 48.771
>
125.36 12.38
9.194 48.771
>
119.98 0.72
9.194 48.771
>
126.1 1.73
9.194 48.771
>
-70.09 -23.94
9.194 48.771
>
-71.87 -30.06
9.194 48.771
>
-71.91 -30.46
9.194 48.771
>
-71.86 -30.52
9.194 48.771
>
126.64 5.51
9.194 48.771
>
-67.28 -20.93
9.194 48.771
>
-62.99 -28.31
9.194 48.771
>
-62.94 -28.38
9.194 48.771
>
-66.45 -23.55
9.194 48.771
>
-70.09 -33.88
9.194 48.771
>
-66.25 -19.52
9.194 48.771
>
126.36 1.09
9.194 48.771
>
-68.33 -21.66
9.194 48.771
>
-71.38 -29.67
9.194 48.771
>
125.42 12.02
9.194 48.771
>
120.53 13.93
9.194 48.771
>
123.34 5.29
9.194 48.771
>
-63.47 -24.98
9.194 48.771
>
-67 -24.22
9.194 48.771
>
-69.2 -19.99
9.194 48.771
>
-67.89 -22.32
9.194 48.771
>
-66.89 -24.32
9.194 48.771
>
-63.29 -26.08
9.194 48.771
>
126.29 1.21
9.194 48.771
>
-65.75 -22.27
9.194 48.771
>
127.49 2.8
9.194 48.771
>
-66.32 -22.64
9.194 48.771
>
-68.96 -20.04
9.194 48.771
>
-63.22 -26.74
9.194 48.771
>
-70.44 -15.04
9.194 48.771
>
123.38 6.74
9.194 48.771
>
-66.64 -22.97
9.194 48.771
>
-68.33 -22.23
9.194 48.771
>
-68.2 -22.15
9.194 48.771
>
128.22 3.04
9.194 48.771
>
123.25 6.53
9.194 48.771
>
-68.23 -21.7
9.194 48.771
>
-63.07 -28.4
9.194 48.771
>
-65.09 -15.36
9.194 48.771
>
-63.08 -28.06
9.194 48.771
>
34.83 -46.04
9.194 48.771
>
33.8 -46.35
9.194 48.771
>
126.57 1.96
9.194 48.771
>
-66.69 -23.11
9.194 48.771
>
-69.17 -18.35
9.194 48.771
>
126.43 1.88
9.194 48.771
>
-72.23 -32.37
9.194 48.771
>
-72.07 -32.33
9.194 48.771
>
-70.65 -26.11
9.194 48.771
>
-66.01 -22.33
9.194 48.771
>
-68.64 -31.63
9.194 48.771
>
-66.66 -23.86
9.194 48.771
>
-72.07 -33.04
9.194 48.771
>
-69.75 -18.57
9.194 48.771
>
126.83 5.97
9.194 48.771
>
125.19 11.85
9.194 48.771
>
126.55 6.26
9.194 48.771
>
-72.08 -30.05
9.194 48.771
>
