145.46 17.44
9.194 48.771
>
145.63 18.73
9.194 48.771
>
143.73 22.34
9.194 48.771
>
101.9 -4.61
9.194 48.771
>
102.1 -4.96
9.194 48.771
>
140.46 26.27
9.194 48.771
>
103.98 -2.43
9.194 48.771
>
110.29 -8.01
9.194 48.771
>
110.45 -7.96
9.194 48.771
>
140.27 29.36
9.194 48.771
>
144.83 21.1
9.194 48.771
>
140.27 29.92
9.194 48.771
>
-74.36 -7.93
9.194 48.771
>
-68.39 -21.35
9.194 48.771
>
142.44 26.82
9.194 48.771
>
-28.03 -56.02
9.194 48.771
>
143.18 12.52
9.194 48.771
>
-71.75 -15.99
9.194 48.771
>
-74.38 -7.64
9.194 48.771
>
128.13 -1.69
9.194 48.771
>
-27.06 -56.42
9.194 48.771
>
-74.53 -7.64
9.194 48.771
>
-26.85 -56.45
9.194 48.771
>
145.29 18.75
9.194 48.771
>
142.59 24.4
9.194 48.771
>
138.86 28.35
9.194 48.771
>
102.22 -2.54
9.194 48.771
>
140.49 27.84
9.194 48.771
>
145.51 18.54
9.194 48.771
>
142.01 24.94
9.194 48.771
>
108.16 -4.86
9.194 48.771
>
-70.82 -11.04
9.194 48.771
>
-78.9 -2.35
9.194 48.771
>
139.29 29.06
9.194 48.771
>
144.41 19.89
9.194 48.771
>
