lon_degE lat_degN
138.15 31.42
-93.09 14.96
178.61 -24.96
168.92 -18.93
161.26 -10.39
-177.32 -24.53
-63.24 -28.23
140.22 -3.83
145.96 -6.24
153.5 -4.53
147.1 -5.47
-174.73 -18.64
-69.75 -17.82
-63.08 -28.06
-72.52 -15.92
97.91 3.02
173.71 -39.96
167.36 -14.66
153.17 -4.73
-74.25 -8.38
153.23 -4.71
145.13 49.78
144.58 -4.85
126.83 2.2
-76.33 1.97
124.57 4.19
-75.05 -8.91
-142.89 57.54
-71.27 -29.16
-100.37 18.41
176.09 -38.32
129.81 -6.52
152.96 -4.72
167.26 -14.38
143.08 42.81
-77.36 1.14
125.84 5.76
-63.19 -27.99
157.34 50.93
-90.43 14.6
131.1 42.71
138.47 -3.53
169.64 -19.14
62.05 28.11
150.8 46.18
138.93 29.92
-178.91 -28.74
-175.07 -17.94
145.29 18.75
-177.11 -23.02
-175.74 -20.56
153.28 54.87
151.51 52.22
166.26 -11.41
179.46 -33.9
155.64 -7.04
153.88 -3.94
149.72 -6.02
167.59 -15.36
129.81 -7.12
-179.61 -30.62
179.67 -27.8
128.28 -7.54
138.79 30.01
-92.07 14.67
119.96 -7.26
152.77 53.17
141.69 12.28
-178.44 -30.75
154.93 -6.49
128.4 2.65
145.17 18.46
-176.56 -17.1
167.2 -13.87
109.25 -7.98
-27.27 -56.81
167.34 -15.06
-171.84 53.68
-87.64 12.63
127.33 27.41
169.82 -14.73
131.74 33.68
179.28 -26.09
-85.96 11.71
170.35 -21.5
179.08 -24.64
178.21 -25.8
139.31 34.86
122.16 9.42
166.83 -13.58
178.76 51.8
138.86 28.35
-92.41 14.74
168.36 -17.62
128.76 -7.22
130.7 42.59
167.23 -13.57
-68.33 -22.23
144.71 19.33
128.13 -1.69
152.24 -3.36
-3.54 36.97
147.29 -6.67
140.97 29.64
-77.54 -5.08
-74.36 -13.93
-71.56 -8.08
93.45 11.12
179.12 -23.31
-68.2 -22.15
128.22 3.04
123.41 6.72
123.47 6.49
123.26 6.78
123.52 6.22
123.25 6.53
146.81 -5.5
-77.31 -1.27
148.34 -5.69
-178.83 -20.8
-174 -17.37
70.77 36.44
128.23 2.83
148.97 -5.96
139.15 28.36
155.65 -6.53
-179.8 -23.41
-63.09 -26.79
171.63 -22.26
139.87 26.98
63.94 28.78
72.79 38.41
-175.62 -22.01
94.68 24.64
155.18 -7.16
122.97 4.2
123.04 4.08
-175.67 -20.89
178.39 -26.14
-69.34 -18.04
-27.06 -56.42
116.72 -6.87
26.56 35.66
-178.59 -17.64
-94.34 17.21
179.87 -34.34
161.2 -10.38
126.46 2.52
-68.23 -21.7
-171.84 52.07
165.93 -10.93
179.76 -23.78
-177 -16.52
-74.53 -7.64
126.76 -6.36
-63.07 -28.4
-26.85 -56.45
169.72 -20.67
97.89 2.96
-179.53 -21.61
142.48 43.89
-85.86 11.56
125.62 27.32
-65.09 -15.36
-99.96 17.84
-28.18 -56.01
123.03 0.04
146.8 -7.56
-174.45 -15.82
148.78 44.64
-178.4 -19.8
-95.63 17.7
-73.57 -14.6
144.43 13.76
-66.64 -23.82
-151.82 61.94
-177.76 -19.69
148.23 -5.99
123.13 6.16
130.48 -6.11
122.45 25.54
-178.56 -20.33
168.52 -17.03
-178.3 -20.97
-67.12 -32.72
-66.69 -23.11
122.54 -7.3
-72.99 6.78
-178.45 -17.82
-69.17 -18.35
166.43 -12.04
-178.63 -20.89
151.88 -5.46
102.22 -2.54
-175.52 -19.3
-156.51 56.66
140.49 27.84
-68.43 -22.4
-179 -20.39
139.73 27.74
-153.2 59.89
-178.25 -26.46
-178.73 -30.65
-71.26 -31.44
167.3 -14.86
70.36 36.53
129.94 -7.15
-70.9 -10.55
-71.02 -10.05
-71.26 -9.18
-93.63 15.8
71.13 36.49
93.65 24.81
141.09 44.48
-63.33 -19.76
-153.4 59.64
158.54 53.98
-179.95 -30.75
71.16 36.49
94.9 23.13
-178.67 -20.83
-178.16 -22.02
-26.89 -56.2
122.52 25.57
100.57 -2.21
125.62 -4.58
168.82 -18.77
151.85 -3.46
169.03 -18.9
-70.65 -26.11
-178.66 -17.89
129.87 -6.66
-176.6 -24.9
-63.02 -20.65
126.78 6.82
-71.56 -30.99
71.37 36.99
157.85 51.61
169.02 -18.93
122.75 -7.16
119.82 -7.41
-178.11 -18.18
-62.91 10.74
-70.82 -11.04
146.87 16.76
179.33 -18.49
-78.9 -2.35
161.53 -10.01
-179.33 -31.84
178.22 -25.45
-178.1 -18.37
151.67 -4.96
153.38 52.86
174.98 -39.05
-69.28 -19.53
146.72 47.82
123.87 7.8
162.04 55.58
-178.9 -17.9
128.71 -7.4
-26.47 -58.6
140.28 -3.9
-175.09 -20.38
126.83 5.97
-71.57 -8.14
126.74 2.22
-71.42 -30.07
156.29 -7.02
-178.86 -21.14
-92.3 14.76
145.77 19.07
152.13 -3.34
-77.02 -2.2
-70.13 -14.68
126.08 10.39
-178.66 -17.83
-65.89 -17.86
167.65 -15.6
-76.28 4.56
151.09 -5.67
-27.85 -55.93
125.04 -6.85
-27.38 -56.27
125.19 11.85
146.44 -6.98
-75.3 -5.8
-89.27 13.24
-176.35 -21.76
126.55 6.26
139.29 29.06
145.51 18.54
-66.01 -22.33
142.01 24.94
-177.34 -25.18
122.43 -7.29
94.57 20.92
152.79 -3.68
-76.95 -5.57
126.49 6.57
-174.98 -18.17
-178.24 -19.78
150.36 -4.27
108.16 -4.86
-71.05 -35.1
-68.64 -31.63
123.38 -7.32
154.47 -5.66
153.52 -4.51
-70.97 -9.97
127.92 -7.51
118.66 -9.03
179.24 -23.25
122.62 4.48
155.17 -6.25
-66.66 -23.86
-63.9 -19.28
-178.8 -23.26
-67.77 -23.27
-178.37 -18.09
167.38 -14.59
-92.08 14.91
179.6 -24.09
179.93 -31.12
120.74 14.01
-178.84 -17.96
139.8 27.78
169.1 -18.78
-176.84 -23.58
176.77 52.39
-69.75 -18.57
123.07 -7.22
143.49 -4.24
153.23 -4.57
108.17 -7.49
-69.44 -18.88
70.85 36.53
129.22 -6.39
144.41 19.89
167.52 -15.46
155.22 -4.64
128.15 29.35
137.3 33.15
168 -16.2
167.19 -14.31
-178.59 -20.36
111.86 -6.06
-72.12 -40.81
126.55 5.69
169.45 -19.04
-179.49 -21.97
153.68 53.16
23.27 35.73
169.58 -19.06
70.44 36.53
123.8 -0.1
-26.28 -59.23
161.28 -10.42
113.08 -6.08
148.96 45.62
131.12 -7.49
167.03 -13.14
157.7 48.96
125.05 5.57
140.13 27.13
129.79 -6.78
154.74 -4.46
166.65 -12.07
-70.76 -15.32
-68.47 -23.28
-176.73 -24.69
128.25 2.91
128.27 28.86
145.11 18.93
123.79 0.04
110.69 -5.6
147.77 -7.84
-70.15 -20.24
-178.63 -20.81
124.14 7.3
168.08 -16.09
123.46 -6.71
125.83 6.27
129.76 -4.87
-69.91 -21.4
158.38 55.97
148.66 -6.09
-178.49 -18.02
146.17 -6.11
-179.96 -25.61
-67.05 -24.38
140.81 48.26
-69.09 -20.37
122.01 24.76
-68.71 -21.81
120.62 13.82
