123.34,5.29,525
123.335868825199,5.29525539251902,527.723442650462
123.335607289969,5.29558809547473,527.895662281578
123.335345683572,5.29592088849446,528.067905554689
123.334822257175,5.2965867448566,528.412463046378
123.333774549235,5.29791953979036,529.101861948018
123.332725699689,5.2992537794441,529.791639667362
123.331675706851,5.30058946593483,530.481796516729
123.329572284607,5.30326518783812,531.863248856533
123.3274642689,5.30594672259167,533.246221472873
123.326993672453,5.30654534809385,533.554754032585
123.326522846868,5.30714426355566,533.863362308618
123.325580507679,5.30834296511082,534.480806121155
123.323693073012,5.31074385604493,535.716603569497
123.319088230675,5.31660129358466,538.726620490491
123.314461470583,5.32248646424756,541.743844590016
123.309812651211,5.32839954579521,544.768301784382
123.305141629874,5.33434071743573,547.800018114301
123.296805563114,5.34494316495503,553.192741540924
123.286232640804,5.35838992650784,560
123.264743927476,5.38571712868837,573.724799718285
123.245800574285,5.40980473377842,585.703166460287
123.226498515303,5.43434587737799,597.794365946859
123.225547768706,5.43555461409129,598.386997236882
123.210382425155,5.45483429567753,607.803266391352
123.206828449895,5.45935222588946,610
123.206053372835,5.46033751751982,610.478581138349
123.189498787288,5.48138098685356,620.658098913648
123.18618838621,5.48558879247581,622.6840416075
123.168193666662,5.50846027681836,633.641205778202
123.165943189408,5.51132049622128,635.004994961893
123.146455440643,5.53608672926134,646.754516626808
123.145307843344,5.53754508226329,647.44308825296
123.124272075908,5.56427541669756,660
123.121179133097,5.56820537892552,661.719773662561
123.118077041276,5.57214689710165,663.442128107172
123.1118452647,5.58006478404234,666.894602614602
123.105576448482,5.58802945042522,670.357470241551
123.099270293194,5.59604127125446,673.830777988988
123.088609937879,5.60958434740031,679.679239165515
123.07784226835,5.62326292292935,685.557420936635
123.077465627375,5.62374136892289,685.762506287605
123.055402601081,5.65176617337092,697.714649662011
123.055210357303,5.65201034889785,697.818265601651
123.043909732636,5.66636319302207,703.893262828064
123.032491628625,5.68086429980921,710
123.015000561634,5.70307627922397,719.29425629553
122.99723104672,5.72563955909433,728.662576868828
122.979177024958,5.74856171359055,738.10585056905
122.960832268251,5.77185052578513,747.624980525305
122.936763305696,5.80240246697177,760
122.930596379246,5.81022976041142,763.151704332378
122.924414578732,5.818075647078,766.3058592348
122.912006155015,5.83382344478775,772.621532191134
122.8870085971,5.86554487008186,785.282411049003
122.875023439916,5.88075213516387,791.323321138095
122.862982697186,5.8960288349864,797.373209296456
122.838733010432,5.92679229948931,809.5
122.81341495685,5.95890632384233,822.080138932514
122.800665393672,5.97507631645693,828.384305116467
122.787854935388,5.99132228311882,834.697897215213
122.76311731686,6.02269045509718,846.831503704974
122.750663049092,6.03848111395268,852.91138122816
122.738151318545,6.05434341717364,859
122.712125980029,6.0873342929268,871.60348931928
122.699020851177,6.10394493296791,877.918955197763
122.685853535956,6.12063303730921,884.243595131338
122.660517644646,6.15273961748027,896.354941210249
122.647763050021,6.16890079448434,902.423247724747
122.634950195956,6.18513449371635,908.5
122.608279449834,6.21892175485669,921.087941193903
122.594850456194,6.23593183908011,927.395103104456
122.58135850049,6.25302022180981,933.711083816563
122.555326106476,6.28598770087889,945.839249902263
122.542221693027,6.30258109145885,951.91554374812
122.529057969492,6.31924818518459,958
122.501725124342,6.35385085543525,970.572443581608
122.474138523729,6.38876860103145,983.178802118096
122.44738994581,6.42261966734587,995.323620858176
122.420400977151,6.45676898512011,1007.5
122.392358973996,6.49224432994321,1020.07004160769
122.364058621139,6.52803987665041,1032.67290433428
122.336602096502,6.56276171261286,1044.82116506304
122.308900543597,6.5977869944325,1057
122.280158764686,6.63412066608239,1069.5546440837
122.251154403311,6.67077916945619,1082.1409665081
122.222939231765,6.70643333018291,1094.30565081738
122.194473673918,6.74239697250255,1106.5
122.164950613567,6.77968929312586,1119.06540313811
122.135159074446,6.81731308832132,1131.66158906888
122.077032805895,6.89069857476138,1156
122.047295019763,6.92823160045403,1168.33192261882
122.017293586306,6.96608945729632,1180.69249676883
121.987025145974,7.00427613175332,1193.08182241803
121.956486281967,7.04279567482666,1205.5
121.929706748511,7.07656657371231,1216.32268603573
121.90271974841,7.11059255598586,1227.16682464455
121.900719590166,7.11311415034443,1227.96806731163
121.89871828817,7.11563715031977,1228.76942721957
121.894712249187,7.12068737153616,1230.37249886094
121.890701623915,7.12574322854905,1231.97603977464
121.886686404813,7.1308047302671,1233.58005016674
121.87864215502,7.14094470335364,1236.78948021112
121.870579438987,7.15110736262843,1240.00079064521
121.862498195778,7.16129278003139,1243.21398312205
121.85439836419,7.17150102780298,1246.42905929664
121.838142690946,7.19198630336102,1252.86486936871
121.832737403978,7.19879746876082,1255
121.817630196933,7.21783253612158,1260.95463912357
121.802459063462,7.23694603925516,1266.91556486065
121.78722361362,7.25613843731379,1272.88278717215
121.779581646846,7.26576436700646,1275.86876266185
121.771923453302,7.27541019422409,1278.85631604003
121.770369969026,7.27736680885953,1279.46176837359
121.768815816284,7.27932424305738,1280.0672855322
121.753135549578,7.29907207220348,1286.16558487831
121.73738709436,7.31890347928347,1292.27046329956
121.705683911939,7.35881903185299,1304.5
121.685163453302,7.38465008258733,1312.37329995064
121.664528217264,7.41062162630022,1320.25731532995
121.643777275399,7.43673475122689,1328.15206802809
121.622909689196,7.46299055675239,1336.05757999491
121.575217577356,7.52298171914343,1354
121.563551473154,7.53765302666561,1358.36264868231
121.533334752333,7.57564754917147,1369.61505306817
121.502876432911,7.61393696943462,1380.88870621486
121.472173709704,7.65252455770952,1392.1836683677
121.441223733643,7.69141363235546,1403.5
121.406812387714,7.73464099285886,1416.00091043435
121.372095977182,7.77823980597575,1428.52728207025
121.347093838971,7.80963153551368,1437.49595584382
121.303583312884,7.86424692694314,1453
121.261843695063,7.91662171627129,1467.75058586692
121.21966640953,7.96952795544484,1482.53582354711
121.191019375168,8.00545192941774,1492.51001140198
121.162168822348,8.04162272161286,1502.5
121.089137647624,8.13314616126882,1527.54507831142
121.044063829524,8.18960583503136,1542.83118695309
121.016843823367,8.22369157577367,1552
120.976298581051,8.27444932447305,1565.57126913744
120.935361743149,8.32567989344998,1579.170417641
120.901548425609,8.36798244152942,1590.32581136295
120.867465761872,8.41060975474785,1601.5
120.790476666576,8.50685490511787,1626.48639000535
120.727792142988,8.58517086536249,1646.57372505332
120.713883476574,8.60254215191334,1651
120.673274615481,8.65324876861451,1663.8601754062
120.63229150236,8.70440451442322,1676.74440637374
120.594275335112,8.75184045596863,1688.61198033775
120.555934452462,8.7996654865747,1700.5
120.474597020723,8.90106900903521,1725.4548124004
120.398589405944,8.99576112773137,1748.45502649824
120.393447517396,9.00216467288479,1750
120.351225545008,9.05473529019094,1762.63439076853
120.308617408247,9.1077662391907,1775.29117016255
120.267608976804,9.15878663046119,1787.3853461322
120.226239764539,9.21023637331404,1799.5
120.14028493368,9.31707292475002,1824.39975341869
120.098508418421,9.36896758417708,1836.37139519048
120.056366238224,9.42129580589728,1848.36269448377
120.055242306291,9.42269111443965,1848.68134029567
120.054118113139,9.42408673242842,1849
120.032078990676,9.45144397235993,1855.23500903794
120.009939370405,9.47892020003954,1861.47531612652
119.965355912528,9.53423262160652,1873.9718514899
119.921314422926,9.5888494835831,1886.22570701501
119.876874494853,9.64393699913101,1898.5
119.831849382655,9.69972575054778,1910.84442848281
119.786413753249,9.75599838308323,1923.2092043829
119.740562005414,9.81276102465839,1935.59437804998
119.694288432705,9.87001990790822,1948
119.65003648308,9.92475271694475,1959.77676083581
119.605395347365,9.97994247858986,1971.5719790383
119.602790827772,9.98316168234006,1972.25753325194
119.60018497735,9.98638244705153,1972.94314986794
119.576831174779,10.015243399322,1979.07486614926
119.553370212598,10.0442299704552,1985.21157586195
119.529801354409,10.0733429588885,1991.35328510815
119.50612385685,10.1025831699045,1997.5
119.458298091685,10.1616235769793,2009.84502897631
119.410027702763,10.2211837342047,2022.2100063482
119.312128147487,10.34189013079,2047
119.258700322486,10.4077131022001,2060.36870830591
119.212284989941,10.4648669825167,2071.89234040359
119.112031835441,10.5882195534133,2096.5
119.001629743838,10.7239080286575,2123.16098513565
118.905544035327,10.8418705735052,2146
118.900460033424,10.8481086955195,2147.19913328747
118.797386186154,10.974507002221,2171.31202186828
118.790720891643,10.9826756820362,2172.85837064876
118.692353601338,11.1031605069386,2195.5
118.63780523283,11.1699173877352,2207.91232549126
118.582720792625,11.2372891501352,2220.34447117778
118.530484354589,11.3011392160965,2232.04013039989
118.472125500106,11.37242843763,2245
118.35944177427,11.5099454716348,2269.71064065429
118.244499020606,11.650036412597,2294.5
118.196804847454,11.7081108488085,2304.66492071891
118.148715579216,11.7666336941237,2314.84316635167
118.127336912426,11.7926401629011,2319.34536379588
118.009083816811,11.9363731295267,2344
117.872011068749,12.1027283629058,2372.0612614952
117.765460430616,12.2318519952076,2393.5
117.754694129967,12.2448898935845,2395.64836841572
117.74050932047,12.2620649708901,2398.47391666304
117.72629094658,12.2792777113098,2401.3004964165
117.697753020506,12.3138166701822,2406.95675270202
117.669079370843,12.3485077585246,2412.61714179685
117.640269008232,12.3833519716676,2418.28166823218
117.577054199768,12.4597627995218,2430.63099049315
117.513175872488,12.5369150200766,2443
117.383113871169,12.6938141909798,2467.84827539613
117.317773312679,12.7725405592879,2480.16420665138
117.251734547208,12.8520420538847,2492.5
117.117633229266,13.0132755013085,2517.20988262419
116.980599274882,13.1777475014329,2542
116.902247987599,13.2716552479183,2555.96968856544
116.82291606347,13.3666400409753,2569.96536136428
116.821001087431,13.3689316310389,2570.30136722411
116.819085536049,13.3712238516094,2570.63738807489
116.815252706189,13.375810185304,2571.3094747533
116.807580130627,13.3849904301539,2572.65382804564
116.792207256261,13.4033812877951,2575.34325459725
116.761350133241,13.4402849416068,2580.72498936814
116.69918650163,13.5145837693529,2591.5
116.627033620226,13.6007446241403,2603.89554466347
116.554063709888,13.6877963028259,2616.31173760945
116.453049159908,13.8081631211453,2633.30425228385
116.40685686464,13.8631498467257,2641
116.33217751129,13.9519737764638,2653.34395023328
116.256637855508,14.0417282445533,2665.70856565713
116.180222427325,14.1324279498493,2678.09389820886
116.102915362171,14.2240879146726,2690.5
116.071958901006,14.2607640197825,2695.43330787115
116.001750700253,14.3438851252622,2706.54938086619
115.930795825757,14.4278066578105,2717.68249439006
115.786596189687,14.5980976694631,2740
115.754063820667,14.6364679197762,2744.97932763395
115.680689764265,14.722942949919,2756.13924688407
115.606614358071,14.810151622064,2767.30765889383
115.531826808471,14.8981035559562,2778.48457336147
115.456316083597,14.9868085492877,2789.67
115.397691497008,15.0556090601637,2798.28585062775
115.256510740622,15.2210512870781,2818.79348811137
115.112764024504,15.3891433323054,2839.33
115.034364099713,15.4806684151176,2850.3872878975
114.895844872057,15.6421120993168,2869.68099414036
114.82568098223,15.7237578603359,2879.33733150893
114.754902909666,15.806029300512,2889
114.754055403087,15.8070138873148,2889.1000846569
114.75320775851,15.8079986215668,2889.20017366278
114.751512055228,15.80996853255,2889.40036472264
114.748118991186,15.8139101253587,2889.80079904268
114.741326225484,15.8218004017603,2890.60187654757
114.727714081786,15.8376093771571,2892.20486752515
114.70038284805,15.869341496246,2895.41419742546
114.645288575288,15.9332662676139,2901.84628168333
114.589610725902,15.9978126072107,2908.29632769777
114.533339745603,16.0629896615527,2914.76441081194
114.425544908066,16.1876850102855,2927.01472392131
114.315536709277,16.3147225819715,2939.33
114.199042051965,16.4490091713176,2952.17095087527
114.139856316904,16.5171385740008,2958.61750086836
114.080031061281,16.5859384190099,2965.08152815299
113.965245423141,16.7177577703381,2977.33921702579
113.848063888936,16.8520756268556,2989.66
113.724016226499,16.9939837594484,3002.49571543133
113.597243622768,17.1387100931156,3015.39890143113
113.474763656177,17.2782471595743,3027.66381416945
113.349677085562,17.4204594292354,3039.99
113.21731189181,17.5706211507791,3052.81908434385
113.081980363287,17.7237999331197,3065.71352997519
112.95097121168,17.8717492535053,3077.98700900047
112.817109430966,18.0225757744804,3090.32
112.675438357432,18.1818202751075,3103.14955388861
112.530515230519,18.3443126935339,3116.04247592231
112.3900326807,18.5014307377443,3128.32235675033
112.246409456372,18.6616568500805,3140.66
112.094458776162,18.8307255726296,3153.48051912725
111.938923035393,19.003304272812,3166.3623986169
111.787830844242,19.1704861906703,3178.6481624524
111.633255265785,19.3410444960801,3190.99
111.30200408066,19.704907544656,3216.69183982688
111.138990033207,19.8831446467408,3228.97873402073
110.972083232602,20.0650700574091,3241.32
110.623042151559,20.4436494321062,3266.37483646147
110.256271989471,20.8387121854957,3291.65
110.122228193498,20.9823889337546,3300.62894076405
110.024786629339,21.0865943144714,3307.07193322699
109.867328920532,21.2545557213981,3317.33618064189
109.530981201075,21.6115695938232,3338.6688674973
109.477632430385,21.6679737215781,3341.98
109.245029226105,21.9131834002721,3356.19208780315
109.005220541547,22.1647670064611,3370.47067351015
108.817838545934,22.360482615661,3381.37088028597
108.625874744689,22.5601920650279,3392.31
108.624911127304,22.561192538197,3392.36434000005
108.445891916355,22.7467069390827,3402.36247766525
107.84711387107,23.3621036709937,3434.44472730291
107.687818373654,23.5244901499771,3442.64
107.203836894851,24.0144141739521,3466.70910756626
106.764158203619,24.454973346837,3487.5369695979
106.646049143564,24.5725832118456,3492.97
106.510927285284,24.7067509724438,3499.1039710572
105.758504547031,25.4463640518358,3531.7293278752
105.4768779902,25.7199170694867,3543.3
104.937011909452,26.2392962919344,3564.56143118921
104.356080252845,26.7908108375393,3586.15679406558
104.146373478836,26.9880183214214,3593.64
104.035389989038,27.0919828739507,3597.53542656682
103.032864106486,28.0184299477712,3630.78033222899
102.604482726548,28.4073417222381,3643.97
101.907080159788,29.0315797515819,3664.23116754033
101.008890362745,29.8193121876912,3688.25154454241
100.768719887756,30.0268591688799,3694.3
100.623486949694,30.1517336714602,3697.88393367011
99.1241338140174,31.413239271255,3731.82301655774
98.4885153674688,31.9328888389891,3744.63
97.3179853322818,32.86651112077,3765.97595971175
95.4872024610412,34.2669109833884,3794.08314579437
95.42305666863,34.3146705025368,3794.96
95.0176976389644,34.6144546354498,3800.34253176438
91.6978475990518,36.9406375402925,3835.00544199814
90.274717483538,37.8693876346182,3845.29
83.7676953404212,41.6287905996067,3864.73891306393
76.502247038374,44.9776664424104,3845.29
74.6849548606501,45.6908320950111,3835.00544199814
70.0727976993536,47.2991391404245,3800.34253176438
69.471514145958,47.4885693578918,3794.96
69.3755701707916,47.5183801496264,3794.08314579437
66.5435587203225,48.3480353304285,3765.97595971175
64.6352809477579,48.8539955251995,3744.63
63.5662085102106,49.1194754863691,3731.82301655774
60.9509035713519,49.7163924466525,3697.88393367011
60.690524013272,49.7718352881757,3694.3
60.2571852942985,49.8625368551107,3688.25154454241
58.6061082677273,50.1903867309823,3664.23116754033
57.2908897433388,50.4318094600653,3643.97
56.4686178042009,50.5740293136016,3630.78033222899
54.5016681111997,50.8875661449284,3597.53542656682
54.2802696591222,50.920535766757,3593.64
53.8599579584418,50.9818491571023,3586.15679406558
52.6822172489702,51.1448083022028,3564.56143118921
51.5702783551659,51.2868303527868,3543.3
50.9836401096398,51.3571795222678,3531.7293278752
49.3945767652196,51.5320405522798,3499.1039710572
49.1059106083949,51.56136505059,3492.97
48.852779298537,51.5864665057799,3487.5369695979
47.9038925114153,51.6754852966161,3466.70910756626
46.8476482204174,51.7652110519037,3442.64
46.497365688269,51.7928023468422,3434.44472730291
45.1693306743638,51.8876844944158,3402.36247766525
44.7688790331869,51.9132890576698,3392.36434000005
44.766719344774,51.9134233844329,3392.31
44.3356064669581,51.9394306286499,3381.37088028597
43.9131169740378,51.9633624968686,3370.47067351015
43.3700637219074,51.9918683509639,3356.19208780315
42.8408510298582,52.0172130806257,3341.98
42.7191354538255,52.0227029323376,3338.6688674973
41.9489154809172,52.0545070890083,3317.33618064189
41.5866935350379,52.0677140434954,3307.07193322699
41.3620194025821,52.0753442538575,3300.62894076405
41.0523160496237,52.0851579725176,3291.65
40.2012450922747,52.1079285730257,3266.37483646147
39.3865180112845,52.1239696116205,3241.32
38.9953418223169,52.1296731526714,3228.97873402073
38.612333223738,52.1340025283679,3216.69183982688
37.8312375096535,52.138985086321,3190.99
37.4655057720769,52.1395442620028,3178.6481624524
37.1072824175148,52.1389953331591,3166.3623986169
36.7377886947378,52.1372920665501,3153.48051912725
36.3761133772918,52.1345063686945,3140.66
36.0336445530028,52.130848396225,3128.32235675033
35.6981050330879,52.1263016234996,3116.04247592231
35.3513981771869,52.1206019929622,3103.14955388861
35.0119391706578,52.1140347377001,3090.32
34.6907254193674,52.1069208394021,3077.98700900047
34.3759332329394,52.0990998399488,3065.71352997519
34.0503310783505,52.0901250275037,3052.81908434385
33.7314646835621,52.0804626791489,3039.99
33.4297820730509,52.0705248117608,3027.66381416945
33.1340692176426,52.0600315066993,3015.39890143113
32.8276756414384,52.0483729750167,3002.49571543133
32.5275694283555,52.036177103509,2989.66
32.2438151562563,52.0239380597917,2977.33921702579
31.9656294399823,52.0112706388119,2965.08152815299
31.8205536292122,52.0044015997307,2958.61750086836
31.6769713226994,51.9974256796833,2952.17095087527
31.3941988908358,51.983170163087,2939.33
31.1269838388683,51.9690679160954,2927.01472392131
30.864977808067,51.9546443797103,2914.76441081194
30.728142828586,51.9468766232837,2908.29632769777
30.5927094193868,51.9390295388229,2901.84628168333
30.4586568460062,51.9311066779515,2895.41419742546
30.3921419764221,51.9271179077084,2892.20486752515
30.359011300991,51.9251168722865,2890.60187654757
30.3424775175218,51.9241147147275,2889.80079904268
30.3342184974781,51.923613228805,2889.40036472264
30.3300909532751,51.923362384409,2889.20017366278
30.3280276723656,51.9232369368961,2889.1000846569
30.3259647188177,51.9231114725234,2889
30.1536509554242,51.9125019046078,2879.33733150893
29.9827762102336,51.9017274054088,2869.68099414036
29.6452765365153,51.8797035550005,2850.3872878975
29.4541714054271,51.8667948176914,2839.33
29.1036332531887,51.8422919309906,2818.79348811137
28.7591865456724,51.8171728549668,2798.28585062775
28.6161134269891,51.8064349227465,2789.67
28.4317956348444,51.7923378957352,2778.48457336147
28.2492081023205,51.7780801986908,2767.30765889383
28.068327931593,51.7636678869087,2756.13924688407
27.8891326085796,51.7491068390569,2744.97932763395
27.8096734531318,51.7425599101751,2740
27.4574191065642,51.7128676145857,2717.68249439006
27.2840624173012,51.697853631188,2706.54938086619
27.1125163354688,51.6827353398888,2695.43330787115
27.0368739455305,51.6759863886295,2690.5
26.8479655183899,51.6589105476367,2678.09389820886
26.6612274629441,51.64172016437,2665.70856565713
26.4766245479476,51.6244221861769,2653.34395023328
26.2941222762727,51.6070233029169,2641
26.1812374885085,51.5961130136142,2633.30425228385
25.9343833573775,51.5718587490466,2616.31173760945
25.7560712814528,51.5540004568516,2603.89554466347
25.5797655185619,51.5360634027959,2591.5
25.4278784549087,51.5203873034086,2580.72498936814
25.3524879259784,51.5125294511879,2575.34325459725
25.3149298027093,51.5085957696433,2572.65382804564
25.2961848888347,51.5066277640388,2571.3094747533
25.2868209517164,51.5056434730088,2570.63738807489
25.2821411109764,51.5051512558079,2570.30136722411
25.2774626879707,51.5046589909577,2569.96536136428
25.0836604553683,51.4840940821155,2555.96968856544
24.8922779631719,51.4634539877383,2542
24.5576242678374,51.4265678443557,2517.20988262419
24.230232181978,51.3895008393522,2492.5
24.0690482797258,51.370894219417,2480.16420665138
23.9095984146203,51.3522551223025,2467.84827539613
23.5923061182607,51.3144748904553,2443
23.4365229843306,51.295588757968,2430.63099049315
23.2823936050678,51.276684235645,2418.28166823218
23.2121608700186,51.2679976297029,2412.61714179685
23.1422692659041,51.2593082253403,2406.95675270202
23.0727164398858,51.2506163494734,2401.3004964165
23.0380663372966,51.2462695850922,2398.47391666304
23.0035000563901,51.2419223228442,2395.64836841572
22.9772655386993,51.2386155680333,2393.5
22.7176963216144,51.2055558889648,2372.0612614952
22.3839568868381,51.1621345001359,2344
22.0962192797631,51.1238688881984,2319.34536379588
22.0442187872315,51.1168713003966,2314.84316635167
21.9272704763665,51.1010417826599,2304.66492071891
21.8113134873642,51.0852204782495,2294.5
21.5319871055719,51.0465927873911,2269.71064065429
21.2583365043917,51.0080407273466,2245
21.1166887550208,50.9878087760127,2232.04013039989
20.9899466282339,50.9695455626907,2220.34447117778
20.8563419420691,50.950129299433,2207.91232549126
20.7240867570018,50.9307429159381,2195.5
20.4857180840045,50.8953834777775,2172.85837064876
20.469572470461,50.8929689449675,2171.31202186828
20.2199933327267,50.8553295829261,2147.19913328747
20.2076880966467,50.8534584653933,2146
19.9752140513808,50.8178371462938,2123.16098513565
19.7083195294743,50.7763040061107,2096.5
19.4661685115698,50.7380295903832,2071.89234040359
19.3541263980977,50.7201291392667,2060.36870830591
19.2252123046337,50.6993832404709,2047
18.9891514123539,50.6609777410363,2022.2100063482
18.872835726992,50.6418552973822,2009.84502897631
18.7576423250112,50.6227878022153,1997.5
18.7006315470925,50.613303280109,1991.35328510815
18.6438949494405,50.6038329414718,1985.21157586195
18.5874306566283,50.5943769006821,1979.07486614926
18.5312368098434,50.584935269261,1972.94314986794
18.5249674004124,50.5838799782167,1972.25753325194
18.5187013496692,50.5828248690026,1971.5719790383
18.4113265282441,50.5646849422678,1959.77676083581
18.30493389599,50.5465997164838,1948
18.1937304843646,50.5275781965242,1935.59437804998
18.0835915478826,50.5086191469975,1923.2092043829
17.9745026232859,50.4897233145063,1910.84442848281
17.8664495014741,50.4708914050846,1898.5
17.7598502885187,50.4522000733608,1886.22570701501
17.6542559641144,50.4335742919992,1873.9718514899
17.5474126128378,50.4146159281089,1861.47531612652
17.4943744837558,50.4051628037704,1855.23500903794
17.4415897400911,50.3957271453864,1849
17.4388975832498,50.3952451617662,1848.68134029567
17.4362060849286,50.3947632241371,1848.36269448377
17.3353113892452,50.3766452056856,1836.37139519048
17.2353383826529,50.3585928891269,1824.39975341869
17.0297915458902,50.3211641292844,1799.5
16.9309352563593,50.3030128435174,1787.3853461322
16.8329874750306,50.2849319618369,1775.29117016255
16.7312682204161,50.2660531405206,1762.63439076853
16.6305209925976,50.2472523872808,1750
16.6182551959988,50.244956466423,1748.45502649824
16.4370293819621,50.2108580875852,1725.4548124004
16.2432797978142,50.1740370899181,1700.5
16.1520169830256,50.1565616740282,1688.61198033775
16.0615699292517,50.1391592457979,1676.74440637374
15.9641121718917,50.1203150618128,1663.8601754062
15.8675940950964,50.1015574864355,1651
15.8345477918531,50.0951134094307,1646.57372505332
15.6856855442583,50.0659471495516,1626.48639000535
15.503018378149,50.0298485430665,1601.5
15.4222114745087,50.0137706321342,1590.32581136295
15.3420792106311,49.9977608721247,1579.170417641
15.2451136979895,49.9782998541834,1565.57126913744
15.1491283552406,49.9589403812886,1552
15.084718271089,49.9458962180078,1542.83118695309
14.9781137294739,49.9242129820571,1527.54507831142
14.8055274710902,49.8888603293259,1502.5
14.737396554225,49.8748195069322,1492.51001140198
14.6697735311092,49.8608357756785,1482.53582354711
14.5702613178115,49.8401713799464,1467.75058586692
14.471840471674,49.8196323634905,1453
14.3693065410731,49.7981277305623,1437.49595584382
14.3104173347153,49.7857272222501,1428.52728207025
14.2286829079437,49.7684561030304,1416.00091043435
14.147707603467,49.7512765124626,1403.5
14.0749124173927,49.7357738040613,1392.1836683677
14.0027316737288,49.7203470973666,1380.88870621486
13.9311580506693,49.7049961468401,1369.61505306817
13.8601843395608,49.6897207008133,1358.36264868231
13.8327913427328,49.6838108200093,1354
13.7208563658726,49.6595793629018,1336.05757999491
13.6719048850592,49.6489409241304,1328.15206802809
13.6232424592258,49.6383402307342,1320.25731532995
13.5748666787813,49.6277771803504,1312.37329995064
13.5267751602101,49.6172516694826,1304.5
13.4525058178162,49.6009486713137,1292.27046329956
13.4156262928846,49.5928314637322,1286.16558487831
13.3789154056386,49.5847370487455,1280.0672855322
13.3752772862904,49.5839340979838,1279.46176837359
13.3716408197106,49.5831313716289,1278.85631604003
13.3537154582181,49.5791724134803,1275.86876266185
13.3358302115131,49.5752189152306,1272.88278717215
13.3001795580169,49.5673282737706,1266.91556486065
13.2646878487161,49.5594593962471,1260.95463912357
13.2293540836382,49.5516122318785,1255
13.2167138683121,49.5488017808289,1252.86486936871
13.1787066058662,49.5403409248418,1246.42905929664
13.1597720912811,49.5361201428492,1243.21398312205
13.1408834451932,49.5319057802893,1240.00079064521
13.1220405108068,49.5276978285494,1236.78948021112
13.1032431320225,49.523496278997,1233.58005016674
13.0938614772119,49.5213979022983,1231.97603977464
13.0844911530788,49.5193011229006,1230.37249886094
13.075132140305,49.5172059397194,1228.76942721957
13.0704568696304,49.5161589463658,1227.96806731163
13.0657844195708,49.5151123516592,1227.16682464455
13.0027562568084,49.5009717293885,1216.32268603573
12.9402394937506,49.4869039197338,1205.5
12.868979370731,49.470817661049,1193.08182241803
12.7983848831755,49.4548280464357,1180.69249676883
12.7284472917254,49.4389345294858,1168.33192261882
12.6591580056683,49.4231365610443,1156
12.523820759349,49.392130754011,1131.66158906888
12.4545064117072,49.3761744222808,1119.06540313811
12.3858504927535,49.3603185660571,1106.5
12.3196857609921,49.3449898635728,1094.30565081738
12.2541341105863,49.3297565077342,1082.1409665081
12.186781340323,49.3140561320127,1069.5546440837
12.1200708414877,49.2984569958733,1057
12.0558054824508,49.2833839339262,1044.82116506304
11.9921384584067,49.2684069513766,1032.67290433428
11.9265459956458,49.2529309075799,1020.07004160769
11.8615837261189,49.2375573610729,1007.5
11.7990905547623,49.2227247023423,995.323620858176
11.737182788409,49.2079889447981,983.178802118096
11.6733655891042,49.1927548368565,970.572443581608
11.6101656739015,49.1776241577833,958
11.5797388510876,49.1703240747342,951.91554374812
11.5494560932341,49.1630484786841,945.839249902263
11.4893189813686,49.1485703845727,933.711083816563
11.4581622330367,49.1410537386063,927.395103104456
11.4271582549466,49.1335633608753,921.087941193903
11.3656044482286,49.1186610009437,908.5
11.3360438364985,49.1114894689551,902.423247724747
11.3066243292146,49.1043426149665,896.354941210249
11.2482048903568,49.0901225572594,884.243595131338
11.2178541752313,49.0827199376804,877.918955197763
11.1876539110689,49.0753439218509,871.60348931928
11.1277005990504,49.0606712662698,859
11.0988879309619,49.0536056712377,852.91138122816
11.0702140526304,49.0465649939556,846.831503704974
11.0132789605001,49.0325579883249,834.697897215213
10.9838049680125,49.0252927758547,828.384305116467
10.9544778934232,49.0180542194037,822.080138932514
10.8962604416173,49.0036566217612,809.5
10.8405248756956,48.9898375501853,797.373209296456
10.8128595857238,48.9829653987889,791.323321138095
10.7853280824215,48.9761180298487,785.282411049003
10.7279248881916,48.9618141316415,772.621532191134
10.6994406011081,48.9547027086559,766.3058592348
10.6852523401948,48.9511570757857,763.151704332378
10.6710998335014,48.9476181420218,760
10.615879327129,48.9337885006402,747.624980525305
10.5738082099029,48.9232291990894,738.10585056905
10.5324178711622,48.9128214666168,728.662576868828
10.4916933950518,48.902562472034,719.29425629553
10.4516202800238,48.8924494479476,710
10.4254677802967,48.8858397935245,703.893262828064
10.3995898764511,48.8792919963288,697.818265601651
10.3991496946708,48.8791805537239,697.714649662011
10.348642417395,48.8663789945386,685.762506287605
10.3477803827972,48.8661602551541,685.557420936635
10.3231385375721,48.8599039146412,679.679239165515
10.298747213378,48.8537044660588,673.830777988988
10.2843207874316,48.8500346125689,670.357470241551
10.2699814862771,48.8463846052536,666.894602614602
10.2557285958869,48.8427543036641,663.442128107172
10.2486343321148,48.8409464985705,661.719773662561
10.241561406646,48.8391435677885,660
10.1934679319517,48.8268693355337,647.44308825296
10.1908447656419,48.8261991126928,646.754516626808
10.1463086090623,48.8148082371622,635.004994961893
10.1411665649494,48.8134916340344,633.641205778202
10.1000589387177,48.8029554529596,622.6840416075
10.0924981065707,48.8010154832726,620.658098913648
10.0546952338146,48.7913062949918,610.478581138349
10.0529256165418,48.7908513962323,610
10.0448116940007,48.7887651744814,607.803266391352
10.0101945861893,48.7798562028405,598.386997236882
10.0080247039868,48.7792973167608,597.794365946859
9.96398032295475,48.7679415204496,585.703166460287
9.92077036067609,48.7567795498673,573.724799718285
9.87177352339981,48.7440971602707,560
9.84767346659611,48.7378491049063,553.192741540924
9.8286756062695,48.7329191805177,547.800018114301
9.81803171068493,48.7301553132204,544.768301784382
9.80743936446432,48.7274035566217,541.743844590016
9.79689822930575,48.7246638410842,538.726620490491
9.78640796972482,48.7219360974592,535.716603569497
9.78210848900477,48.7208177586736,534.480806121155
9.77996194701569,48.7202593427301,533.863362308618
9.77888947436442,48.7199803228629,533.554754032585
9.77781753346854,48.719701428301,533.246221472873
9.77301594258668,48.718452003936,531.863248856533
9.76822501077028,48.7172050924599,530.481796516729
9.76583353191108,48.7165825769617,529.791639667362
9.76344470579539,48.7159606871975,529.101861948018
9.76105852843152,48.7153394223407,528.412463046378
9.75986643177771,48.7150290239925,528.067905554689
9.75927063124122,48.7148738832935,527.895662281578
9.75867499581626,48.7147187815611,527.723442650462
9.74926682213076,48.7122683863924,525
9.74737980197617,48.7117767837415,524.453026404614
9.74494907010613,48.7111434748519,523.748093657487
9.71736862299259,48.7039528980479,515.721110339925
9.69782059783114,48.6988512451329,510
9.66803727252396,48.6910700309922,501.231837635871
9.63285788162409,48.6818660450749,490.793867695779
9.59826692675446,48.6728022831788,480.443297181012
9.56425113975503,48.6638759466982,470.179032946135
9.53079763014682,48.655084305217,460
9.51482552424127,48.6508823084811,455.110153799645
9.49898046828515,48.6467108620835,450.239855181777
9.48326109642821,48.6425696740665,445.388987165494
9.46766606140768,48.6384584558913,440.55743370145
9.45219403424122,48.6343769223915,435.745079662605
9.43684370392569,48.6303247917269,430.951810835079
9.42161377714199,48.6263017853384,426.177513909115
9.4065029779657,48.6223076279034,421.42207647015
9.39742519190594,48.6199068902962,418.556340878194
9.38839020726166,48.6175165368802,415.697432495386
9.37939775113381,48.6151365085089,412.845326953464
9.37491738600042,48.6139503476899,411.421817664446
9.37044755165874,48.6127667461399,410
9.3383753381098,48.604267397695,399.307878836069
9.30680076708303,48.5958884302541,388.697138499809
9.27571342651844,48.5876276076517,378.166853394176
9.24510317941144,48.5794827444987,367.716111905669
9.22265648465635,48.5735032370883,360
9.21496012388003,48.5714516965403,357.344016141245
9.19437394101853,48.5659609078651,350.213610508655
9.18527467532317,48.5635323834933,347.049681671167
9.16649735326376,48.5585178559475,340.49665633665
9.13901889791654,48.551172373532,330.84840112145
9.11193088227805,48.5439227728389,321.268118876023
9.08031982312909,48.5354520003987,310
9.05309332084653,48.5281469401561,300.217481876511
9.02626150472157,48.520939431646,290.505624974055
8.99981666744816,48.5138277622964,280.863666446062
8.97375129159187,48.5068102564246,271.290854387338
8.9432493405637,48.4985883612174,260
8.91704257696824,48.4915156781641,250.221496159884
8.89121966990929,48.4845388393951,240.514923480173
8.86577305101495,48.4776561359881,230.879491175603
8.84069534004662,48.4708658964611,221.314420010072
8.82591664775448,48.4668608977608,215.644922069009
8.81126502701225,48.4628878431276,210
8.79725968681591,48.459087719036,204.581591531031
8.78329169726518,48.4552954699606,199.16578174378
8.75546720500223,48.447734513083,188.341950740003
8.74050484135196,48.4436649735748,182.501932901358
8.72558536532055,48.4396045178989,176.664936727765
8.69587437894104,48.4315107538092,165
8.68942492776466,48.4297524655147,162.460614540196
8.66421468912165,48.4228748722094,152.509498489537
8.63912699215832,48.4160233931646,142.567164179106
8.6242147358697,48.4119473787802,136.638571687629
8.60334099243215,48.4062375575031,128.316210957766
8.58255190004911,48.4005458638033,120
8.56306383483802,48.3952058104517,112.178010498598
8.53477236533898,48.3874456244311,100.775120697231
8.52036956645637,48.383491446038,94.9483509011809
8.50601617848216,48.379548433035,89.126912393105
8.4917119643024,48.375616544285,83.3107978594423
8.47745668827706,48.3716957388276,77.5
8.46450380213197,48.3681310948493,72.2074135776759
8.45159121469267,48.3645755968932,66.9192339716901
8.438718750595,48.3610292143088,61.6354556803995
8.42588623546332,48.3574919165658,56.3560732113143
8.41292205103952,48.353916375732,51.0103056534594
8.39999853770762,48.350350102505,45.6690413893526
8.38711551703946,48.3467930654826,40.3322747310044
8.38068913575145,48.3450180007079,37.6655762291114
8.37747971772556,48.3441313300557,36.332647874741
8.37587595066498,48.3436882099514,35.6662888829499
8.37427281111617,48.3432452332479,35
8.37051022286963,48.3422054437365,33.125
8.36675004197502,48.3411661545226,31.25
8.35923689303394,48.3390890756581,27.5
8.35173334590587,48.3370139939993,23.75
8.3479851672886,48.3359772012934,21.875
8.34611197571505,48.3354589918264,20.9375
8.345175604237,48.3351999337963,20.46875
8.34423938225056,48.334940906895,20
8.33947282914936,48.333621973991,17.3283812080545
8.33471056978821,48.3323039643711,14.6567624161089
8.3281859867877,48.3304977817718,10.9925718120812
8.32166945487916,48.3286933318833,7.32838120805445
8.3151609592057,48.3268906123627,3.66419060402677
8.31190972032427,48.3259899007593,1.83209530201384
8.31028485231302,48.325539706869,0.916047651006011
8.30947260606371,48.3253146503857,0.458023825503005
8.30866048494678,48.325089620871,0
