141.97,30.99,9
141.968197987907,30.9928144797875,10.9925718120812
141.964880948076,30.9979947120636,14.6567624161089
141.962459764493,31.0017754738206,17.3283812080545
141.960036318971,31.0055594222196,20
141.959559613708,31.006303705317,20.46875
141.959082829201,31.0070480987611,20.9375
141.958129022378,31.0085372167875,21.875
141.956220456937,31.0115167780836,23.75
141.952399514378,31.0174812071765,27.5
141.948573481008,31.0234527221485,31.25
141.946658552048,31.0264411408005,33.125
141.944742346517,31.0294313356799,35
141.943923272929,31.0307094153574,35.6662888829499
141.943103868153,31.0319879723223,36.332647874741
141.941464064281,31.0345465191043,37.6655762291114
141.938180473935,31.0396693510345,40.3322747310044
141.931597320192,31.0499380241623,45.6690413893526
141.924992786935,31.0602374838279,51.0103056534594
141.918366775482,31.070567859084,56.3560732113143
141.911807375514,31.0807918389012,61.6354556803995
141.905226869906,31.0910461724598,66.9192339716901
141.898625162113,31.1013309857794,72.2074135776759
141.892002155012,31.1116464055594,77.5
141.88471240911,31.1229972972944,83.3107978594423
141.877396786202,31.1343853404127,89.126912393105
141.870055155633,31.1458107050181,94.9483509011809
141.862687385876,31.1572735622271,100.775120697231
141.84821231858,31.1797847360129,112.178010498598
141.838239475782,31.1952870233741,120
141.827599115563,31.2118204865597,128.316210957766
141.816913663276,31.2284173185267,136.638571687629
141.809278862838,31.2402717140486,142.567164179106
141.796432378135,31.2602104516198,152.509498489537
141.783520552673,31.280240831103,162.460614540196
141.780216945272,31.2853642111494,165
141.76499585825,31.308961461002,176.664936727765
141.757351166627,31.3208078911057,182.501932901358
141.749683578051,31.3326863545437,188.341950740003
141.735422225154,31.3547705513339,199.16578174378
141.728261769462,31.3658542594765,204.581591531031
141.721081354142,31.376965839596,210
141.713568393026,31.3885887879071,215.644922069009
141.705989017357,31.4003111246326,221.314420010072
141.693124812737,31.4201993091279,230.879491175603
141.680067639209,31.4403758904537,240.514923480173
141.666813533501,31.4608465457827,250.221496159884
141.653358427857,31.4816170945926,260
141.63769301997,31.5057862856045,271.290854387338
141.624301850448,31.5264352792398,280.863666446062
141.610711641372,31.5473804329331,290.505624974055
141.596918337622,31.568627516952,300.217481876511
141.582917777914,31.5901824448237,310
141.566657038272,31.6152026637821,321.268118876023
141.552718210955,31.6366378413899,330.84840112145
141.538573986161,31.6583772368121,340.49665633665
141.528905965055,31.6732300479094,347.049681671167
141.524220194861,31.6804267433642,350.213610508655
141.513617265531,31.6967066273965,357.344016141245
141.509652592274,31.7027923491484,360
141.49808744485,31.7205394375819,367.716111905669
141.482311293939,31.7447358094825,378.166853394176
141.466283426475,31.7693033161952,388.697138499809
141.449998321832,31.7942497055385,399.307878836069
141.433450303369,31.8195829318496,410
141.431140587276,31.8231175822057,411.421817664446
141.428825296545,31.8266604501808,412.845326953464
141.424177918169,31.8337709416315,415.697432495386
141.419508019576,31.8409146154018,418.556340878194
141.41481545147,31.8480916814117,421.42207647015
141.407003028768,31.8600375614931,426.177513909115
141.39912747504,31.8720763586159,430.951810835079
141.391188091294,31.8842090538167,435.745079662605
141.383184168595,31.8964366413239,440.55743370145
141.375114987896,31.9087601287753,445.388987165494
141.366979819854,31.9211805374387,450.239855181777
141.358777924653,31.9336989024383,455.110153799645
141.350508551816,31.946316272984,460
141.333182799743,31.9727388555051,470.179032946135
141.315558063647,31.9995993903489,480.443297181012
141.297627240399,32.0269077710778,490.793867695779
141.279383009027,32.0546741771416,501.231837635871
141.263930575562,32.0781764516572,510
141.253785189824,32.0935994198605,515.721110339925
141.239466511427,32.1153563750112,523.748093657487
141.238204319412,32.1172736769428,524.453026404614
141.232338593369,32.1261826435503,527.723442650462
141.232029248418,32.1266524262445,527.895662281578
141.231719815257,32.127122337305,528.067905554689
141.23110068417,32.1280625447135,528.412463046378
141.229861361972,32.1299445020071,529.101861948018
141.228620624554,32.1318285184986,529.791639667362
141.227875460914,32.132959980276,530.205711019294
141.2273784697,32.1337145972453,530.481796516729
141.224889898877,32.1374929536506,531.863248856533
141.222395631616,32.1412795959101,533.246221472873
141.221838772014,32.1421249360935,533.554754032585
141.22128162819,32.1429706896159,533.863362308618
141.220166487084,32.1446634377649,534.480806121155
141.217932785496,32.1480539061318,535.716603569497
141.212482260515,32.1563258708388,538.726620490491
141.207004530616,32.1646373750651,541.743844590016
141.201499409327,32.1729886756696,544.768301784382
141.195966708534,32.1813800316388,547.800018114301
141.186089648048,32.1963559630735,553.192741540924
141.173556302974,32.2153512440456,560
141.14806270524,32.2539605269416,573.724799718285
141.125566038205,32.2879995501561,585.703166460287
141.102621328952,32.3226860817865,597.794365946859
141.101490582697,32.3243946870422,598.386997236882
141.08344674058,32.3516496056177,607.803266391352
141.079216196557,32.3580370237027,610
141.078293467598,32.359430052402,610.478581138349
141.05857661338,32.3891844009665,620.658098913648
141.0546318771,32.3951346109922,622.6840416075
141.033177468778,32.4274803983748,633.641205778202
141.03049293567,32.4315258528448,635.004994961893
141.007233714621,32.4665587356885,646.754516626808
141.005863304821,32.4686218547048,647.44308825296
140.980729162026,32.5064413048679,660
140.977020150466,32.512019155489,661.719773662561
140.973299544938,32.5176136371867,663.442128107172
140.965823353605,32.5288527619881,666.894602614602
140.958300183463,32.540159226717,670.357470241551
140.950729627106,32.5515335820109,673.830777988988
140.937925959717,32.5707628153433,679.679239165515
140.924985886382,32.5901872182898,685.557420936635
140.924533120256,32.5908666911787,685.762506287605
140.897994632798,32.6306725614553,697.714649662011
140.897763252571,32.6310194354375,697.818265601651
140.884157822318,32.651410560842,703.893262828064
140.870402439558,32.6720154856299,710
140.849314330597,32.7035831364945,719.29425629553
140.827869845841,32.7356577569057,728.662576868828
140.806060620073,32.7682505188943,738.10585056905
140.783878032317,32.801372911891,747.624980525305
140.754739717903,32.844837981137,760
140.747267917319,32.8559755851632,763.151704332378
140.739775976721,32.8671399573962,766.3058592348
140.724731364967,32.8895493651765,772.621532191134
140.694397018364,32.9346933741729,785.282411049003
140.679840762411,32.9563372561715,791.323321138095
140.665208915213,32.9780811563177,797.373209296456
140.63571619433,33.0218715947083,809.5
140.604888956174,33.067589644459,822.080138932514
140.58935148766,33.0906114837159,828.384305116467
140.573730606894,33.1137428259339,834.697897215213
140.543539773409,33.1584092771594,846.831503704974
140.528326991935,33.1808961594468,852.91138122816
140.513035190974,33.203486355223,859
140.48119873258,33.2504741850605,871.60348931928
140.465152875526,33.274134263685,877.918955197763
140.449021060917,33.2979060930673,884.243595131338
140.41795329031,33.3436451866712,896.354941210249
140.402299310952,33.3666704253732,902.423247724747
140.386564476769,33.3898003384879,908.5
140.353781377618,33.4379449957934,921.087941193903
140.337259354498,33.4621854422413,927.395103104456
140.320649460971,33.4865389435319,933.711083816563
140.288571543769,33.533526722634,945.839249902263
140.272409127443,33.5571789922808,951.91554374812
140.256163592709,33.5809377370044,958
140.222399822977,33.6302679170642,970.572443581608
140.188278813678,33.680053392072,983.178802118096
140.155152197466,33.7283239034777,995.323620858176
140.121685696339,33.7770256301964,1007.5
140.086868455628,33.8276247200506,1020.07004160769
140.051683876752,33.8786869562539,1032.67290433428
140.017503536889,33.9282237605374,1044.82116506304
139.982973249849,33.9781997175332,1057
139.9470985184,34.0300491369019,1069.5546440837
139.910846584097,34.0823688616514,1082.1409665081
139.875533213014,34.1332617193842,1094.30565081738
139.839858508286,34.1846029128119,1106.5
139.802807471176,34.2378478604057,1119.06540313811
139.765366716403,34.2915732241123,1131.66158906888
139.692162736965,34.3963857404153,1156
139.654632389659,34.45000277203,1168.33192261882
139.616715152455,34.5040910787588,1180.69249676883
139.578405144494,34.5586565872135,1193.08182241803
139.539696363698,34.6137053232838,1205.5
139.50570579991,34.6619739697836,1216.32268603573
139.471407530117,34.7106130935068,1227.16682464455
139.468863715615,34.7142178733093,1227.96806731163
139.46631820076,34.7178246951901,1228.76942721957
139.461222063319,34.7250444717639,1230.37249886094
139.456119104356,34.7322724365112,1231.97603977464
139.451009310421,34.739508602707,1233.58005016674
139.440769163881,34.7540055923899,1236.78948021112
139.430501515188,34.768535547881,1240.00079064521
139.420206255464,34.7830985764148,1243.21398312205
139.409883275244,34.7976947856899,1246.42905929664
139.389153714237,34.8269871771772,1252.86486936871
139.382257166409,34.8367271099479,1255
139.362972468033,34.863948423034,1260.95463912357
139.343591960567,34.8912837678105,1266.91556486065
139.32411494018,34.9187338292972,1272.88278717215
139.314340015109,34.932502095321,1275.86876266185
139.304540694687,34.9462992998974,1278.85631604003
139.302552432524,34.9490980621068,1279.46176837359
139.300563164631,34.9518980163821,1280.0672855322
139.280484494719,34.9801468250562,1286.16558487831
139.260303087846,35.0085172203484,1292.27046329956
139.21962895463,35.0656257647323,1304.5
139.193268344212,35.1025875349912,1312.37329995064
139.166733657335,35.1397538098236,1320.25731532995
139.14002318813,35.1771262164673,1328.15206802809
139.113135208,35.2147063994656,1336.05757999491
139.051580314861,35.3005858416088,1354
139.036501237035,35.3215911996964,1358.36264868231
138.997404255454,35.3759943098599,1369.61505306817
138.957935779277,35.4308272910511,1380.88870621486
138.918090545959,35.4860950461476,1392.1836683677
138.877863191272,35.5418025530078,1403.5
138.833064510922,35.603733858005,1416.00091043435
138.787791190879,35.666207261056,1428.52728207025
138.755137768079,35.7111951532143,1437.49595584382
138.698214931752,35.7894776262612,1453
138.643492683784,35.8645634154281,1467.75058586692
138.588080538253,35.9404258925793,1482.53582354711
138.550377472405,35.9919459569747,1492.51001140198
138.512351686504,36.0438270011661,1502.5
138.415847549503,36.1751336485878,1527.54507831142
138.356108762503,36.2561576226785,1542.83118695309
138.319966512634,36.3050816724749,1552
138.266038636492,36.3779471139018,1565.57126913744
138.211477062959,36.4515054802919,1579.170417641
138.166323985555,36.5122555266234,1590.32581136295
138.120732254206,36.5734818998892,1601.5
138.017452084137,36.7117572418429,1626.48639000535
137.933059059794,36.8243115342902,1646.57372505332
137.914296626624,36.8492818715277,1651
137.859439113022,36.9221796545095,1663.8601754062
137.803959005816,36.9957376713233,1676.74440637374
137.752389743542,37.0639600367149,1688.61198033775
137.700276582921,37.1327548688323,1700.5
137.589376456538,37.2786635394285,1725.4548124004
137.485315275039,37.4149681736638,1748.45502649824
137.478260541271,37.4241876233818,1750
137.420259137495,37.4998846319588,1762.63439076853
137.361596033841,37.5762606354133,1775.29117016255
137.305010304782,37.6497564173747,1787.3853461322
137.247801790769,37.7238860928787,1799.5
137.128533132474,37.8778675254597,1824.39975341869
137.070366996472,37.9526865332709,1836.37139519048
137.011559528817,38.0281468132491,1848.36269448377
137.009989309479,38.0301591511952,1848.68134029567
137.008418630225,38.0321719470627,1849
136.977607221285,38.0716296026288,1855.23500903794
136.946618462846,38.1112633795274,1861.47531612652
136.884102660405,38.1910639220237,1873.9718514899
136.822198577707,38.2698790877216,1886.22570701501
136.759584314876,38.3493917924492,1898.5
136.69599097999,38.429935475672,1910.84442848281
136.631659328327,38.5111969718237,1923.2092043829
136.566576191175,38.5931857581118,1935.59437804998
136.500728074655,38.6759114829043,1948
136.437599688564,38.755006669434,1959.77676083581
136.373759645481,38.8347811779823,1971.5719790383
136.370030124853,38.8394349940653,1972.25753325194
136.366298160149,38.8440911320374,1972.94314986794
136.332827978963,38.8858172397125,1979.07486614926
136.299160526714,38.9277302605404,1985.21157586195
136.265294017506,38.9698314357406,1991.35328510815
136.231226643109,39.0121220178059,1997.5
136.162277252714,39.0975296650556,2009.84502897631
136.092499751061,39.1837117094922,2022.2100063482
135.950398741519,39.3584408093175,2047
135.872516902316,39.4537630307423,2060.36870830591
135.804665648687,39.5365540438264,2071.89234040359
135.65749997359,39.7153116233837,2096.5
135.494456759413,39.9120632674495,2123.16098513565
135.351709870332,40.083213051298,2146
135.34413483828,40.0922664783943,2147.19913328747
135.190073614845,40.2757668522746,2171.31202186828
135.032127457703,40.4626552616765,2195.5
134.949713085998,40.5596754489067,2207.91232549126
134.86621891811,40.6576213153715,2220.34447117778
134.786789352872,40.7504772193694,2232.04013039989
134.69775770428,40.8541863871229,2245
134.524966726216,41.0543459174986,2269.71064065429
134.3474996346,41.2583950366035,2294.5
134.273498034057,41.3430261234944,2304.66492071891
134.198665449531,41.428336365645,2314.84316635167
134.165327082782,41.4662549767093,2319.34536379588
133.980128865622,41.6759171401274,2344
133.76375802546,41.9187773761211,2372.0612614952
133.594286283075,42.1074332564292,2393.5
133.577099176841,42.1264896067793,2395.64836841572
133.554437070746,42.1515949794995,2398.47391666304
133.531701039713,42.1767577722718,2401.3004964165
133.486005694428,42.2272564105519,2406.95675270202
133.4400100886,42.277987125964,2412.61714179685
133.393711129141,42.3289515351607,2418.28166823218
133.291826553075,42.4407472229847,2430.63099049315
133.188455421787,42.5536759385291,2443
132.97667061649,42.7834834028081,2467.84827539613
132.869602033973,42.898870426667,2480.16420665138
132.760927202986,43.01544688074,2492.5
132.538799938514,43.2520369219112,2517.20988262419
132.309780118652,43.4936122267089,2542
132.177894891937,43.6316506355497,2555.96968856544
132.043652540912,43.7713529554841,2569.96536136428
132.040403241431,43.7747244039311,2570.30136722411
132.037152546614,43.7780968277122,2570.63738807489
132.030646967203,43.7848446029938,2571.3094747533
132.017619022844,43.7983518764928,2572.65382804564
131.991495779741,43.825413411917,2575.34325459725
131.938978166122,43.8797252135352,2580.72498936814
131.832844554555,43.9891100144808,2591.5
131.70909243525,44.1160223287201,2603.89554466347
131.583316898484,44.2443172622246,2616.31173760945
131.408157269998,44.4218291011294,2633.30425228385
131.327651215973,44.5029670495807,2641
131.196948423666,44.6340963940076,2653.34395023328
131.06404406912,44.7666774215076,2665.70856565713
130.928878967483,44.9007349837461,2678.09389820886
130.79139169314,45.0362945358436,2690.5
130.736124879237,45.0905598019843,2695.43330787115
130.610327857288,45.2135946548918,2706.54938086619
130.48254759775,45.3378857871607,2717.68249439006
130.220835923059,45.5903166452895,2740
130.161413764347,45.6472344706167,2744.97932763395
130.026886975372,45.7755521570398,2756.13924688407
129.890358363097,45.9050176137923,2767.30765889383
129.751779722393,46.0356469104378,2778.48457336147
129.611101216287,46.1674564301357,2789.67
129.501350218024,46.2697321966512,2798.28585062775
129.235112570114,46.5158258215491,2818.79348811137
128.96118189808,46.766086191219,2839.33
128.810544076401,46.9024474038332,2850.3872878975
128.542224483355,47.1431444382718,2869.68099414036
128.405241373373,47.2649513308774,2879.33733150893
128.266318918937,47.3877468743516,2889
128.264548690931,47.3893068421122,2889.1000846569
128.262778013427,47.3908670863488,2889.20017366278
128.259235309183,47.3939884045757,2889.40036472264
128.252144498543,47.4002343623352,2889.80079904268
128.237941226921,47.4127395814311,2890.60187654757
128.209447746885,47.437803381279,2892.20486752515
128.152110332088,47.4881456146368,2895.41419742546
128.036011627554,47.5896982465343,2901.84628168333
127.917971083433,47.6924273252427,2908.29632769777
127.797935002482,47.7963560241451,2914.76441081194
127.565876589553,47.9957500152048,2927.01472392131
127.326119260525,48.1996661199675,2939.33
127.068900631225,48.4160931647206,2952.17095087527
126.936876773314,48.5262476816162,2958.61750086836
126.802486732223,48.6377320711943,2965.08152815299
126.541930858096,48.8520407615893,2977.33921702579
126.272164300943,49.0713955915601,2989.66
125.982300414724,49.3042584925412,3002.49571543133
125.681349288964,49.5429619426064,3015.39890143113
125.385882418512,49.7743163312333,3027.66381416945
125.079164881217,50.0113788540684,3039.99
124.748926801286,50.2631375218432,3052.81908434385
124.405008069146,50.5215427309752,3065.71352997519
124.065752489396,50.7727198082947,3077.98700900047
123.712388034807,51.0304706531438,3090.32
123.330666778729,51.3045374204959,3103.14955388861
122.93153909702,51.5863321998054,3116.04247592231
122.535847045306,51.8609730222065,3128.32235675033
122.121858969321,52.1433642966213,3140.66
121.672880249504,52.4440112137526,3153.48051912725
121.200900555395,52.7538892193069,3166.3623986169
120.729589338526,53.0571476877314,3178.6481624524
120.233436240982,53.3698600832735,3190.99
119.117868520049,54.0492642116053,3216.69183982688
118.539820891969,54.3888139659405,3228.97873402073
117.925752764835,54.7404971512623,3241.32
116.559428680884,55.490883103292,3266.37483646147
114.980396223112,56.3056851784767,3291.65
114.359146213295,56.6116394217989,3300.62894076405
113.890454201177,56.8372056386704,3307.07193322699
113.099363966045,57.2079500674176,3317.33618064189
111.242925205312,58.0308591627309,3338.6688674973
110.923610809175,58.1660150233974,3341.98
109.432237172527,58.7736675838403,3356.19208780315
107.6824077295,59.4393863225654,3370.47067351015
106.106246756778,59.9980770193169,3381.37088028597
104.210405362842,60.6220147699589,3392.31
104.199935174407,60.6253211531547,3392.36434000005
102.019266114852,61.282209285421,3402.36247766525
91.5939639808019,63.6634160147051,3421.46104977582
79.6444434525989,65.1695399162262,3402.36247766525
76.7065357022069,65.3749669987071,3392.36434000005
76.692023835168,65.3758325966755,3392.31
73.9988907505498,65.5116024361924,3381.37088028597
71.6592556671138,65.5899586687672,3370.47067351015
68.9532801631825,65.6353950734583,3356.19208780315
66.5566519542594,65.635470209994,3341.98
66.0327744139102,65.6304675923256,3338.6688674973
62.9131497029882,65.5632417146076,3317.33618064189
61.5462033339983,65.5134428457205,3307.07193322699
60.7260304946801,65.477550378887,3300.62894076405
59.6273208362446,65.4223402164847,3291.65
56.7775060182633,65.2404996018959,3266.37483646147
54.2493007218089,65.0312860685938,3241.32
53.0956390499327,64.9203944591482,3228.97873402073
52.000444011253,64.8059472084796,3216.69183982688
49.8634058868164,64.5562072655326,3190.99
48.9038096827507,64.4323874518484,3178.6481624524
47.9874954023456,64.3072066387079,3166.3623986169
47.0655477698639,64.1742657445919,3153.48051912725
46.1847998974494,64.0405790078448,3140.66
45.3697218826387,63.9109164930003,3128.32235675033
44.5882209306673,63.7811196495108,3116.04247592231
43.7977262717624,63.6442639047996,3103.14955388861
43.0398294549018,63.5076880265537,3090.32
42.3367682987441,63.376203231336,3077.98700900047
41.6605995356989,63.2453118530051,3065.71352997519
40.9741016070375,63.1078839294985,3052.81908434385
40.3140654791255,62.9713580537287,3039.99
39.7004117680871,62.8404857493735,3027.66381416945
39.1087965527387,62.7106509488186,3015.39890143113
38.5058238835077,62.5745550621899,3002.49571543133
37.9247989125885,62.4397469144777,2989.66
37.3839035425124,62.3109564353633,2977.33921702579
36.8614038301639,62.1834774984378,2965.08152815299
36.5919018207191,62.1165287712808,2958.61750086836
36.3271522890565,62.0499589632094,2952.17095087527
35.8114010123356,61.9179680121197,2939.33
35.3307710475576,61.7921805641019,2927.01472392131
34.8657243471754,61.6678717757501,2914.76441081194
34.6252442710046,61.602573984146,2908.29632769777
34.3888187203747,61.537694253877,2901.84628168333
34.1563432071646,61.4732328812336,2895.41419742546
34.0415549996679,61.4411590812375,2892.20486752515
33.9845178923047,61.4251614010578,2890.60187654757
33.956087924998,61.4171723649708,2889.80079904268
33.9418950057821,61.4131802977646,2889.40036472264
33.9348040520564,61.4111848768477,2889.20017366278
33.9312599503883,61.4101873195577,2889.1000846569
33.9277167650318,61.4091898643791,2889
33.6497111735103,61.3304402290437,2879.33733150893
33.375696344759,61.2518732550923,2869.68099414036
32.8393137585401,61.0953199228631,2850.3872878975
32.5384074729816,61.0058744358981,2839.33
31.9916812780401,60.8403278163835,2818.79348811137
31.4609415238099,60.6758195800819,2798.28585062775
31.2423522645679,60.606959178732,2789.67
30.9623443436728,60.5177954952147,2778.48457336147
30.6867216086925,60.4289704722588,2767.30765889383
30.4153848614255,60.340491071233,2756.13924688407
30.1482377291103,60.2523637472743,2744.97932763395
30.0303044578114,60.2131367614236,2740
29.5114183268719,60.0381691035004,2717.68249439006
29.2583965425706,59.9514303996698,2706.54938086619
29.0095184373247,59.8651920519478,2695.43330787115
28.9002476977383,59.8270382761389,2690.5
28.6286041048111,59.7314147391608,2678.09389820886
28.3618185117979,59.6364171335783,2665.70856565713
28.099764046557,59.542047303124,2653.34395023328
27.8423181150603,59.4483066049917,2641
27.6838801966461,59.3901043014051,2633.30425228385
27.3395272570409,59.2622465765373,2616.31173760945
27.0925771043754,59.1693964776018,2603.89554466347
26.849865158606,59.077187037833,2591.5
26.6419222286958,58.9974284806851,2580.72498936814
26.5391011814738,58.9577299720857,2575.34325459725
26.487974614777,58.9379258771818,2572.65382804564
26.4624818707863,58.9280351148812,2571.3094747533
26.4497530777707,58.9230925543974,2570.63738807489
26.4433930690487,58.9206219792423,2570.30136722411
26.4370359828726,58.918151874115,2569.96536136428
26.1745673989798,58.815584495921,2555.96968856544
25.9170348629703,58.7138321012432,2542
25.4706194366765,58.5348028401557,2517.20988262419
25.038629040151,58.3583110462844,2492.5
24.8276446524703,58.2709340067742,2480.16420665138
24.6200182532167,58.1841838589703,2467.84827539613
24.2100415287309,58.0106374013555,2443
24.0102851570676,57.9249840293373,2430.63099049315
23.8136310706519,57.8399522481395,2418.28166823218
23.7243425706002,57.8011109007419,2412.61714179685
23.6356865994763,57.7623995789496,2406.95675270202
23.5476565327625,57.7238179380482,2401.3004964165
23.5038741655791,57.7045756376941,2398.47391666304
23.4602458315173,57.6853656261713,2395.64836841572
23.4271655787815,57.6707764447468,2393.5
23.1013440552758,57.5259876438083,2372.0612614952
22.6863289973095,57.3386558494657,2344
22.3319914383617,57.176095344518,2319.34536379588
22.2682937490091,57.1466138562112,2314.84316635167
22.1254145059147,57.080195363024,2304.66492071891
21.9842575151429,57.0141828852878,2294.5
21.6462974395333,56.8545271247593,2269.71064065429
21.3180070566521,56.6972425247784,2245
21.1491521821344,56.6154905199739,2232.04013039989
20.9986817665406,56.5421464902755,2220.34447117778
20.8406891217819,56.4646324503776,2207.91232549126
20.6849197108191,56.387700903581,2195.5
20.3868941378142,56.2390928366431,2171.31202186828
20.0968454141068,56.0926534546315,2147.19913328747
20.0826006355422,56.085415200427,2146
19.8144601886659,55.9483471749173,2123.16098513565
19.5088829743318,55.7902348265648,2096.5
19.2337018060385,55.6460896709687,2071.89234040359
19.1070345469269,55.5791724336206,2060.36870830591
18.9618032794337,55.502004972268,2047
18.6972663321599,55.3602196754262,2022.2100063482
18.5675810671881,55.2901288715959,2009.84502897631
18.4395738804687,55.2205661596403,1997.5
18.3763777002773,55.1860841386018,1991.35328510815
18.3135878094932,55.1517321757494,1985.21157586195
18.2512003400466,55.1175096679796,1979.07486614926
18.1892114727225,55.0834160142097,1972.94314986794
18.182301686129,55.0796101008466,1972.25753325194
18.1753968351083,55.0758057916103,1971.5719790383
18.0572668066007,55.010547762765,1959.77676083581
17.9405723673822,54.9457608810398,1948
17.8189767931554,54.8779107914288,1935.59437804998
17.6989211643444,54.810575559826,1923.2092043829
17.5803766989368,54.7437502959533,1910.84442848281
17.4633153269468,54.6774301483064,1898.5
17.3481757806066,54.6118763341936,1886.22570701501
17.2344592578574,54.5468172047976,1873.9718514899
17.1197376370167,54.4808637069637,1861.47531612652
17.0629150557196,54.4480771055714,1855.23500903794
17.006446876958,54.4154164449081,1849
17.0035690686094,54.4137498471494,1848.68134029567
17.0006921787155,54.4120835774689,1848.36269448377
16.8930022417543,54.3495636648151,1836.37139519048
16.7865916701573,54.2875046329733,1824.39975341869
16.5687265519853,54.1595652154791,1799.5
16.4643823264533,54.0978686501623,1787.3853461322
16.3612746963829,54.0366335068227,1775.29117016255
16.2544878345929,53.9729292896313,1762.63439076853
16.1490119807835,53.9097221477767,1750
16.1361901498847,53.9020192018814,1748.45502649824
15.94724407419,53.7880172471595,1725.4548124004
15.7462590606561,53.6657397885777,1700.5
15.6519496237686,53.6080006499439,1688.61198033775
15.5587101342412,53.550687849079,1676.74440637374
15.4584950644832,53.4888326076131,1663.8601754062
15.3595020930451,53.4274714968611,1651
15.3256666935057,53.4064390127597,1646.57372505332
15.1736166784047,53.311547118531,1626.48639000535
14.9878526422443,53.1947757926875,1601.5
14.9059600758059,53.1430031731223,1590.32581136295
14.8249224170027,53.091592437354,1579.170417641
14.7270881850465,53.0292882317159,1565.57126913744
14.6304863337537,52.9675127351512,1552
14.5657977428875,52.9260024872921,1542.83118695309
14.4589697953401,52.8571998602939,1527.54507831142
14.2866456605708,52.745549779203,1502.5
14.2188292025993,52.7013848276636,1492.51001140198
14.1516357910373,52.6574990608043,1482.53582354711
14.0529677171851,52.5928272394519,1467.75058586692
13.9556287447788,52.5287583836293,1453
13.8544817912834,52.4618996270483,1437.49595584382
13.7965085475032,52.4234482013817,1428.52728207025
13.7161890867064,52.3700173743888,1416.00091043435
13.6367796055751,52.3170108597665,1403.5
13.5655308627211,52.2692979700897,1392.1836683677
13.4950128016401,52.2219307337715,1380.88870621486
13.4252144795102,52.1749057605013,1369.61505306817
13.3561251709521,52.1282197000243,1358.36264868231
13.3294923916407,52.1101860405296,1354
13.2208538169119,52.0364106836954,1336.05757999491
13.1734395214932,52.0041042168994,1328.15206802809
13.1263626366323,51.97196258263,1320.25731532995
13.0796196574572,51.9399846380364,1312.37329995064
13.0332071274553,51.9081692499179,1304.5
12.9616396940655,51.8589860530919,1292.27046329956
12.926150874756,51.8345410382612,1286.16558487831
12.8908565592144,51.8101930456015,1280.0672855322
12.8873605732515,51.8077793107916,1279.46176837359
12.8838664903076,51.8053665279727,1278.85631604003
12.8666475829413,51.7934710014204,1275.86876266185
12.8494748222215,51.7815985951974,1272.88278717215
12.8152670215729,51.7579229005566,1266.91556486065
12.7812416523743,51.7343389547873,1260.95463912357
12.7473972958607,51.7108462734261,1255
12.7352970603843,51.7024387428732,1252.86486936871
12.6989361629762,51.6771480286938,1246.42905929664
12.6808345480539,51.664542774803,1243.21398312205
12.6627851945681,51.6519641542451,1240.00079064521
12.6447878825076,51.639412090242,1236.78948021112
12.6268423930932,51.6268865062882,1233.58005016674
12.6178890136615,51.6206336203684,1231.97603977464
12.6089485084032,51.6143873258947,1230.37249886094
12.6000208503138,51.6081476133804,1228.76942721957
12.5955618305162,51.6050302223821,1227.96806731163
12.5911060124183,51.6019144733237,1227.16682464455
12.5310499754136,51.5598618104734,1216.32268603573
12.4715727912495,51.5181074149668,1205.5
12.4038882304,51.4704612719959,1193.08182241803
12.3369519975073,51.423205434294,1180.69249676883
12.2707520955239,51.376335542966,1168.33192261882
12.2052767820532,51.3298472994107,1156
12.077706208639,51.2388939808077,1131.66158906888
12.0125313164991,51.1922336738497,1119.06540313811
11.9480829275864,51.1459647037872,1106.5
11.8860738692406,51.1013257513234,1094.30565081738
11.8247366643022,51.0570531501885,1082.1409665081
11.7618146013513,51.0115150504937,1069.5546440837
11.6995925446436,50.9663621533012,1057
11.6397449339204,50.9228181049987,1044.82116506304
11.5805450520579,50.8796348412886,1032.67290433428
11.5196487037455,50.8350991227094,1020.07004160769
11.4594309801396,50.7909447430823,1007.5
11.4015896261126,50.7484248937778,995.323620858176
11.3443745660944,50.7062611174627,983.178802118096
11.2854824846894,50.6627528400389,970.572443581608
11.2272474422701,50.6196213078951,958
11.1992418340382,50.5988405150665,951.91554374812
11.1713887704871,50.5781480314381,945.839249902263
11.1161355235682,50.5370259553016,933.711083816563
11.0875397914452,50.5157051854043,927.395103104456
11.0591050296198,50.4944783678177,921.087941193903
11.002713236719,50.4523043427779,908.5
10.9756605205793,50.4320358784841,902.423247724747
10.9487555320567,50.4118546420216,896.354941210249
10.8953841330332,50.3717518157775,884.243595131338
10.8676847689374,50.3509023479833,877.918955197763
10.8401421723058,50.3301461799733,871.60348931928
10.7855222210015,50.2889114780393,859
10.7592997892372,50.2690806288165,852.91138122816
10.7332211183153,50.2493362489648,846.831503704974
10.6814905695834,50.2101048520773,834.697897215213
10.6547376854827,50.1897816485043,828.384305116467
10.6281362846333,50.1695502584705,822.080138932514
10.575383050773,50.1293606690884,809.5
10.5249452583392,50.0908494684898,797.373209296456
10.4999337274193,50.0717210998134,791.323321138095
10.4750590009133,50.0526768755344,785.282411049003
10.4232459297343,50.0129428282835,772.621532191134
10.3975609446061,49.9932127512498,766.3058592348
10.3847733136022,49.9833816990336,763.151704332378
10.3720220591101,49.9735732100364,760
10.3223141749721,49.935285464593,747.624980525305
10.2844926501276,49.9060981783661,738.10585056905
10.2473249017592,49.8773689686917,728.662576868828
10.2107953809805,49.8490881430934,719.29425629553
10.174889014411,49.8212462684609,710
10.1514765569509,49.8030689428379,703.893262828064
10.1283260095086,49.7850768903886,697.818265601651
10.1279323580937,49.7847707984167,697.714649662011
10.0827947030335,49.7496385455231,685.762506287605
10.0820248409487,49.7490387403271,685.557420936635
10.0600252670121,49.7318902838375,679.679239165515
10.0382635224954,49.7149111811822,673.830777988988
10.0253990044346,49.7048664303527,670.357470241551
10.01261705075,49.6948806194948,666.894602614602
9.99991693129857,49.6849532813508,663.442128107172
9.99359733210113,49.6800113937051,661.719773662561
9.98729792142998,49.6750839511459,660
9.94462296483312,49.641667986994,647.44308825296
9.94229681631984,49.6398447620952,646.754516626808
9.90282667494489,49.6088803054128,635.004994961893
9.89827236374643,49.6053040357158,633.641205778202
9.8618842827367,49.5767050452996,622.6840416075
9.8551955569599,49.5714431903833,620.658098913648
9.82177191265518,49.5451268495496,610.478581138349
9.8202080630052,49.5438946109943,610
9.81303849057846,49.5382442660357,607.803266391352
9.78246654261562,49.5141308452742,598.386997236882
9.7805510935905,49.5126189873353,597.794365946859
9.74169343495925,49.4819217354391,585.703166460287
9.70361300047327,49.4517884534547,573.724799718285
9.66048170864846,49.417598474855,560
9.63928580342738,49.4007732165792,553.192741540924
9.62258610304019,49.3875061790016,547.800018114301
9.61323319625535,49.3800716014515,544.768301784382
9.60392801038998,49.372671975118,541.743844590016
9.59467021119002,49.365307078568,538.726620490491
9.58545946740801,49.3579766921409,535.716603569497
9.58168508577424,49.354972001219,534.480806121155
9.57980085142179,49.3534718259478,533.863362308618
9.57885947212915,49.3527222800414,533.554754032585
9.57791858429178,49.351973094978,533.246221472873
9.57370432798291,49.348617105664,531.863248856533
9.56949992049837,49.3452683503832,530.481796516729
9.56866028725273,49.3445995206647,530.205711019294
9.56740140011709,49.3435966788809,529.791639667362
9.56530533009544,49.3419268080069,529.101861948018
9.56321170650159,49.3402587351446,528.412463046378
9.56216581088083,49.3394253721453,528.067905554689
9.56164309190115,49.3390088588617,527.895662281578
9.56112052539427,49.3385924576683,527.723442650462
9.55121239765697,49.3306954990494,524.453026404614
9.5490805208868,49.3289959123368,523.748093657487
9.5248999184393,49.3097075545825,515.721110339925
9.50777143597298,49.2960323252146,510
9.48169020975425,49.2751898542862,501.231837635871
9.45090800763322,49.250560417299,490.793867695779
9.42066634499818,49.2263315495954,480.443297181012
9.39095227493723,49.20249451347,470.179032946135
9.36175324620964,49.1790408108692,460
9.3478207386631,49.1678392878449,455.110153799645
9.3340043694233,49.1567244748833,450.239855181777
9.32030281479322,49.1456954694506,445.388987165494
9.30671477037919,49.1347513808558,440.55743370145
9.29323895074592,49.123891330063,435.745079662605
9.2798740890787,49.1131144495064,430.951810835079
9.26661893685309,49.1024198829096,426.177513909115
9.25347226351136,49.0918067851076,421.42207647015
9.24557671814438,49.0854299389002,418.556340878194
9.23772010946354,49.0790823791638,415.697432495386
9.22990217486847,49.0727639249252,412.845326953464
9.22600762838604,49.0696155557751,411.421817664446
9.22212265297802,49.0664743957747,410
9.19429431748637,49.0439586288485,399.307878836069
9.16691782989196,49.0217820023915,388.697138499809
9.13998318856659,48.9999376677929,378.166853394176
9.11348067418004,48.9784189502144,367.716111905669
9.09405801611584,48.962633057979,360
9.08740081230235,48.9572193207702,357.344016141245
9.06959991959545,48.9427357132912,350.213610508655
9.06173444464511,48.9363324568818,347.049681671167
9.04550835070273,48.9231159667222,340.49665633665
9.02177585521642,48.9037686491692,330.84840112145
8.99839511937785,48.884688669379,321.268118876023
8.9711285902807,48.8624132862983,310
8.94765971874742,48.843219354398,300.217481876511
8.92454524973945,48.824296218359,290.505624974055
8.90177790223515,48.805638759182,280.863666446062
8.87935058564068,48.7872419793886,271.290854387338
8.85312270864222,48.7657050102468,260
8.83060258412195,48.7471931501669,250.221496159884
8.80842533440062,48.7289455079347,240.514923480173
8.78658386601185,48.7109570332462,230.879491175603
8.76507127211042,48.6932227969648,221.314420010072
8.75239923702367,48.6827686847935,215.644922069009
8.73984031081227,48.6724022292342,210
8.72783920573505,48.6624909499701,204.581591531031
8.7158733353665,48.652603645797,199.16578174378
8.6920467018798,48.6329006387645,188.341950740003
8.6792394297897,48.6223015001252,182.501932901358
8.66647254107434,48.6117299360588,176.664936727765
8.64105917940245,48.5906691309864,165
8.63554454379872,48.5860959310324,162.460614540196
8.61399495799034,48.5682147351811,152.509498489537
8.59256047326272,48.5504125017817,142.567164179106
8.57982459329003,48.5398270010254,136.638571687629
8.56200339294529,48.5250050120745,128.316210957766
8.54426154711243,48.5102376661988,120
8.52763648695782,48.4963895802148,112.178010498598
8.50351254346847,48.4762774677379,100.775120697231
8.4912364668844,48.466034850167,94.9483509011809
8.47900591943792,48.4558248083361,89.126912393105
8.46682066123296,48.4456471992345,83.3107978594423
8.45468045403072,48.4355018806544,77.5
8.44365230818255,48.4262812679513,72.2074135776759
8.43266122693646,48.4170872659655,66.9192339716901
8.42170703334611,48.4079197686846,61.6354556803995
8.41078955157272,48.3987786706363,56.3560732113143
8.39976280165385,48.3895416989016,51.0103056534594
8.38877339552977,48.3803316234323,45.6690413893526
8.37782115361279,48.3711483361301,40.3322747310044
8.37235891322842,48.3665667042518,37.6655762291114
8.36963125347941,48.364278385412,36.332647874741
8.36826828750671,48.3631348495382,35.6662888829499
8.36690589700959,48.3619917290853,35
8.36371870896795,48.3593172400058,33.125
8.36053377865429,48.3566442769628,31.25
8.35417068156247,48.3513029238121,27.5
8.34781658647194,48.3459676592988,23.75
8.34464290867268,48.3433023070579,21.875
8.34305691116086,48.3419702003782,20.9375
8.34226412262103,48.3413042893282,20.46875
8.34147147417536,48.3406384731114,20
8.33744198454221,48.3372533917317,17.3283812080545
8.33341647084691,48.3338710609852,14.6567624161089
8.32790183549756,48.3292365788088,10.9925718120812
8.32490612871351,48.3267185326235,9
8.32239465286938,48.3246072559654,7.32838120805445
8.31689490778842,48.3199830839058,3.66419060402677
8.31414781959759,48.3176729267532,1.83209530201384
8.31277497076331,48.3165183299304,0.916047651006011
8.31208872005828,48.3159411518991,0.458023825503005
8.31140258512207,48.3153640540991,0
