152.79,-3.69,499.1
152.788419231456,-3.68709913753618,501.231837635871
152.781890788283,-3.6751185858199,510
152.777607727656,-3.66725840559383,515.721110339925
152.771567186492,-3.65617266549621,523.748093657487
152.771034956914,-3.65519589043425,524.453026404614
152.768562070534,-3.65065749029788,527.723442650462
152.768431679901,-3.65041818756014,527.895662281578
152.768301254465,-3.65017882080348,528.067905554689
152.768040299137,-3.64969989514203,528.412463046378
152.767517970301,-3.64874127458384,529.101861948018
152.766995083221,-3.64778162713756,529.791639667362
152.766471637093,-3.64682095132223,530.481796516729
152.765423064502,-3.64489650870032,531.863248856533
152.764372246044,-3.64296793476307,533.246221472873
152.764137665844,-3.64253740690244,533.554754032585
152.763902973621,-3.64210667297309,533.863362308618
152.763433252824,-3.6412445863818,534.480806121155
152.762492463813,-3.6395179345637,535.716603569497
152.76019733528,-3.63530560024758,538.726620490491
152.757891494564,-3.63107355997688,541.743844590016
152.755574874265,-3.62682168946929,544.768301784382
152.753247406451,-3.62254986345194,547.800018114301
152.749094265562,-3.61492708870533,553.192741540924
152.743827687636,-3.60526047333866,560
152.733127173617,-3.58561933677554,573.724799718285
152.7236979694,-3.56831092712681,585.703166460287
152.714093908506,-3.55068077808624,597.794365946859
152.713620945183,-3.54981254057651,598.386997236882
152.706077939888,-3.53596529399383,607.803266391352
152.704310581948,-3.53272075702702,610
152.703925160379,-3.53201319201509,610.478581138349
152.695694523805,-3.51690292138486,620.658098913648
152.694048983813,-3.51388187798334,622.6840416075
152.685106066279,-3.49746320242589,633.641205778202
152.683987866027,-3.4954102054182,635.004994961893
152.674307075946,-3.47763600577044,646.754516626808
152.67373711184,-3.47658951181432,647.44308825296
152.663291874513,-3.45741085442135,660
152.661760750435,-3.45459945952675,661.719773662561
152.660225206607,-3.451779930047,663.442128107172
152.657140791476,-3.4461163414558,666.894602614602
152.654038489937,-3.44041983186202,670.357470241551
152.650918162062,-3.43469014309732,673.830777988988
152.645644378368,-3.42500600086807,679.679239165515
152.640318822534,-3.41522656230748,685.557420936635
152.640132564567,-3.41488452844904,685.762506287605
152.629224700488,-3.39485344161903,697.714649662011
152.629129680506,-3.3946789437263,697.818265601651
152.623544885346,-3.38442271093052,703.893262828064
152.6179035192,-3.374062334957,710
152.609264575514,-3.35819641294413,719.29425629553
152.600491709513,-3.34208392920203,728.662576868828
152.591582109056,-3.32571969359594,738.10585056905
152.58253288698,-3.30909837723113,747.624980525305
152.57066589568,-3.28730050473274,760
152.56762634773,-3.28171713758313,763.151704332378
152.564579751345,-3.27612075125105,766.3058592348
152.558465323185,-3.26488875405033,772.621532191134
152.546150887743,-3.24226667963289,785.282411049003
152.540248339822,-3.23142306801977,791.323321138095
152.534319492666,-3.22053087415936,797.373209296456
152.52238225338,-3.19859953982109,809.5
152.509923759355,-3.17570939755803,822.080138932514
152.503651761263,-3.16418533807631,828.384305116467
152.497351022438,-3.15260817473341,834.697897215213
152.485187442546,-3.13025761868599,846.831503704974
152.479065356986,-3.11900788300597,852.91138122816
152.472916189199,-3.10770810384682,859
152.460129188128,-3.08420968031995,871.60348931928
152.453692165724,-3.07238003766813,877.918955197763
152.447225885955,-3.06049632431577,884.243595131338
152.434787428244,-3.03763610721456,896.354941210249
152.42852747286,-3.02613072799031,902.423247724747
152.422240147817,-3.01457476298967,908.5
152.409156614552,-2.99052661504046,921.087941193903
152.402570925555,-2.978421351159,927.395103104456
152.395955712817,-2.96626151171969,933.711083816563
152.383195662562,-2.94280559327775,945.839249902263
152.376774313414,-2.93100124185073,951.91554374812
152.370325195038,-2.9191455546686,958
152.356938526431,-2.89453536014567,970.572443581608
152.343433226974,-2.86970583031905,983.178802118096
152.330343620813,-2.84563937223445,995.323620858176
152.317141807979,-2.82136544362577,1007.5
152.303430670256,-2.79615379751901,1020.07004160769
152.289599173461,-2.77071957863362,1032.67290433428
152.276185823692,-2.74605307666313,1044.82116506304
152.26265850575,-2.72117580881167,1057
152.248629305826,-2.69537431580871,1069.5546440837
152.234478214181,-2.66934737656079,1082.1409665081
152.22071822845,-2.64403855303786,1094.30565081738
152.206842206772,-2.61851510404759,1106.5
152.192457127969,-2.59205403953055,1119.06540313811
152.177947878594,-2.56536327959284,1131.66158906888
152.149658153551,-2.51331872441937,1156
152.135194805258,-2.48670868314899,1168.33192261882
152.120609987483,-2.45987391192775,1180.69249676883
152.105902261563,-2.43281174586286,1193.08182241803
152.091070166459,-2.40551947881827,1205.5
152.078069713467,-2.38159655173822,1216.32268603573
152.064974036196,-2.35749743279923,1227.16682464455
152.064003661742,-2.35571167788783,1227.96806731163
152.063032762776,-2.35392495246954,1228.76942721957
152.061089389713,-2.35034858716962,1230.37249886094
152.059143913799,-2.34676833095955,1231.97603977464
152.05719633183,-2.34318417790335,1233.58005016674
152.053294836934,-2.33600415757664,1236.78948021112
152.049384879184,-2.32880847833897,1240.00079064521
152.045466432701,-2.32159709227615,1243.21398312205
152.041539471504,-2.3143699512829,1246.42905929664
152.03365990108,-2.29986821215412,1252.86486936871
152.031040256244,-2.29504688368049,1255
152.02371980208,-2.28157374748465,1260.95463912357
152.016370115034,-2.26804651740564,1266.91556486065
152.008991030162,-2.25446488809697,1272.88278717215
152.005290411443,-2.24765357729344,1275.86876266185
152.001582380857,-2.24082855115566,1278.85631604003
152.000830251791,-2.23944416840464,1279.46176837359
152.000077817475,-2.23805922080202,1280.0672855322
151.992487333997,-2.22408783781621,1286.16558487831
151.984865728997,-2.2100588656717,1292.27046329956
151.969528435284,-2.18182682287251,1304.5
151.95960518642,-2.16356000568658,1312.37329995064
151.949629674494,-2.14519647325629,1320.25731532995
151.939601509638,-2.1267355041811,1328.15206802809
151.929520298153,-2.10817637002539,1336.05757999491
151.906492590285,-2.06578132151365,1354
151.900862374439,-2.05541544320578,1358.36264868231
151.886284235645,-2.02857468847891,1369.61505306817
151.871596630008,-2.00153135377571,1380.88870621486
151.856798389595,-1.97428327926522,1392.1836683677
151.841888330019,-1.94682827494427,1403.5
151.825319431295,-1.91631752330118,1416.00091043435
151.808612892951,-1.88555205263135,1428.52728207025
151.796586907868,-1.86340515369565,1437.49595584382
151.775669955182,-1.82488324556593,1453
151.755618118084,-1.78795280775558,1467.75058586692
151.735369747761,-1.75065867514844,1482.53582354711
151.721624833853,-1.7253418560276,1492.51001140198
151.707788731985,-1.69985629653035,1502.5
151.672793550195,-1.63539311878471,1527.54507831142
151.651215806079,-1.59564326835373,1542.83118695309
151.638192749814,-1.57165174258909,1552
151.618805172487,-1.53593410677949,1565.57126913744
151.599243423736,-1.49989420752952,1579.170417641
151.583095596717,-1.47014297372992,1590.32581136295
151.566828255558,-1.44017062376678,1601.5
151.530115790232,-1.37252512179674,1626.48639000535
151.500259123735,-1.31750870197234,1646.57372505332
151.493638645751,-1.30530886739313,1651
151.47431775157,-1.26970466729822,1663.8601754062
151.454832083505,-1.23379568535616,1676.74440637374
151.43676902997,-1.20050736139085,1688.61198033775
151.418563378208,-1.16695530290582,1700.5
151.379980308698,-1.09584573280113,1725.4548124004
151.343973439638,-1.02948066604293,1748.45502649824
151.341539266232,-1.02499406986461,1750
151.321559406822,-0.988167246738673,1762.63439076853
151.301411383243,-0.951029515389697,1775.29117016255
151.282033666848,-0.915310783121856,1787.3853461322
151.262499275473,-0.879302427536059,1799.5
151.221956116279,-0.804565446188081,1824.39975341869
151.202272680384,-0.768279984906136,1836.37139519048
151.182431385271,-0.731702802382842,1848.36269448377
151.181902416644,-0.730727645736382,1848.68134029567
151.181373335412,-0.729752281015737,1849
151.17100310718,-0.710634600123395,1855.23500903794
151.160589593489,-0.691436939145399,1861.47531612652
151.139631667688,-0.652799766726824,1873.9718514899
151.118944542138,-0.614661162434514,1886.22570701501
151.098086450217,-0.576206733528488,1898.5
151.076970303278,-0.537275942396797,1910.84442848281
151.055678592904,-0.49802089758871,1923.2092043829
151.034209201189,-0.458437722763503,1935.59437804998
151.012559975955,-0.418522480206081,1948
150.991873226507,-0.380381343419489,1959.77676083581
150.97102107772,-0.341934860797196,1971.5719790383
150.969805004233,-0.339692694582748,1972.25753325194
150.968588366087,-0.337449486069811,1972.94314986794
150.95768730883,-0.317350323635596,1979.07486614926
150.946740825972,-0.297167316192023,1985.21157586195
150.935748642877,-0.27689996202566,1991.35328510815
150.924710482688,-0.25654775545122,1997.5
150.902429041102,-0.215464918794652,2009.84502897631
150.879959943971,-0.174035822966803,2022.2100063482
150.834449578362,-0.0901220595914327,2047
150.809646894363,-0.044389703338037,2060.36870830591
150.788119271202,-0.00469600344039972,2071.89234040359
150.741684045865,0.080923529608118,2096.5
150.690647453622,0.175026792425247,2123.16098513565
150.680468151172,0.193795677022794,2128.43110857513
150.646314245787,0.25676923477093,2146
150.643970743383,0.261090200678833,2147.19913328747
150.59650640796,0.348604458849434,2171.31202186828
150.548234930197,0.437605001467703,2195.5
150.523203205425,0.483756324214105,2207.91232549126
150.497951881506,0.530311795038778,2220.34447117778
150.474030681773,0.574414196944443,2232.04013039989
150.447334134642,0.623632452927122,2245
150.395871402424,0.718507061243347,2269.71064065429
150.343492885658,0.815065328073662,2294.5
150.3217935394,0.855065919660347,2304.66492071891
150.299935004438,0.895358992977785,2314.84316635167
150.290224171002,0.913259198058952,2319.34536379588
150.236584110341,1.01213137541853,2344
150.174565038565,1.12643952269263,2372.0612614952
150.126473391788,1.21507082680984,2393.5
150.121619763307,1.22401553999,2395.64836841572
150.115226626655,1.23579729594496,2398.47391666304
150.108820203758,1.24760341651726,2401.3004964165
150.095967337446,1.27128904202985,2406.95675270202
150.083060837382,1.2950730036771,2412.61714179685
150.070100374447,1.31895589222187,2418.28166823218
150.041689574971,1.37130802991378,2430.63099049315
150.013017840366,1.42413832497028,2443
149.954755986468,1.53148245467131,2467.84827539613
149.925545552856,1.5852964173817,2480.16420665138
149.896063328619,1.63960784145653,2492.5
149.83632065965,1.74965382369551,2517.20988262419
149.77544573734,1.86177017440855,2542
149.740719128864,1.92572061850151,2555.96968856544
149.705617167253,1.99035669387881,2569.96536136428
149.704770587553,1.99191549837108,2570.30136722411
149.703923788385,1.99347470358391,2570.63738807489
149.702229531308,1.99659431676588,2571.3094747533
149.698838379851,2.00283835832822,2572.65382804564
149.692045508908,2.0153457356938,2575.34325459725
149.678417343831,2.04043793596318,2580.72498936814
149.65099010286,2.09093428331733,2591.5
149.619201829122,2.14945506630691,2603.89554466347
149.587104388405,2.20853978859263,2616.31173760945
149.542755438583,2.29016809350084,2633.30425228385
149.522508197138,2.32743147094333,2641
149.489818066482,2.38759017335929,2653.34395023328
149.456806450849,2.4483343621911,2665.70856565713
149.423468655085,2.50967233744242,2678.09389820886
149.389799890281,2.57161255689971,2690.5
149.376334148142,2.59638347714089,2695.43330787115
149.345829216053,2.65249471898677,2706.54938086619
149.315049196531,2.70910603944534,2717.68249439006
149.25264912831,2.82385491171035,2740
149.238599456035,2.84968761619085,2744.97932763395
149.206947905992,2.90787946377979,2756.13924688407
149.175044962582,2.96652652975454,2767.30765889383
149.142887573291,3.0256341175589,2778.48457336147
149.110472634219,3.08520761432583,2789.67
149.085343601396,3.13138551083159,2798.28585062775
149.024960902655,3.24232741124421,2818.79348811137
148.963675249651,3.35489976075526,2839.33
148.930332858766,3.41613218709463,2850.3872878975
148.87156623562,3.52403362426146,2869.68099414036
148.841869497747,3.57854895614741,2879.33733150893
148.811960773323,3.63344591320605,2889
148.811614343548,3.63408173449441,2889.1000846569
148.81126786741,3.63471763984849,2889.20017366278
148.810574776005,3.63598970281603,2889.40036472264
148.809188036436,3.6385348382262,2889.80079904268
148.806412328285,3.64362915044957,2890.60187654757
148.80085198005,3.65383396858224,2892.20486752515
148.789695428348,3.67430860500771,2895.41419742546
148.76723787617,3.71551969516009,2901.84628168333
148.744585728104,3.75708340522998,2908.29632769777
148.721736564407,3.79900400837407,2914.76441081194
148.67809049657,3.87906696446262,2927.01472392131
148.6337176985,3.96044515933378,2939.33
148.586915298019,4.04625924996317,2952.17095087527
148.563210725364,4.0897146061466,2958.61750086836
148.539300566226,4.13354136376258,2965.08152815299
148.493567223639,4.21735395855152,2977.33921702579
148.447073409913,4.30253894369093,2989.66
148.398069206625,4.39229972532567,3002.49571543133
148.348216029224,4.48359012117865,3015.39890143113
148.300270205702,4.57136310363737,3027.66381416945
148.251527293865,4.66056998692436,3039.99
148.200194016743,4.75448951426774,3052.81908434385
148.147972062425,4.85000479677597,3065.71352997519
148.097671092898,4.94197722424789,3077.98700900047
148.046532984165,5.03545026007461,3090.32
147.992695962631,5.13382316562383,3103.14955388861
147.937926033439,5.23386495168631,3116.04247592231
147.885127857454,5.33027038994718,3128.32235675033
147.831449187449,5.42824790742979,3140.66
147.774988498134,5.53126386313744,3153.48051912725
147.717547810948,5.63602560457318,3166.3623986169
147.662090558735,5.73712872099377,3178.6481624524
147.605705241147,5.83988156118583,3190.99
147.48606768993,6.05775675411866,3216.69183982688
147.427792394031,6.16381078490444,3228.97873402073
147.368537597367,6.27159744179012,3241.32
147.245970151614,6.49438869633709,3266.37483646147
147.119150577331,6.72467054702064,3291.65
147.073308512691,6.80785035026116,3300.62894076405
147.040154330685,6.86798753529475,3307.07193322699
146.986883279924,6.9645773240752,3317.33618064189
146.874349832452,7.16846921592027,3338.6688674973
146.856658912905,7.20050329070867,3341.98
146.780030839763,7.33919825460186,3356.19208780315
146.701890937227,7.48052721333886,3370.47067351015
146.641444829761,7.58978191835423,3381.37088028597
146.58007798617,7.700635522818,3392.31
146.579771362968,7.70118924295345,3392.36434000005
146.523053223434,7.8035857908342,3402.36247766525
146.336906667659,8.13923788771112,3434.44472730291
146.288312925428,8.22675484860857,3442.64
146.143061703697,8.4880843386238,3466.70910756626
146.01422905785,8.71953239289383,3487.5369695979
145.980129162014,8.78073804302325,3492.97
145.941380628831,8.85025926630201,3499.1039710572
145.730738666593,9.22765085817312,3531.7293278752
145.654138363599,9.3646615914067,3543.3
145.510701709995,9.62088294767514,3564.56143118921
145.361342306661,9.88720897020315,3586.15679406558
145.308696106166,9.98096580583118,3593.64
145.281105994714,10.0300758097807,3597.53542656682
145.040363154114,10.4578582305384,3630.78033222899
144.942143265522,10.6320011166106,3643.97
144.788145513882,10.9045753843344,3664.23116754033
144.600499394466,11.235927853353,3688.25154454241
144.552350907585,11.3208097696534,3694.3
144.523647012678,11.3713848113472,3697.88393367011
144.245226394668,11.8608626165506,3731.82301655774
144.136945874786,12.0506833035463,3744.63
143.95236814371,12.3735400184387,3765.97595971175
143.701150415165,12.8114783654235,3794.08314579437
143.693157934457,12.8253828165009,3794.96
143.643886019819,12.9110614340901,3800.34253176438
143.317638111181,13.4766408611949,3835.00544199814
143.217739132578,13.6492128758891,3845.29
142.972540160698,14.0715418973892,3869.90796215946
142.939961913325,14.1275197913699,3873.11357344114
142.907205582161,14.183771518102,3876.32157748084
142.841152173248,14.2971050966814,3882.74477455844
142.706835606308,14.5271546644483,3895.62
142.680401317984,14.5723647362748,3898.12496232423
142.621878298099,14.6723789753789,3903.63740321895
142.498369289341,14.8831040081852,3915.12230326423
142.372344205614,15.0976300368679,3926.63688105051
142.155836226652,15.4650053164168,3945.95
142.047849624393,15.6476771229898,3955.36729693952
142.033127092984,15.6725527408776,3956.64036192071
142.018370512916,15.6974788213352,3957.91377751133
142.003579750385,15.7224555331435,3959.18754385624
141.988754670807,15.7474830459358,3960.46166110037
141.959001019531,15.7976911551012,3963.01094886649
141.929108465235,15.8481045253541,3965.5616419708
141.899075902446,15.8987245450594,3968.11374157569
141.868902212564,15.9495526168085,3970.66724884483
141.808126921092,16.0518385809003,3975.77849103703
141.746773360767,16.1549739487198,3980.89537788254
141.684832088259,16.258970474499,3986.01791873711
141.622293428905,16.3638401607049,3991.1461229772
141.559147469007,16.4695952654382,3996.28
141.430497092648,16.6846395217667,4006.60462496822
141.299291661291,16.9033757744986,4016.9514704491
141.107357680444,17.222290511726,4031.76290879415
140.9097592098,17.5492820975491,4046.62
140.738918501591,17.8308894595282,4059.15515007181
140.563702225346,18.118633505005,4071.72178746951
140.383910809044,18.4127469420837,4084.32003098289
140.199330693714,18.7134764709727,4096.95
139.920461705168,19.1654609368418,4115.46827673018
139.630176317964,19.6328852963665,4134.052414461
139.416796136799,19.9744574855092,4147.28
138.995201550021,20.6442381810069,4172.38680079322
138.547885250493,21.3473769097928,4197.61
138.076384463696,22.0800274138487,4222.71938602743
137.573470696039,22.8517217277596,4247.94
137.427579356367,23.0736770653865,4254.9698984375
136.962151269587,23.7759801334064,4276.58049709787
136.467018715355,24.5133515793593,4298.27
135.85420437463,25.4119148228091,4323.3842050406
135.190069516867,26.3680033117686,4348.6
134.291710123324,27.6317126587613,4379.68699566615
133.683490101089,28.4678922263166,4398.93
132.817370499137,29.6315527037916,4424.04878468649
131.848389694066,30.8957583663498,4449.26
130.757097494056,32.2722014722081,4474.38621816463
129.49665293041,33.8002740282296,4499.6
129.02871912688,34.3509354595571,4508.0231018827
127.734625717121,35.8277227599511,4528.94779989798
126.183424700325,37.5106453689344,4549.93
123.777356080396,39.9403143021638,4575.05578769415
119.996928786761,43.3443960708248,4600.26
112.885509528995,48.5592257177197,4615.56770657101
104.233342880339,53.2392418352306,4600.26
97.9661494451807,55.7565844904467,4575.05578769415
93.1487023255571,57.2964795483545,4549.93
89.6395568134577,58.2334686913775,4528.94779989798
86.4466778953724,58.9652193959751,4508.0231018827
85.2299602810991,59.2158853336758,4499.6
81.7833854027284,59.8468415307771,4474.38621816463
78.5973794584458,60.332051344384,4449.26
75.6118508208603,60.7066146930523,4424.04878468649
72.8216880745544,60.9901364112506,4398.93
70.7965242793541,61.1571687081039,4379.68699566615
67.7120229220036,61.3508662632753,4348.6
65.3658113318748,61.450229506423,4323.3842050406
63.1563700628026,61.5065336665434,4298.27
61.3434628478871,61.5259616728192,4276.58049709787
59.6194915881696,61.5221265587368,4254.9698984375
59.0755679583104,61.516403171415,4247.94
57.1892767102545,61.479744380862,4222.71938602743
55.4073469436462,61.4210329817923,4197.61
53.707645679504,61.3430376465646,4172.38680079322
52.1000024980959,61.249276584922,4147.28
51.2849922846975,61.1942340994459,4134.052414461
50.1755058175224,61.1110891381974,4115.46827673018
49.1095108587569,61.0221829780531,4096.95
48.4042049858176,60.9584434507104,4084.32003098289
47.7176214567802,60.8925958859956,4071.72178746951
47.0490882389485,60.8248431113543,4059.15515007181
46.3979624169734,60.7553722209464,4046.62
45.6459372953713,60.67081499667,4031.76290879415
44.9167973628607,60.5843587199926,4016.9514704491
44.4192246590075,60.5228049778954,4006.60462496822
43.9320995615899,60.4605161891393,3996.28
43.6932961954647,60.4292423768668,3991.1461229772
43.4569902763156,60.3978149529296,3986.01791873711
43.2231456817361,60.3662421485621,3980.89537788254
42.9917269303744,60.3345319293242,3975.77849103703
42.762699168811,60.3026920040212,3970.66724884483
42.6490711658916,60.2867257396673,3968.11374157569
42.5360281186326,60.2707298275926,3965.5616419708
42.4235658413047,60.2547051629564,3963.01094886649
42.3116801850755,60.2386526264229,3960.46166110037
42.2559523009248,60.2306161771469,3959.18754385624
42.2003670327779,60.2225730836997,3957.91377751133
42.144923872242,60.2145234521948,3956.64036192071
42.0896223131606,60.2064673878842,3955.36729693952
41.6844233722493,60.1466148269228,3945.95
40.8743894552375,60.0225737025063,3926.63688105051
40.4044307527322,59.9478953654736,3915.12230326423
39.9450237701845,59.87294474719,3903.63740321895
39.7277588919361,59.8368221999693,3898.12496232423
39.6297127542105,59.8203779534211,3895.62
39.1324147279982,59.7355933097756,3882.74477455844
38.8884143221353,59.6931464231481,3876.32157748084
38.7675525208259,59.6719131760844,3873.11357344114
38.6474408136056,59.6506747953554,3869.90796215946
37.7464888095822,59.4869774962397,3845.29
37.3810271241639,59.4183435552255,3835.00544199814
36.1943496388927,59.1864302027622,3800.34253176438
36.0160744130727,59.1503767967354,3794.96
35.9871800931074,59.1445031901794,3794.08314579437
35.0824691754162,58.9562968997901,3765.97595971175
34.4221841733964,58.8136095265802,3744.63
34.0366427116649,58.7281799493709,3731.82301655774
33.0516417115604,58.5027148351829,3697.88393367011
32.9506230766378,58.4789986038504,3694.3
32.7813990783666,58.4390196590948,3688.25154454241
32.1246378049848,58.2808690339194,3664.23116754033
31.5889684847217,58.1483108956294,3643.97
31.2489127951629,58.0624730562839,3630.78033222899
30.4207743944618,57.8478635438041,3597.53542656682
30.3263593477,57.8228887536054,3593.64
30.1464854280503,57.7750177972314,3586.15679406558
29.638224827801,57.6376763861201,3564.56143118921
29.1530040490095,57.5036679615931,3543.3
28.895050280484,57.4312615323895,3531.7293278752
28.1899666381231,57.2291625020759,3499.1039710572
28.0609498544688,57.1915116391724,3492.97
27.9475889551424,57.1582567494089,3487.5369695979
27.520811057698,57.0315994033931,3466.70910756626
27.042530226648,56.8868863006273,3442.64
26.8832095854949,56.8380233324293,3434.44472730291
26.2761231029165,56.6487820448031,3402.36247766525
26.092166787663,56.5904755189808,3392.36434000005
26.0911736055211,56.5901594949242,3392.31
25.8926828681731,56.5267355872369,3381.37088028597
25.6977208720601,56.4639228051981,3370.47067351015
25.446502277572,56.3822255021566,3356.19208780315
25.2010375229956,56.3015668309819,3341.98
25.1444937737223,56.2828694928723,3338.6688674973
24.7859247997266,56.1632716419886,3317.33618064189
24.6168567832192,56.1062592934395,3307.07193322699
24.5118527036366,56.0706485658159,3300.62894076405
24.3669407961418,56.0212486153079,3291.65
23.9677265623043,55.8836174544321,3266.37483646147
23.5842468138951,55.7492605967385,3241.32
23.3996859445351,55.6838383468369,3228.97873402073
23.2187056306264,55.6192023443019,3216.69183982688
22.8488082566379,55.4855959843875,3190.99
22.6752463642904,55.4222058285091,3178.6481624524
22.5050241086706,55.3595977328546,3166.3623986169
22.3292194579921,55.2944787851534,3153.48051912725
22.1569162976007,55.2302029558145,3140.66
21.9935652739831,55.168849350815,3128.32235675033
21.8333336526397,55.1082705751528,3116.04247592231
21.6675797034566,55.0451881561664,3103.14955388861
21.5051075844255,54.9829420684597,3090.32
21.3512017235245,54.9235990090648,3077.98700900047
21.200216138126,54.8650218581173,3065.71352997519
21.0438853211527,54.8039931553257,3052.81908434385
20.8906330075328,54.7437911945533,3039.99
20.7454980417735,54.6864338369604,3027.66381416945
20.6031015676047,54.6298317317328,3015.39890143113
20.4554245456576,54.570786786453,3002.49571543133
20.3106442927856,54.5125584686302,2989.66
20.1736310154746,54.4571408955244,2977.33921702579
20.0391915350877,54.4024670565677,2965.08152815299
19.9690357197118,54.3738187045707,2958.61750086836
19.8995722056776,54.3453734855313,2952.17095087527
19.7626836566766,54.2890853037255,2939.33
19.63322066084,54.2355655573456,2927.01472392131
19.5061813330246,54.1827772575687,2914.76441081194
19.4397949259537,54.1550849053284,2908.29632769777
19.374062330411,54.1275927030353,2901.84628168333
19.3089744255161,54.1002988120336,2895.41419742546
19.2766694164386,54.0867256591166,2892.20486752515
19.2605761644615,54.0799574323945,2890.60187654757
19.2525442917172,54.0765778942233,2889.80079904268
19.2485320362009,54.0748892674081,2889.40036472264
19.2465268277268,54.0740452393774,2889.20017366278
19.2455244531946,54.0736232966825,2889.1000846569
19.2445222317549,54.0732014015255,2889
19.1580677509037,54.0367438327916,2879.33733150893
19.0723658404675,54.0004790898366,2869.68099414036
18.9031816324146,53.9285234011466,2850.3872878975
18.8074342043938,53.8875852415311,2839.33
18.6319016523034,53.8121265353678,2818.79348811137
18.4595353362981,53.7375133529044,2798.28585062775
18.3879725049173,53.7063847118163,2789.67
18.2958079693037,53.6661637681349,2778.48457336147
18.2045395656079,53.6261882285812,2767.30765889383
18.1141545552742,53.5864562902877,2756.13924688407
18.0246404369838,53.5469661587256,2744.97932763395
17.9849570295663,53.529414373849,2740
17.8090836496967,53.4512923341653,2717.68249439006
17.722556808491,53.4126567699008,2706.54938086619
17.6369505639468,53.3743014097442,2695.43330787115
17.5992081772579,53.357349716633,2690.5
17.5049648184628,53.3149100384906,2678.09389820886
17.4118237438344,53.2728105445927,2665.70856565713
17.3197663367463,53.2310477783121,2653.34395023328
17.2287743922135,53.1896183173557,2641
17.1725011237736,53.1639217146981,2633.30425228385
17.0494670362152,53.1075395211968,2616.31173760945
16.9606142240637,53.0666502126677,2603.89554466347
16.872776745135,53.0260865221004,2591.5
16.7971171843383,52.9910334153555,2580.72498936814
16.7595670443244,52.9735974150278,2575.34325459725
16.7408613024606,52.9649019361494,2572.65382804564
16.7315256914606,52.9605598124722,2571.3094747533
16.7268621919703,52.9583901527581,2570.63738807489
16.7245315176083,52.9573056732054,2570.30136722411
16.722201559743,52.9562214271028,2569.96536136428
16.6256928495643,52.9112231937369,2555.96968856544
16.530406226736,52.8666259769965,2542
16.3638269441738,52.7882568631787,2517.20988262419
16.2009099978397,52.711110250667,2492.5
16.1207183323138,52.672954159516,2480.16420665138
16.0413999121729,52.6350945638451,2467.84827539613
15.8835928151629,52.5594180994833,2443
15.8061275162925,52.5220968424302,2430.63099049315
15.7294936581723,52.4850638091229,2418.28166823218
15.6945765448552,52.4681531005816,2412.61714179685
15.6598308219813,52.451302277189,2406.95675270202
15.6252552719812,52.4345110596886,2401.3004964165
15.6080309336534,52.4261377158987,2398.47391666304
15.5908486871061,52.4177791695194,2395.64836841572
15.577808284407,52.4114317028693,2393.5
15.448796991811,52.3484589088066,2372.0612614952
15.282954685801,52.2670367253942,2344
15.1400000002647,52.1964235774764,2319.34536379588
15.114167637832,52.1836211225042,2314.84316635167
15.0560739463806,52.1547824490605,2304.66492071891
14.9984765671261,52.126125008467,2294.5
14.8597467301938,52.0568332072874,2269.71064065429
14.723855745043,51.9885918877391,2245
14.6535228212531,51.953128901527,2232.04013039989
14.590595100098,51.9213165496085,2220.34447117778
14.5242640953282,51.8876984486865,2207.91232549126
14.4586069628171,51.8543355014199,2195.5
14.3322654726237,51.7898939128113,2171.31202186828
14.2083860892666,51.7263970004201,2147.19913328747
14.2022786441742,51.723258510691,2146
14.1133652461951,51.6774824561061,2128.43110857513
14.0868999494011,51.6638262237267,2123.16098513565
13.9544488699954,51.5952673008793,2096.5
13.8342860829029,51.5327601061498,2071.89234040359
13.7786899127208,51.5037398532907,2060.36870830591
13.7147235784041,51.4702721665687,2047
13.5975963499631,51.4087723548609,2022.2100063482
13.5398855603914,51.378366268518,2009.84502897631
13.4827327620753,51.3481863327735,1997.5
13.4544474539316,51.3332250609601,1991.35328510815
13.4262984019097,51.318319393195,1985.21157586195
13.3982846603341,51.3034690495811,1979.07486614926
13.3704052921607,51.2886737519287,1972.94314986794
13.3672948712124,51.2870220811118,1972.25753325194
13.364186118874,51.2853710952854,1971.5719790383
13.3109149858236,51.2570487829051,1959.77676083581
13.2581317133541,51.2289275127501,1948
13.2029622516765,51.1994727692667,1935.59437804998
13.1483213299762,51.1702374353994,1923.2092043829
13.0942016733628,51.1412192954477,1910.84442848281
13.0405961383275,51.1124161609652,1898.5
12.9877120115942,51.0839413783764,1886.22570701501
12.9353264038727,51.0556768625326,1873.9718514899
12.8823210629657,51.0270189466539,1861.47531612652
12.8560086144849,51.0127707469438,1855.23500903794
12.8298218208795,50.9985760210791,1849
12.8284862259431,50.9978516631676,1848.68134029567
12.8271509575294,50.9971274445154,1848.36269448377
12.7770963573547,50.969951685629,1836.37139519048
12.727498706529,50.9429714878253,1824.39975341869
12.6255235296879,50.8873342182117,1799.5
12.576478531689,50.8604963477047,1787.3853461322
12.5278836381511,50.833853978906,1775.29117016255
12.4774168735731,50.8061317264073,1762.63439076853
12.4274315714941,50.778619994909,1750
12.4213458918357,50.7752667871002,1748.45502649824
12.3314289564108,50.7256295343752,1725.4548124004
12.2352944693964,50.6723667320111,1700.5
12.1900102651533,50.6472078704876,1688.61198033775
12.1451297720094,50.6222293552741,1676.74440637374
12.0967692741165,50.5952649690073,1663.8601754062
12.0488737386029,50.5685095926917,1651
12.0324747271748,50.5593372806916,1646.57372505332
11.9586006336119,50.5179450492238,1626.48639000535
11.8679454800144,50.4669868549071,1601.5
11.827840241065,50.4443856909613,1590.32581136295
11.7880685930113,50.4219375566507,1579.170417641
11.7399404856709,50.3947261894288,1565.57126913744
11.6922969966326,50.3677384403497,1552
11.6603251680085,50.3495997840389,1542.83118695309
11.6074068223067,50.3195277271625,1527.54507831142
11.5217296170385,50.2707078890869,1502.5
11.487905311237,50.2513894541291,1492.51001140198
11.4543319753153,50.2321891397609,1482.53582354711
11.4049241844586,50.2038874717138,1467.75058586692
11.3560556563121,50.1758410137542,1453
11.3051420068423,50.146563929182,1437.49595584382
11.2758989563022,50.1297218838108,1428.52728207025
11.2353097988666,50.1063133955865,1416.00091043435
11.1950956588769,50.0830846323131,1403.5
11.1589422177764,50.0621703335139,1392.1836683677
11.1230922568973,50.0414024737104,1380.88870621486
11.0875421604548,50.020779652398,1369.61505306817
11.0522883689537,50.0003004858965,1358.36264868231
11.0386813757034,49.9923885633468,1354
10.9830769091472,49.9600131578538,1336.05757999491
10.9587585295404,49.9458318498576,1328.15206802809
10.9345828959541,49.9317204605023,1320.25731532995
10.9105488198276,49.9176785186023,1312.37329995064
10.8866551255359,49.903705556969,1304.5
10.8497535884945,49.8821000787441,1292.27046329956
10.8314288077442,49.8713595589759,1286.16558487831
10.8131872990784,49.8606602301979,1280.0672855322
10.8113795021733,49.8595994754704,1279.46176837359
10.809572521404,49.8585391249849,1278.85631604003
10.8006652330205,49.8533111676058,1275.86876266185
10.7917777534374,49.8480930287084,1272.88278717215
10.7740619719856,49.8376861061376,1266.91556486065
10.7564246791026,49.8273181557995,1260.95463912357
10.7388653819809,49.8169889781375,1255
10.7325836403989,49.8132920561695,1252.86486936871
10.7136949720372,49.8021702734014,1246.42905929664
10.7042847634647,49.7966264217824,1243.21398312205
10.6948972022128,49.791093887955,1240.00079064521
10.6855322110651,49.7855726403225,1236.78948021112
10.6761897131493,49.7800626473994,1233.58005016674
10.6715268751422,49.7773118615965,1231.97603977464
10.6668696317712,49.7745638777143,1230.37249886094
10.6622179735232,49.7718186918481,1228.76942721957
10.659894235843,49.7704471469468,1227.96806731163
10.6575718908858,49.7690763000884,1227.16682464455
10.6262441399637,49.7505718597619,1216.32268603573
10.5951689092528,49.7321942650776,1205.5
10.5597455340015,49.7112180844227,1193.08182241803
10.5246508099006,49.6904079729849,1180.69249676883
10.4898804361917,49.6697621371796,1168.33192261882
10.4554301854171,49.649278807843,1156
10.3881347240809,49.6091871606634,1131.66158906888
10.3536652515431,49.5886110811441,1119.06540313811
10.3195209040784,49.5682018533249,1106.5
10.2866132644651,49.5485061716465,1094.30565081738
10.2540083437669,49.5289667853618,1082.1409665081
10.2205052600592,49.5088633149125,1069.5546440837
10.1873193475393,49.4889243150828,1057
10.1553475703083,49.4696904412365,1044.82116506304
10.123671255366,49.4506107108883,1032.67290433428
10.091034663977,49.4309279710118,1020.07004160769
10.0587093101069,49.4114082920797,1007.5
10.0276103521108,49.3926059988227,995.323620858176
9.99680050757155,49.3739560663068,983.178802118096
9.96503807863485,49.3547061072631,970.572443581608
9.93358055415374,49.3356174919304,958
9.91843487808137,49.3264186747556,951.91554374812
9.90336035876476,49.3172576948966,945.839249902263
9.87342292899947,49.2990484061729,933.711083816563
9.85791162693198,49.2896053977722,927.395103104456
9.84247579387917,49.2802026793217,921.087941193903
9.81182849142667,49.2615171835357,908.5
9.79710958985913,49.2525352326007,902.423247724747
9.78246039439315,49.243590714835,896.354941210249
9.75336928715666,49.2258131365758,884.243595131338
9.73825468921439,49.2165686665759,877.918955197763
9.72321442795285,49.2073642706893,871.60348931928
9.69335488476204,49.1890747635381,859
9.67900399972402,49.1802770342631,852.91138122816
9.66472169336382,49.1715164741533,846.831503704974
9.63636099843447,49.1541060142509,834.697897215213
9.62167846428034,49.1450849542444,828.384305116467
9.60706853890082,49.1361033956774,822.080138932514
9.57806452335006,49.1182578498608,809.5
9.55029480578435,49.1011528861226,797.373209296456
9.53651002848392,49.0926551937345,791.323321138095
9.52279137906004,49.0841937468545,785.282411049003
9.49418627259618,49.0665360565185,772.621532191134
9.47999114602433,49.0577662376673,766.3058592348
9.47292022107138,49.0533959808229,763.151704332378
9.46586697277664,49.0490354531696,760
9.43834230544289,49.0320074535957,747.624980525305
9.41736673298561,49.0190187907504,738.10585056905
9.39672617990351,49.0062272473293,728.662576868828
9.37641342718314,48.9936288357042,719.29425629553
9.35642145233089,48.9812196690021,710
9.34337210305299,48.9731146429379,703.893262828064
9.33045806507013,48.9650896147282,697.818265601651
9.33023838332022,48.9649530655039,697.714649662011
9.30502843431501,48.9492753896638,685.762506287605
9.30459810683348,48.9490076424326,685.557420936635
9.29229610967971,48.9413515195537,679.679239165515
9.28011767252292,48.9337686906971,673.830777988988
9.27291394193961,48.929281644061,670.357470241551
9.2657531971017,48.9248201282307,666.894602614602
9.25863509111224,48.9203839489946,663.442128107172
9.25509191952844,48.9181752999642,661.719773662561
9.25155927917834,48.9159729130925,660
9.22746868507954,48.9009458326666,647.44308825296
9.22615458128126,48.9001257248588,646.754516626808
9.20384167514737,48.8861942650885,635.004994961893
9.20126523086165,48.8845848388955,633.641205778202
9.18066623354545,48.871711482794,622.6840416075
9.17687715223826,48.8693423728501,620.658098913648
9.15793073721915,48.8574909632063,610.478581138349
9.15704375567262,48.8569359226297,610
9.15297675411443,48.8543906972226,607.803266391352
9.13562394008224,48.8435263810776,598.386997236882
9.13453614795009,48.8428450882221,597.794365946859
9.11245412881118,48.8290087227769,585.703166460287
9.09078683318387,48.815420685806,573.724799718285
9.06621342332366,48.7999963244469,560
9.05412482382152,48.7924030910734,553.192741540924
9.04459470552717,48.7864144090405,547.800018114301
9.0392549825593,48.783057983545,544.768301784382
9.03394090547658,48.7797169877827,541.743844590016
9.02865230775265,48.7763913268669,538.726620490491
9.02338902423051,48.7730809066421,535.716603569497
9.0212317828086,48.7717238822645,534.480806121155
9.02015475366193,48.7710463287345,533.863362308618
9.01961663636439,48.7707077912833,533.554754032585
9.01907878368428,48.7703694132417,533.246221472873
9.01666953017369,48.7688535983368,531.863248856533
9.01426558113755,48.7673409795411,530.481796516729
9.01306559082389,48.7665858658427,529.791639667362
9.01186692070814,48.7658315477909,529.101861948018
9.0106695688244,48.7650780242627,528.412463046378
9.01007138660214,48.7647015600922,528.067905554689
9.00977241881421,48.7645134023444,527.895662281578
9.00947353320129,48.7643252941318,527.723442650462
9.00380555733193,48.7607576541276,524.453026404614
9.00258577404657,48.759989773422,523.748093657487
8.98874463965041,48.751273924568,515.721110339925
8.9789336664185,48.7450930573761,510
8.96398429259983,48.7356704958996,501.231837635871
8.96036542019729,48.7333887056885,499.1
8.94632425798278,48.7245323649499,490.793867695779
8.92895732729934,48.7135716472933,480.443297181012
8.9118769564397,48.7027845779069,470.179032946135
8.89507678538601,48.6921674915222,460
8.88705493421421,48.6870955366355,455.110153799645
8.87909641633166,48.6820620650736,450.239855181777
8.87120055734039,48.6770666867592,445.388987165494
8.86336669191539,48.6721090165649,440.55743370145
8.85559416365638,48.6671886742376,435.745079662605
8.84788232494307,48.6623052843249,430.951810835079
8.84023053679257,48.6574584761016,426.177513909115
8.83263816872002,48.6526478834987,421.42207647015
8.82807686029534,48.6497571160746,418.556340878194
8.82353690429207,48.6468793729172,415.697432495386
8.81901816581123,48.6440145755623,412.845326953464
8.8167667109953,48.6425870070219,411.421817664446
8.81452051046156,48.6411626457769,410
8.79838293276663,48.6309258310558,399.307878836069
8.78249429296582,48.6208406661712,388.697138499809
8.76684942065214,48.6109041547932,378.166853394176
8.75144328082416,48.6011133745741,367.716111905669
8.74014499626844,48.593929464155,360
8.73627095433605,48.5914654652507,357.344016141245
8.72590826770548,48.5848726869003,350.213610508655
8.72132767818431,48.5819576547683,347.049681671167
8.71187475669797,48.5759402916099,340.49665633665
8.69804057393486,48.5671300094279,330.84840112145
8.68440189472963,48.5584396046004,321.268118876023
8.66848454936564,48.5482914457629,310
8.65477383924599,48.5395451112211,300.217481876511
8.64126084241335,48.5309203500771,290.505624974055
8.62794172348885,48.5224149086171,280.863666446062
8.61481274083769,48.5140265853387,271.290854387338
8.59944784334596,48.5042042739764,260
8.58624551767087,48.495759752903,250.221496159884
8.57323560838063,48.4874340757156,240.514923480173
8.56041434543877,48.4792250123253,230.879491175603
8.54777805182471,48.4711303849294,221.314420010072
8.54033086378047,48.4663579658885,215.644922069009
8.53294740141871,48.461625023876,210
8.52588934242732,48.4570994048404,204.581591531031
8.51885012645764,48.4525846342336,199.16578174378
8.50482793734662,48.4435874928805,188.341950740003
8.49728766657063,48.4387473609715,182.501932901358
8.48976903084684,48.433919707609,176.664936727765
8.47479631147638,48.4243016566569,165
8.47154615039042,48.4222131076028,162.460614540196
8.45884164379743,48.4140466838042,152.509498489537
8.4461989495328,48.4059159989905,142.567164179106
8.43868409408122,48.401081206859,136.638571687629
8.42816505099501,48.3943112606439,128.316210957766
8.4176887048265,48.3875660493502,120
8.40786799662698,48.3812404835632,112.178010498598
8.39361090429995,48.3720531347256,100.775120697231
8.38635279338982,48.3673740173618,94.9483509011809
8.37911956823902,48.3627096333712,89.126912393105
8.37191110932514,48.3580599187973,83.3107978594423
8.36472729787096,48.3534248100387,77.5
8.35819980085182,48.34921204644,72.2074135776759
8.35169259992688,48.3450113206688,66.9192339716901
8.34520560670634,48.340822585304,61.6354556803995
8.33873873329995,48.3366457931633,56.3560732113143
8.33220549339634,48.3324250733642,51.0103056534594
8.3256927368619,48.3282165227396,45.6690413893526
8.31920037376801,48.3240200929248,40.3322747310044
8.31596181168959,48.3219264082036,37.6655762291114
8.31434443065703,48.3208806957746,36.332647874741
8.31353621453647,48.3203581217169,35.6662888829499
8.31272831444971,48.3198357356399,35
8.31082624637602,48.3186057988253,33.125
8.30892540110742,48.317376562132,31.25
8.30512737426668,48.3149201867312,27.5
8.30133422450533,48.3124666046876,23.75
8.29943947559167,48.3112408596933,21.875
8.29849255711338,48.3106282484442,20.9375
8.29801921180479,48.3103220080993,20.46875
8.29754594242553,48.3100158112619,20
8.29513294472312,48.3084545575196,17.3283812080545
8.29272213162287,48.3068945714453,14.6567624161089
8.28941918981164,48.3047570711401,10.9925718120812
8.28612034418774,48.3026219485684,7.32838120805445
8.28282558712959,48.3004891997801,3.66419060402677
8.28117973943606,48.2994237143226,1.83209530201384
8.28035719788289,48.2988911936127,0.916047651006011
8.27994602262797,48.2986249887357,0.458023825503005
8.27953491103432,48.2983588208336,0
