155.02,-6.86,39.4
155.019528345222,-6.85913387769099,40.3322747310044
155.016825038777,-6.85416959667556,45.6690413893526
155.01411375078,-6.84919053950493,51.0103056534594
155.011394448413,-6.84419664493666,56.3560732113143
155.008703275246,-6.83925429065953,61.6354556803995
155.00600423461,-6.8342973700032,66.9192339716901
155.003297294467,-6.82932582317987,72.2074135776759
155.000582422614,-6.8243395900841,77.5
154.997595172639,-6.818852959799,83.3107978594423
154.994598296441,-6.81334850448803,89.126912393105
154.991591750801,-6.80782614347683,94.9483509011809
154.988575492246,-6.80228579561838,100.775120697231
154.982652501125,-6.79140585414333,112.178010498598
154.978573986179,-6.78391370271687,120
154.974224458735,-6.77592341232621,128.316210957766
154.969858524019,-6.76790267577991,136.638571687629
154.966740288291,-6.76217392230067,142.567164179106
154.96149581323,-6.75253853805933,152.509498489537
154.956227617567,-6.7428591304961,162.460614540196
154.954880177783,-6.74038336939484,165
154.948674468477,-6.72898073919914,176.664936727765
154.945559243352,-6.72325646264416,182.501932901358
154.942435729812,-6.71751680084332,188.341950740003
154.9366289174,-6.70684598823533,199.16578174378
154.933714746964,-6.70149059925909,204.581591531031
154.930793366842,-6.69612182568517,210
154.927737944718,-6.69050657125246,215.644922069009
154.924656819447,-6.6848439297399,221.314420010072
154.919430339077,-6.67523810678049,230.879491175603
154.914129325125,-6.66549485618786,240.514923480173
154.908752342688,-6.65561152231234,250.221496159884
154.903297921896,-6.64558538453073,260
154.896952699462,-6.63392121481095,271.290854387338
154.891533092768,-6.62395806637124,280.863666446062
154.886037118067,-6.61385405567519,290.505624974055
154.880463322167,-6.60360649186251,300.217481876511
154.874810216865,-6.59321261897146,310
154.868250118334,-6.58115051043416,321.268118876023
154.862631556615,-6.57081907969863,330.84840112145
154.856934733872,-6.5603432401716,340.49665633665
154.853043403487,-6.55318721513371,347.049681671167
154.851158171596,-6.54972025278146,350.213610508655
154.846894130398,-6.54187843014382,357.344016141245
154.845300368495,-6.53894733579757,360
154.840653334521,-6.53040073088735,367.716111905669
154.834319180382,-6.51875071584737,378.166853394176
154.827889773609,-6.50692487414748,388.697138499809
154.821363177704,-6.4949196163467,399.307878836069
154.814737406267,-6.48273126009695,410
154.813815505065,-6.48103533455516,411.421817664446
154.812891507964,-6.47933554029265,412.845326953464
154.81103720065,-6.47592429850942,415.697432495386
154.809174432549,-6.47249743880155,418.556340878194
154.807303151718,-6.4690548649106,421.42207647015
154.804188927678,-6.46332554350227,426.177513909115
154.801051027976,-6.45755251490273,430.951810835079
154.797889210157,-6.45173532974037,435.745079662605
154.794703228626,-6.44587353280664,440.55743370145
154.791492834607,-6.43996666296413,445.388987165494
154.788257776085,-6.43401425305292,450.239855181777
154.784997797762,-6.42801582979517,455.110153799645
154.781712641,-6.42197091369801,460
154.774835018402,-6.40931507896902,470.179032946135
154.767846133363,-6.39645376780539,480.443297181012
154.760743553123,-6.38338246888695,490.793867695779
154.753524777504,-6.37009654532638,501.231837635871
154.747416914991,-6.35885460583549,510
154.743409888842,-6.35147909356539,515.721110339925
154.737758793298,-6.34107702178411,523.748093657487
154.73726088576,-6.34016049148598,524.453026404614
154.734947486425,-6.33590202018534,527.723442650462
154.734825506034,-6.33567747824965,527.895662281578
154.734703493165,-6.33545287630327,528.067905554689
154.734459369945,-6.33500349229293,528.412463046378
154.733970733252,-6.33410400320015,529.101861948018
154.733481575598,-6.33320355151616,529.791639667362
154.732991896235,-6.33230213585455,530.481796516729
154.732010969413,-6.33049640709016,531.863248856533
154.731027946757,-6.32868680571555,533.246221472873
154.730808501703,-6.32828283738598,533.554754032585
154.730588952112,-6.32787867589273,533.863362308618
154.730149539051,-6.32706977292239,534.480806121155
154.729269455547,-6.32544964357787,535.716603569497
154.72712244019,-6.3214971941419,538.726620490491
154.724965428709,-6.31752627310335,541.743844590016
154.722798358417,-6.31353676412245,544.768301784382
154.720621166126,-6.30952854993383,547.800018114301
154.716736240259,-6.30237621927515,553.192741540924
154.711809900544,-6.29330627198508,560
154.70180107486,-6.2748777775908,573.724799718285
154.69298182585,-6.25863832285693,585.703166460287
154.683999460726,-6.24209732282315,597.794365946859
154.68355712476,-6.24128273144245,598.386997236882
154.67650271893,-6.22829117748939,607.803266391352
154.674849880676,-6.22524716645624,610
154.674489435267,-6.22458333339496,610.478581138349
154.66679232913,-6.21040709851842,620.658098913648
154.665253495515,-6.20757282881809,622.6840416075
154.656890712381,-6.19216939458303,633.641205778202
154.655845077302,-6.19024336387003,635.004994961893
154.646792765694,-6.1735685857333,646.754516626808
154.646259817593,-6.17258683307019,647.44308825296
154.636493213153,-6.1545948692342,660
154.635061955834,-6.15195810059712,661.719773662561
154.633626579189,-6.14931371293325,663.442128107172
154.630743404579,-6.14400196283978,666.894602614602
154.627843560101,-6.13865937888401,670.357470241551
154.624926915847,-6.13328571970809,673.830777988988
154.619997499941,-6.12420342467973,679.679239165515
154.615019838544,-6.11503187968496,685.557420936635
154.614845750624,-6.11471110903644,685.762506287605
154.604650916987,-6.09592556035827,697.714649662011
154.604562111029,-6.09576191509549,697.818265601651
154.599342627118,-6.08614362300646,703.893262828064
154.5940704371,-6.07642780539583,710
154.585997154515,-6.0615492358011,719.29425629553
154.577799116382,-6.04643978734403,728.662576868828
154.569473713998,-6.0310946096891,738.10585056905
154.561018269426,-6.01550872315957,747.624980525305
154.549930596955,-5.9950693107997,760
154.547090771981,-5.98983399332508,763.151704332378
154.544244397572,-5.98458648634068,766.3058592348
154.538531917339,-5.97405474782392,772.621532191134
154.527027443064,-5.95284326840222,785.282411049003
154.521513333759,-5.94267591356883,791.323321138095
154.515974792099,-5.93246307526507,797.373209296456
154.504823814782,-5.91189982732431,809.5
154.493186505834,-5.89043787996867,822.080138932514
154.487328145997,-5.87963296070295,828.384305116467
154.481443094675,-5.86877832873973,834.697897215213
154.470082436242,-5.84782289169273,846.831503704974
154.464364689159,-5.83727547288276,852.91138122816
154.458621795495,-5.8266812089007,859
154.446680099699,-5.80465017367379,871.60348931928
154.440668847742,-5.79355936829883,877.918955197763
154.434630436106,-5.78241795071547,884.243595131338
154.423015478792,-5.76098588782016,896.354941210249
154.41717019841,-5.75019940286178,902.423247724747
154.411299515543,-5.73936557038759,908.5
154.399083483073,-5.71682043858465,921.087941193903
154.392934709323,-5.70547188298355,927.395103104456
154.386758540998,-5.69407224837541,933.711083816563
154.374845844416,-5.67208298043522,945.839249902263
154.368851157286,-5.66101685133694,951.91554374812
154.362830708608,-5.64990267824717,958
154.350334364498,-5.62683198678629,970.572443581608
154.33772798986,-5.60355603312745,983.178802118096
154.325510321686,-5.58099574503713,995.323620858176
154.313188602502,-5.55824130983678,1007.5
154.300392236561,-5.53460821548969,1020.07004160769
154.287484289244,-5.51076685394656,1032.67290433428
154.274967287115,-5.48764548586359,1044.82116506304
154.262344650451,-5.46432691069745,1057
154.24925445803,-5.44014239462323,1069.5546440837
154.236051317729,-5.41574694833775,1082.1409665081
154.223213841671,-5.39202497717324,1094.30565081738
154.210268866918,-5.36810221249552,1106.5
154.1968497951,-5.34330103074324,1119.06540313811
154.183315720076,-5.31828497023657,1131.66158906888
154.156929761891,-5.26950711030249,1156
154.143440956684,-5.24456791387084,1168.33192261882
154.12983970733,-5.21941851091035,1180.69249676883
154.11612469495,-5.19405641579368,1193.08182241803
154.102294580396,-5.16847910456964,1205.5
154.090173092548,-5.14605976951999,1216.32268603573
154.077963499664,-5.12347565049591,1227.16682464455
154.077058810268,-5.12180217108864,1227.96806731163
154.076153635625,-5.12012778404092,1228.76942721957
154.074962761872,-5.11792489706482,1229.82324350241
154.074341829147,-5.11677628428008,1230.37249886094
154.072528077291,-5.11342114567448,1231.97603977464
154.070712377122,-5.11006236268894,1233.58005016674
154.067075120132,-5.10333384150069,1236.78948021112
154.06343003451,-5.09659067609655,1240.00079064521
154.059777096557,-5.08983282179892,1243.21398312205
154.056116282483,-5.08306023375274,1246.42905929664
154.048770930849,-5.06947067706205,1252.86486936871
154.046328947689,-5.06495264496139,1255
154.039505104911,-5.0523271376164,1260.95463912357
154.03265422803,-5.03965104504729,1266.91556486065
154.025776166075,-5.02692408256889,1272.88278717215
154.022326893011,-5.02054143520389,1275.86876266185
154.018870766564,-5.01414596265568,1278.85631604003
154.018169739926,-5.01284871350339,1279.46176837359
154.017468431049,-5.01155093616483,1280.0672855322
154.010393823033,-4.99845899110676,1286.16558487831
154.003290441395,-4.98531319612222,1292.27046329956
153.98899669935,-4.95885881555995,1304.5
153.979749133873,-4.9417424363866,1312.37329995064
153.970453263172,-4.92453562843497,1320.25731532995
153.961108730738,-4.90723771929327,1328.15206802809
153.951715176609,-4.88984803001952,1336.05757999491
153.930259769185,-4.85012512700281,1354
153.925014302974,-4.84041276673497,1358.36264868231
153.911432979418,-4.81526448166206,1369.61505306817
153.897750543822,-4.78992681633507,1380.88870621486
153.883965929356,-4.76439775820467,1392.1836683677
153.870078054361,-4.73867526672844,1403.5
153.854646124274,-4.71009037612539,1416.00091043435
153.839087129485,-4.68126739724866,1428.52728207025
153.827887892388,-4.66051916941362,1437.49595584382
153.808410319106,-4.62443077386474,1453
153.789740007369,-4.58983413482692,1467.75058586692
153.770888372284,-4.55489760246145,1482.53582354711
153.758092542131,-4.53118169137094,1492.51001140198
153.745212604249,-4.5073080955744,1502.5
153.712639328503,-4.4469239432917,1527.54507831142
153.692557427226,-4.40969057334071,1542.83118695309
153.680438104622,-4.38721835974868,1552
153.662397225343,-4.3537632543338,1565.57126913744
153.644195849871,-4.32000707362888,1579.170417641
153.629172179421,-4.29214165670677,1590.32581136295
153.614038410872,-4.26406967935784,1601.5
153.579888263628,-4.20071517910901,1626.48639000535
153.552119568473,-4.14919069797345,1646.57372505332
153.545962586989,-4.1377654471077,1651
153.527995389419,-4.10442232327217,1663.8601754062
153.509876549024,-4.07079455638227,1676.74440637374
153.493081959409,-4.03962166849072,1688.61198033775
153.476156176544,-4.00820249546999,1700.5
153.440290145642,-3.94161561076749,1725.4548124004
153.406824583566,-3.87947429170196,1748.45502649824
153.404562408886,-3.87527333989511,1750
153.385995278475,-3.8407916121172,1762.63439076853
153.367273595428,-3.80601963015727,1775.29117016255
153.349269321168,-3.77257706803377,1787.3853461322
153.331121101849,-3.73886414971366,1799.5
153.293460127027,-3.66889405500825,1824.39975341869
153.275178518534,-3.63492423043822,1836.37139519048
153.256751982431,-3.60068214677583,1848.36269448377
153.256260754501,-3.59976925608428,1848.68134029567
153.255769423209,-3.59885617121036,1849
153.24613935464,-3.58095933154979,1855.23500903794
153.236469557641,-3.56298785368192,1861.47531612652
153.217009836377,-3.52681920879804,1873.9718514899
153.197803424527,-3.49111821734195,1886.22570701501
153.178440166373,-3.45512253519275,1898.5
153.158839276026,-3.41868192011196,1910.84442848281
153.13907738841,-3.38193878259324,1923.2092043829
153.11915259161,-3.34488952324689,1935.59437804998
153.099062943348,-3.30753048605483,1948
153.079868357799,-3.27183291214491,1959.77676083581
153.060522208818,-3.23585052068391,1971.5719790383
153.059394022648,-3.23375208818542,1972.25753325194
153.058265319153,-3.2316526835191,1972.94314986794
153.048152446301,-3.21284215249053,1979.07486614926
153.03799796031,-3.19395342048329,1985.21157586195
153.027801613652,-3.17498602187734,1991.35328510815
153.017563156832,-3.15593948739082,1997.5
152.996897627237,-3.11749310897067,2009.84502897631
152.976060282281,-3.07872382811906,2022.2100063482
152.933861859129,-3.00020097794861,2047
152.910868044641,-2.95740862081773,2060.36870830591
152.890912674126,-2.92026785856673,2071.89234040359
152.847875901602,-2.84015867247853,2096.5
152.800585749133,-2.75211754329756,2123.16098513565
152.759516494429,-2.67564590807222,2146
152.757345777131,-2.67160368997909,2147.19913328747
152.713386357034,-2.58973782642797,2171.31202186828
152.668689983075,-2.50648712051168,2195.5
152.645516390404,-2.46331958674048,2207.91232549126
152.622142430552,-2.41977556861457,2220.34447117778
152.600002426094,-2.37852736990816,2232.04013039989
152.575296864677,-2.33249605075532,2245
152.527681507995,-2.24376961569904,2269.71064065429
152.479231557023,-2.15347535875893,2294.5
152.459163512809,-2.11607172413541,2304.66492071891
152.438950492653,-2.07839579125066,2314.84316635167
152.429971416963,-2.06165863715251,2319.34536379588
152.380381442402,-1.96921489393411,2344
152.323062184165,-1.86234793251073,2372.0612614952
152.278627603773,-1.77949312920981,2393.5
152.274143680652,-1.77113171621921,2395.64836841572
152.268237688285,-1.76011836246537,2398.47391666304
152.262319619664,-1.74908233994392,2401.3004964165
152.250447109649,-1.72694202014273,2406.95675270202
152.238525859546,-1.70471021428022,2412.61714179685
152.226555576469,-1.68238637652014,2418.28166823218
152.200318209895,-1.63345327687754,2430.63099049315
152.173843843087,-1.58407540531358,2443
152.12005946269,-1.48375288017147,2467.84827539613
152.093100135776,-1.43346242949405,2480.16420665138
152.065894219381,-1.38270942499551,2492.5
152.01077741523,-1.27988076991731,2517.20988262419
151.954634252447,-1.17512759786784,2542
151.922615202442,-1.11538166139326,2555.96968856544
151.890256214072,-1.05499859893301,2569.96536136428
151.889475865196,-1.0535424055168,2570.30136722411
151.888695317632,-1.05208583977486,2570.63738807489
151.887133626143,-1.04917159076552,2571.3094747533
151.884007855644,-1.04333861879807,2572.65382804564
151.877746747921,-1.03165474823443,2575.34325459725
151.865186131951,-1.00821505301545,2580.72498936814
151.839910220759,-0.961045850941774,2591.5
151.810620113361,-0.90638360888405,2603.89554466347
151.781050346719,-0.851197543060056,2616.31173760945
151.740202523338,-0.774960289584897,2633.30425228385
151.721557045695,-0.740159821459243,2641
151.691457482128,-0.683979805161002,2653.34395023328
151.6610674969,-0.627256199257423,2665.70856565713
151.630382951133,-0.569981363133025,2678.09389820886
151.599399625638,-0.512147512577679,2690.5
151.58700956901,-0.489019741250385,2695.43330787115
151.558944966582,-0.43663258035015,2706.54938086619
151.530632217889,-0.383781368313596,2717.68249439006
151.473249296672,-0.276662883672532,2740
151.46033206888,-0.252549557153097,2744.97932763395
151.431235397632,-0.198232780089572,2756.13924688407
151.401912784171,-0.143493809103242,2767.30765889383
151.372361561411,-0.0883277713073181,2778.48457336147
151.342579018786,-0.0327297178748067,2789.67
151.319494410219,0.0103646862773471,2798.28585062775
151.26403757332,0.113891484732588,2818.79348811137
151.207770739686,0.218929511802915,2839.33
151.177167034557,0.276059365159089,2850.3872878975
151.123241533214,0.37672386864744,2869.68099414036
151.095998060974,0.427579185956282,2879.33733150893
151.068564803174,0.478787996801966,2889
151.068247774916,0.479379778678933,2889.1000846569
151.067930705052,0.479971638102486,2889.20017366278
151.067296440476,0.481155589646031,2889.40036472264
151.066027411716,0.483524423917272,2889.80079904268
151.063487354028,0.488265820385712,2890.60187654757
151.058399224109,0.497763550587684,2892.20486752515
151.048190794659,0.516818965281406,2895.41419742546
151.027644359176,0.555171265586288,2901.84628168333
151.006923409745,0.59384874009857,2908.29632769777
150.986025833536,0.632855277076992,2914.76441081194
150.946117713267,0.70734419758552,2927.01472392131
150.905558695358,0.78304522216178,2939.33
150.862793787612,0.862860018707437,2952.17095087527
150.841139977457,0.903272427776814,2958.61750086836
150.819302361485,0.944026831783408,2965.08152815299
150.777544417311,1.02195442401662,2977.33921702579
150.735107265877,1.10114510349221,2989.66
150.690395352058,1.18457543630177,3002.49571543133
150.644926352567,1.26941256145503,3015.39890143113
150.601213733974,1.35096659333529,3027.66381416945
150.556791339212,1.43383842861936,3039.99
150.510026703096,1.52107239180632,3052.81908434385
150.462472037833,1.60977178810894,3065.71352997519
150.41668542154,1.69516506951424,3077.98700900047
150.370155759424,1.78193532411977,3090.32
150.321191129966,1.8732362917628,3103.14955388861
150.271399913347,1.96606737672471,3116.04247592231
150.223422230929,2.05550613132914,3128.32235675033
150.174665714051,2.14638502520707,3140.66
150.123405501852,2.24191730617269,3153.48051912725
150.071280080397,2.33904742530066,3166.3623986169
150.020978162046,2.43276506404809,3178.6481624524
149.969858365726,2.52799122890616,3190.99
149.861473363029,2.72983764920189,3216.69183982688
149.808718953206,2.82805498523961,3228.97873402073
149.755104772209,2.92785353399692,3241.32
149.64429144472,3.13405853189591,3266.37483646147
149.529757804317,3.34708867266598,3291.65
149.488388120198,3.42400971110586,3300.62894076405
149.458478885272,3.47961288940798,3307.07193322699
149.410440077299,3.56890434000744,3317.33618064189
149.30903450866,3.75732470479326,3338.6688674973
149.293102269125,3.78691984775415,3341.98
149.224121204947,3.91502959518308,3356.19208780315
149.153828459225,4.04552921491585,3370.47067351015
149.099486996093,4.14638213573055,3381.37088028597
149.044348662169,4.24868387526116,3392.31
149.044073238534,4.2491948093262,3392.36434000005
148.993139694617,4.343667410059,3402.36247766525
148.826166747145,4.65317937612005,3434.44472730291
148.782626419242,4.73383822927147,3442.64
148.652600159989,4.97458354289205,3466.70910756626
148.537423261191,5.18766712825452,3487.5369695979
148.506961936982,5.24399499092787,3492.97
148.47236030181,5.30796482750442,3499.1039710572
148.284491858547,5.65501721386052,3531.7293278752
148.216270777708,5.78092674502563,3543.3
148.088665968896,6.01626227572046,3564.56143118921
147.955990187858,6.26070259198885,3586.15679406558
147.909273328571,6.34671135435927,3593.64
147.884800781611,6.39175379516086,3597.53542656682
147.671560472063,6.78383760342505,3630.78033222899
147.584717541932,6.94330824467429,3643.97
147.448742171086,7.19275160916149,3664.23116754033
147.283364628064,7.49570854467053,3688.25154454241
147.24098535467,7.57326664776629,3694.3
147.215731606414,7.61946821386132,3697.88393367011
146.971198864568,8.06623849724357,3731.82301655774
146.876307237842,8.23930785822038,3744.63
146.714827016656,8.53342498105366,3765.97595971175
146.495610176653,8.93186878017548,3794.08314579437
146.488646628196,8.94450944518229,3794.96
146.445732681058,9.02238721180851,3800.34253176438
146.162233754669,9.53588140183436,3835.00544199814
146.075654163723,9.69235188913979,3845.29
145.863610825863,10.0748535718993,3869.90796215946
145.835487884642,10.1255067492574,3873.11357344114
145.807223167532,10.1763967669841,3876.32157748084
145.750263730152,10.2788942797121,3882.74477455844
145.634591270517,10.4868090337472,3895.62
145.611850390129,10.5276469469708,3898.12496232423
145.56153255192,10.6179631035113,3903.63740321895
145.455468903551,10.8081366674486,3915.12230326423
145.347426453642,11.001573607238,3926.63688105051
145.162246951818,11.3324342200832,3945.95
145.070093788625,11.4967582646499,3955.36729693952
145.057540729768,11.5191254091868,3956.64036192071
145.044961248899,11.5415355231956,3957.91377751133
145.032355253426,11.5639887388182,3959.18754385624
145.019722650277,11.5864851887949,3960.46166110037
144.994377247246,11.6316083240014,3963.01094886649
144.968924284525,11.6769060046148,3965.5616419708
144.943362999945,11.7223793144775,3968.11374157569
144.917692623342,11.7680293473686,3970.66724884483
144.866021481074,11.8598639930366,3975.77849103703
144.813904524029,11.952418909959,3980.89537788254
144.761335291332,12.045703219194,3986.01791873711
144.708307182831,12.1397262133919,3991.1461229772
144.654813455024,12.2344973612768,3996.28
144.545982098792,12.4270642330026,4006.60462496822
144.435203863572,12.6227388492252,4016.9514704491
144.273547173918,12.9076640221477,4031.76290879415
144.107617550587,13.1993433524901,4046.62
143.964570269734,13.4501562309078,4059.15515007181
143.818262400486,13.7060604980447,4071.72178746951
143.668564914273,13.9672288144595,4084.32003098289
143.515341020264,14.2338428205303,4096.95
143.284745045076,14.6337159297163,4115.46827673018
143.04588073578,15.0461571735806,4134.052414461
142.871077689259,15.3468223690175,4147.28
142.52768879196,15.9345362007161,4172.38680079322
142.166315510341,16.5487495508556,4197.61
141.788825571723,17.1855417142691,4222.71938602743
141.390198999667,17.8525105992917,4247.94
141.275358724589,18.0435935572652,4254.9698984375
140.911454262998,18.6458966281026,4276.58049709787
140.528565099128,19.2742888420449,4298.27
140.060964741468,20.0341370185833,4323.3842050406
139.562418076393,20.8349122979671,4348.6
138.902380414597,21.8798873941286,4379.68699566615
138.465376143307,22.5620517479951,4398.93
137.857604341172,23.4977108128601,4424.04878468649
137.199073263804,24.494098194391,4449.26
136.486330548888,25.5518242406195,4474.38621816463
135.704045875837,26.6877265160247,4499.6
135.425463182185,27.0858718006502,4508.0231018827
134.690329672227,28.1203902278266,4528.94779989798
133.881688698365,29.2312898720347,4549.93
132.796722064159,30.6772772101088,4575.05578769415
131.542423876396,32.2856842655579,4600.26
129.064831655163,35.2668145915619,4639.86025127662
128.231621764145,36.21229341222,4650.59
125.807688113778,38.8058823626024,4675.72026552803
121.925641416389,42.5022537173946,4700.92
115.161099374124,47.7676579699863,4714.82117576249
106.950601028696,52.5490575929971,4700.92
100.489278961162,55.3597239277993,4675.72026552803
95.5537060631755,57.061188973318,4650.59
93.6682921025767,57.6236039372646,4639.86025127662
87.4236803998673,59.1841325756443,4600.26
83.8734679439081,59.8856677918541,4575.05578769415
80.5831970420811,60.4282404083237,4549.93
77.9985230071395,60.7866902687197,4528.94779989798
75.5525713991417,61.0738306081453,4508.0231018827
74.6023358401125,61.172179931088,4499.6
71.8680594041995,61.4151857119655,4474.38621816463
69.2966230955473,61.5909555120757,4449.26
66.8584752349405,61.7116114474608,4424.04878468649
64.5606370207479,61.7850828361957,4398.93
62.8834128418631,61.8143239583972,4379.68699566615
60.3162837028719,61.8194504980705,4348.6
58.3549172246158,61.7910774358626,4323.3842050406
56.5018377083209,61.7384634168686,4298.27
54.9772798791851,61.6762347130707,4276.58049709787
53.5242674862625,61.6008545816481,4254.9698984375
53.0651945786681,61.5737495549266,4247.94
51.4707897545877,61.4672152636095,4222.71938602743
49.9612287967007,61.3483927640954,4197.61
48.5182392159054,61.2181938270562,4172.38680079322
47.1505636093554,61.0795126056362,4147.28
46.4561286858686,61.0033098425949,4134.052414461
45.5095829517475,60.8930661057378,4115.46827673018
44.5988137245518,60.7799474995569,4096.95
43.9954783654256,60.7011556449037,4084.32003098289
43.4075832544758,60.6213859628787,4071.72178746951
42.8345903201522,60.5407630249108,4059.15515007181
42.2759839711447,60.459401814179,4046.62
41.6301459497876,60.3618958131564,4031.76290879415
41.0032617774438,60.2636796991797,4016.9514704491
40.5750677557462,60.1945466550197,4006.60462496822
40.1555445153515,60.1251857037825,3996.28
39.9497644237016,60.0905700440041,3991.1461229772
39.746059418195,60.0559163993323,3986.01791873711
39.5444003502031,60.0212297832805,3980.89537788254
39.3447585750962,59.9865150430191,3975.77849103703
39.1471059423534,59.9517768647603,3970.66724884483
39.0490168743804,59.9344004053101,3968.11374157569
38.9514147546873,59.9170197733845,3965.5616419708
38.8542961991471,59.8996355117745,3963.01094886649
38.7576578527354,59.8822481541532,3960.46166110037
38.7095177154973,59.873553478311,3959.18754385624
38.6614963854585,59.8648582245362,3957.91377751133
38.6135934512995,59.8561624570387,3956.64036192071
38.5658085034664,59.8474662394855,3955.36729693952
38.2155510397703,59.7830550080838,3945.95
37.5146359464657,59.6505923668437,3926.63688105051
37.1075412393615,59.5714484938839,3915.12230326423
36.7092675989232,59.4924294991974,3903.63740321895
36.520803309993,59.454484834371,3898.12496232423
36.4357306931609,59.4372396997317,3895.62
36.0040077906643,59.3485969503555,3882.74477455844
35.7920418920511,59.3043814548093,3876.32157748084
35.6870135129156,59.2823024135018,3873.11357344114
35.5826143193519,59.2602433244755,3869.90796215946
34.7987950100449,59.0910186674379,3845.29
34.4804774031404,59.0204578386984,3835.00544199814
33.4453738533359,58.7835337747072,3800.34253176438
33.2896685237687,58.7468917167631,3794.96
33.2644272622851,58.7409267282041,3794.08314579437
32.4733813169804,58.550424875334,3765.97595971175
31.8951677667673,58.4067525576234,3744.63
31.5571975294314,58.3210162593729,3731.82301655774
30.6925400609422,58.0956621845395,3697.88393367011
30.6037656880812,58.0720299380497,3694.3
30.4550117217064,58.0322218503157,3688.25154454241
29.8772016073349,57.8750914703285,3664.23116754033
29.4053414297476,57.7437854938012,3643.97
29.1055174689162,57.6589379234203,3630.78033222899
28.3744472457768,57.4473727245362,3597.53542656682
28.2910165882928,57.4228019520878,3593.64
28.1320224349074,57.3757328795096,3586.15679406558
27.6824253217871,57.2408850882438,3564.56143118921
27.2527440122109,57.1095710603306,3543.3
27.0241299685037,57.03872166729,3531.7293278752
26.3985759238856,56.8413190202999,3499.1039710572
26.2840054496428,56.8045973202371,3492.97
26.1833105534587,56.7721766375528,3487.5369695979
25.8039869979055,56.6488089415089,3466.70910756626
25.3784532011707,56.508062406338,3442.64
25.2366008167449,56.4605864124239,3434.44472730291
24.6956035091769,56.2769302824376,3402.36247766525
24.5315248772642,56.2204100777347,3392.36434000005
24.5306388271642,56.220103816638,3392.31
24.3535180144153,56.1586565538445,3381.37088028597
24.1794669662614,56.0978346606605,3370.47067351015
23.9550774356549,56.0187749012505,3356.19208780315
23.7357010778015,55.9407719049398,3341.98
23.6851491742517,55.9226973112653,3338.6688674973
23.3644217104574,55.8071442136981,3317.33618064189
23.2131029995897,55.7520963647515,3307.07193322699
23.1190924469173,55.7177242545289,3300.62894076405
22.9893142890244,55.6700569742766,3291.65
22.6315626546041,55.5373386416171,3266.37483646147
22.2875939139169,55.4078938294562,3241.32
22.1219376055087,55.3449030046745,3228.97873402073
21.9594245086349,55.2826936940433,3216.69183982688
21.6270536525622,55.1541779344691,3190.99
21.4709987630048,55.0932369249674,3178.6481624524
21.3178836508481,55.0330683632572,3166.3623986169
21.1596816299462,54.970507975211,3153.48051912725
21.004565840341,54.9087782482292,3140.66
20.8574499092338,54.8498736260276,3128.32235675033
20.7130871049041,54.7917302878849,3116.04247592231
20.5636902354051,54.7312018888657,3103.14955388861
20.4171934197044,54.67149347213,3090.32
20.2783675397618,54.6145855041343,3077.98700900047
20.142125517998,54.5584267250443,3065.71352997519
20.0010077218719,54.4999328047816,3052.81908434385
19.862616988924,54.442246146412,3039.99
19.7315089649513,54.3872986204243,3027.66381416945
19.6028297712397,54.3330870950648,3015.39890143113
19.4693316293361,54.2765488334319,3002.49571543133
19.3384055822484,54.2208051876453,2989.66
19.2144607320188,54.1677637361206,2977.33921702579
19.0928038719586,54.1154447493477,2965.08152815299
19.0293026755619,54.0880344493331,2958.61750086836
18.966417397487,54.0608212826492,2952.17095087527
18.8424610633706,54.0069791675411,2939.33
18.7251905886449,53.9557948982931,2927.01472392131
18.6100793600217,53.9053192160584,2914.76441081194
18.5499119204241,53.8788435864995,2908.29632769777
18.4903274069727,53.8525616913798,2901.84628168333
18.4313178366365,53.8264716983172,2895.41419742546
18.4020261898816,53.8134980935673,2892.20486752515
18.3874332278948,53.8070290411555,2890.60187654757
18.3801499097888,53.8037989402539,2889.80079904268
18.3765115349274,53.8021849946097,2889.40036472264
18.37469316773,53.8013782977996,2889.20017366278
18.373784189088,53.8009750183737,2889.1000846569
18.372875347045,53.8005717849252,2889
18.2942965362308,53.7656527239803,2879.33733150893
18.2163896421136,53.7309240089857,2869.68099414036
18.0625581530418,53.6620325380629,2850.3872878975
17.9754784991924,53.6228473505194,2839.33
17.8157971604737,53.5506377436357,2818.79348811137
17.6589465086492,53.4792597192083,2798.28585062775
17.5938109723255,53.449487274897,2789.67
17.5099115026306,53.4110242342537,2778.48457336147
17.4268138770486,53.3728020369176,2767.30765889383
17.3445068832629,53.3348187760186,2756.13924688407
17.2629795147799,53.2970725580034,2744.97932763395
17.2268325128342,53.2802977368179,2740
17.0665993203614,53.2056471195766,2717.68249439006
16.9877473467098,53.1687361529424,2706.54938086619
16.9097214126741,53.1320979066698,2695.43330787115
16.8753169814903,53.1159066968786,2690.5
16.7893976580325,53.0753751539398,2678.09389820886
16.7044679688478,53.0351743978947,2665.70856565713
16.6205114586283,52.9953009161865,2653.34395023328
16.537512030613,52.955751236454,2641
16.4861743946666,52.9312233297015,2633.30425228385
16.3739120359003,52.8774127600738,2616.31173760945
16.2928218015846,52.8383946632724,2603.89554466347
16.2126445360242,52.7996923888275,2591.5
16.1435722735947,52.7662518780718,2580.72498936814
16.1092876925952,52.7496193983027,2575.34325459725
16.0922077740763,52.7413249845589,2572.65382804564
16.0836833439245,52.7371832195726,2571.3094747533
16.0794250031742,52.735113695724,2570.63738807489
16.0772968003887,52.7340792732328,2570.30136722411
16.0751692422859,52.7330450769437,2569.96536136428
15.9870356817718,52.6901271008518,2555.96968856544
15.9000020333514,52.647597519753,2542
15.7478120430386,52.5728758537667,2517.20988262419
15.5989206338481,52.4993369920399,2492.5
15.525615445886,52.4629714620023,2480.16420665138
15.453097322158,52.4268925114186,2467.84827539613
15.308786551603,52.3547870970092,2443
15.2379302708488,52.3192326717967,2430.63099049315
15.1678240384275,52.2839565024949,2418.28166823218
15.1358776929987,52.2678492538277,2412.61714179685
15.1040860108044,52.2517997936557,2406.95675270202
15.0724479088002,52.23580784466,2401.3004964165
15.0566861139459,52.2278333502594,2398.47391666304
15.0409623125156,52.2198731303619,2395.64836841572
15.0290284418084,52.2138282733845,2393.5
14.910948033202,52.1538632792662,2372.0612614952
14.7591138292611,52.0763450628548,2344
14.6281947968591,52.0091310227552,2319.34536379588
14.6045334398334,51.9969461544038,2314.84316635167
14.5513177272796,51.9695001130531,2304.66492071891
14.4985507257411,51.9422285477677,2294.5
14.371431168512,51.8762958302007,2269.71064065429
14.2468796592114,51.8113737494929,2245
14.1824027757176,51.7776399502348,2232.04013039989
14.1247070542925,51.7473812395248,2220.34447117778
14.0638833676336,51.7154074749317,2207.91232549126
14.0036698777272,51.6836789085238,2195.5
13.8877817449167,51.6224012175217,2171.31202186828
13.7741243497238,51.5620307698679,2147.19913328747
13.7685201559057,51.5590470410758,2146
13.6626361075872,51.5025494038812,2123.16098513565
13.541055262007,51.4373851337424,2096.5
13.4307270828007,51.3779815283267,2071.89234040359
13.3796723906809,51.3504049254928,2060.36870830591
13.3209244266415,51.3186042702013,2047
13.2133334551195,51.2601736833902,2022.2100063482
13.160312330617,51.2312878484105,2009.84502897631
13.1077979788365,51.2026186685681,1997.5
13.0818061056145,51.1884069969528,1991.35328510815
13.0559380170753,51.1742485787694,1985.21157586195
13.0301928646402,51.160143141687,1979.07486614926
13.0045698073798,51.1460904150904,1972.94314986794
13.0017110301666,51.1445216673769,1972.25753325194
12.9988537692393,51.1429535755335,1971.5719790383
12.9498894648453,51.116054110138,1959.77676083581
12.9013685612338,51.0893471097393,1948
12.8506488198227,51.06137531407,1935.59437804998
12.8004096096769,51.0336135039875,1923.2092043829
12.750644395823,51.006059527671,1910.84442848281
12.7013467598816,50.97871126055,1898.5
12.6527075045433,50.9516762674058,1886.22570701501
12.604521801482,50.9248423789873,1873.9718514899
12.555761034561,50.8976364873692,1861.47531612652
12.5315537662696,50.8841107611314,1855.23500903794
12.5074608649739,50.8706361608712,1849
12.5062320310086,50.8699485607316,1848.68134029567
12.5050034942617,50.8692610937252,1848.36269448377
12.4589475846031,50.8434650908473,1836.37139519048
12.4133076799512,50.8178560213491,1824.39975341869
12.3194559346255,50.7650502834435,1799.5
12.2743112471637,50.7395801998401,1787.3853461322
12.2295766010627,50.7142968863312,1775.29117016255
12.1831142829624,50.687990069802,1762.63439076853
12.1370907073633,50.6618843223188,1750
12.1314870584857,50.6587025677187,1748.45502649824
12.0486844350222,50.6116055369941,1725.4548124004
11.9601400942589,50.5610730727392,1700.5
11.9184254649351,50.5372055246573,1688.61198033775
11.8770790758912,50.5135100898603,1676.74440637374
11.8325226497475,50.4879319305846,1663.8601754062
11.7883904564761,50.4625531962733,1651
11.7732790298936,50.4538530909141,1646.57372505332
11.7051992165599,50.414593469388,1626.48639000535
11.6216410997493,50.3662644577469,1601.5
11.5846708101896,50.3448306981662,1590.32581136295
11.5480051659322,50.3235428467661,1579.170417641
11.5036318471887,50.297739001161,1565.57126913744
11.4597012182352,50.2721483261299,1552
11.4302186561155,50.2549492747774,1542.83118695309
11.3814163694774,50.2264360793778,1527.54507831142
11.3023925106575,50.1801498193684,1502.5
11.2711912075792,50.1618349184811,1492.51001140198
11.2402193629823,50.1436325447764,1482.53582354711
11.1946363126965,50.1168028434772,1467.75058586692
11.1495464320772,50.0902162255361,1453
11.1025649622312,50.0624642433359,1437.49595584382
11.0755782957567,50.0465000885999,1428.52728207025
11.0381184153161,50.0243124354549,1416.00091043435
11.001001695395,50.0022958994439,1403.5
10.9676304023196,49.9824736914132,1392.1836683677
10.9345368916656,49.9627908777797,1380.88870621486
10.9017178850485,49.9432461157518,1369.61505306817
10.8691701546126,49.9238380788665,1358.36264868231
10.8566070231435,49.9163401307902,1354
10.805264759776,49.8856595861842,1336.05757999491
10.7828086695214,49.8722211200073,1328.15206802809
10.7604833280278,49.8588491788363,1320.25731532995
10.738287656613,49.8455433113487,1312.37329995064
10.7162205882198,49.8323030700944,1304.5
10.682138059851,49.8118310603043,1292.27046329956
10.66521223756,49.8016542401984,1286.16558487831
10.6483627229899,49.7915166003364,1280.0672855322
10.6466928445485,49.7905115408733,1279.46176837359
10.6450237140344,49.7895068659048,1278.85631604003
10.6367958545898,49.7845534329601,1275.86876266185
10.6285861490448,49.7796093386788,1272.88278717215
10.612220973795,49.7697490701727,1266.91556486065
10.5959277359961,49.7599258675703,1260.95463912357
10.5797059880008,49.7501395398926,1255
10.5739026108967,49.7466369433731,1252.86486936871
10.5564519105929,49.7360998736703,1246.42905929664
10.5477578452367,49.7308475422719,1243.21398312205
10.5390845427443,49.7256059729432,1240.00079064521
10.5304319329473,49.720375135459,1236.78948021112
10.5217999459871,49.7151549997017,1233.58005016674
10.5174916642488,49.7125489355424,1231.97603977464
10.5131885121623,49.7099455355694,1230.37249886094
10.5117154567938,49.7090542387314,1229.82324350241
10.5088904810818,49.7073447960478,1228.76942721957
10.5067433832128,49.7060454227854,1227.96806731163
10.5045975623616,49.7047467132384,1227.16682464455
10.4756501087329,49.6872162565556,1216.32268603573
10.4469342212933,49.6698064004788,1205.5
10.414198166867,49.6499353178979,1193.08182241803
10.3817635712365,49.6302221008036,1180.69249676883
10.3496265230749,49.6106650347261,1168.33192261882
10.3177831771103,49.5912624287497,1156
10.2555738097408,49.5532875535313,1131.66158906888
10.2237062816455,49.5337986170012,1119.06540313811
10.1921371942119,49.5144682229191,1106.5
10.1617095190026,49.4958141312283,1094.30565081738
10.1315597920211,49.4773085260464,1082.1409665081
10.1005775059741,49.4582691536838,1069.5546440837
10.0698865002143,49.4393860178082,1057
10.0403164413901,49.4211711093535,1044.82116506304
10.0110177988552,49.4031026026353,1032.67290433428
9.98082903342373,49.3844634868993,1020.07004160769
9.95092623544789,49.3659792267581,1007.5
9.92215611199526,49.3481747099872,995.323620858176
9.89365169768641,49.3305148640152,983.178802118096
9.86426415156981,49.3122872569422,970.572443581608
9.83515688449708,49.2942128355674,958
9.8211421243619,49.2855029043106,951.91554374812
9.80719278786941,49.2768288923785,945.839249902263
9.77948868717934,49.2595878249177,933.711083816563
9.76513387715363,49.2506470621216,927.395103104456
9.75084846934723,49.2417445435122,921.087941193903
9.72248399515064,49.2240533537694,908.5
9.70886084622214,49.2155494919088,902.423247724747
9.69530181663026,49.2070811569845,896.354941210249
9.66837444011963,49.1902502655734,884.243595131338
9.65438341480632,49.1814982133238,877.918955197763
9.64046078151668,49.1727841912376,871.60348931928
9.61281883607802,49.155469344371,859
9.5995331713894,49.1471405782697,852.91138122816
9.58631061657607,49.138847080765,846.831503704974
9.5600531751023,49.1223650848398,834.697897215213
9.54645892578384,49.1138252239339,828.384305116467
9.53293150769446,49.1053228416297,822.080138932514
9.50607534526506,49.0884296245375,809.5
9.48036061667261,49.0722377761475,797.373209296456
9.46759539636872,49.064193827589,791.323321138095
9.45489106304018,49.0561842621894,785.282411049003
9.42839981046728,49.0394698105348,772.621532191134
9.41525310914005,49.0311685753374,766.3058592348
9.40870429001367,49.0270318564324,763.151704332378
9.40217175002752,49.0229043660244,760
9.37667799547731,49.0067864267955,747.624980525305
9.35724886932334,48.9944919493302,738.10585056905
9.33812901651478,48.9823840620864,728.662576868828
9.31931180074258,48.9704589902702,719.29425629553
9.30079076546207,48.9587130544731,710
9.28870101777696,48.9510412195853,703.893262828064
9.276736223976,48.9434451092667,697.818265601651
9.27653268639477,48.9433158582814,697.714649662011
9.25317461060374,48.9284761221489,685.762506287605
9.2527758807565,48.9282226855413,685.557420936635
9.24137699183882,48.9209757701962,679.679239165515
9.23009223095667,48.9137982335425,673.830777988988
9.2234169543776,48.9095510146331,670.357470241551
9.21678138564812,48.9053279626675,666.894602614602
9.21018520557678,48.9011288938018,663.442128107172
9.20690178676259,48.8990382956351,661.719773662561
9.20362809688882,48.8969536250969,660
9.18129726762763,48.8827263441762,647.44308825296
9.18007911891002,48.8819498877881,646.754516626808
9.15939489879597,48.8687599829793,635.004994961893
9.15700644531734,48.8672362286536,633.641205778202
9.13790992522706,48.8550481680193,622.6840416075
9.13439711391652,48.852805180205,620.658098913648
9.11683164191939,48.8415847200997,610.478581138349
9.11600928998695,48.8410592300755,610
9.11223860668227,48.8386495146126,607.803266391352
9.09614968960298,48.8283636470524,598.386997236882
9.09514110476968,48.8277186295206,597.794365946859
9.07466641227097,48.8146190109837,585.703166460287
9.054575201288,48.8017545575744,573.724799718285
9.03178800433173,48.7871516380486,560
9.020577619021,48.7799628187742,553.192741540924
9.01173961732331,48.7742931056823,547.800018114301
9.00678759900865,48.7711154549699,544.768301784382
9.00185930168115,48.7679524157013,541.743844590016
8.99695457182108,48.7648038979935,538.726620490491
8.99207325716606,48.7616698126568,535.716603569497
8.99007255408077,48.7603850733826,534.480806121155
8.98907367475022,48.7597436115577,533.863362308618
8.98857460257062,48.7594231072659,533.554754032585
8.98807577516661,48.7591027539285,533.246221472873
8.98584132333218,48.75766768382,531.863248856533
8.98361177828446,48.7562356402957,530.481796516729
8.98249884121992,48.755520750811,529.791639667362
8.9813871253931,48.7548066147699,529.101861948018
8.98027662899133,48.7540932311088,528.412463046378
8.97972183750556,48.7537368210865,528.067905554689
8.97944455584309,48.7535586864697,527.895662281578
8.97916735019695,48.7533805987606,527.723442650462
8.97391046914674,48.7500030086616,524.453026404614
8.97277914668859,48.7492760338597,523.748093657487
8.9599415647366,48.7410245015262,515.721110339925
8.95084167990544,48.7351729202006,510
8.93697541036329,48.7262523691672,501.231837635871
8.92059423444147,48.7157076860679,490.793867695779
8.90448426486753,48.7053310017962,480.443297181012
8.88863946502386,48.6951187500932,470.179032946135
8.87305396749358,48.6850674592224,460
8.86561188666136,48.680265806617,455.110153799645
8.85822842155494,48.675500594436,450.239855181777
8.85090294986892,48.6707714532068,445.388987165494
8.84363485764018,48.6660780181469,440.55743370145
8.83642353911281,48.6614199290923,435.745079662605
8.82926839660493,48.6567968304277,430.951810835079
8.82216884037837,48.6522083710166,426.177513909115
8.81512428851102,48.6476542041346,421.42207647015
8.81089203364036,48.6449175308168,418.556340878194
8.80667954538205,48.6421931901088,415.697432495386
8.80248669921369,48.6394811076933,412.845326953464
8.80039760300727,48.638129640104,411.421817664446
8.79831337107711,48.6367812094736,410
8.78333753362247,48.6270891008302,399.307878836069
8.76859218884789,48.6175406267658,388.697138499809
8.75407256290393,48.6081329479516,378.166853394176
8.73977400654806,48.5988632952067,367.716111905669
8.72928767186735,48.5920617902186,360
8.72569197708179,48.5897289582517,357.344016141245
8.71607369046276,48.5834871513269,350.213610508655
8.71182207568995,48.5807273103737,347.049681671167
8.70304792018283,48.5750303151519,340.49665633665
8.690206768607,48.5666891318409,330.84840112145
8.67754670265919,48.5584614829914,321.268118876023
8.66277098870682,48.5488537542983,310
8.65004322831334,48.5405732404505,300.217481876511
8.63749862989283,48.5324078643585,290.505624974055
8.6251336493921,48.5243554906918,280.863666446062
8.61294482912115,48.5164140336151,271.290854387338
8.59867975944852,48.5071150271901,260
8.5864220780629,48.4991204465859,250.221496159884
8.57434269708082,48.4912384140799,240.514923480173
8.56243813149527,48.4834668168618,230.879491175603
8.55070498203705,48.4758035916831,221.314420010072
8.54378990865416,48.4712855341693,215.644922069009
8.5369338960119,48.4668048613492,210
8.53037993763783,48.4625204722828,204.581591531031
8.52384339982868,48.4582463800065,199.16578174378
8.510822322579,48.4497289473061,188.341950740003
8.50382026262159,48.4451469246391,182.501932901358
8.49683820601606,48.4405767454207,176.664936727765
8.48293377800698,48.431471746022,165
8.47991546754835,48.4294946214065,162.460614540196
8.46811708196873,48.4217639319521,152.509498489537
8.45637585273562,48.4140671603623,142.567164179106
8.4493967138965,48.4094904288888,136.638571687629
8.43962740259872,48.4030818843883,128.316210957766
8.42989757532663,48.3966968132142,120
8.42077651070255,48.3907090335958,112.178010498598
8.40753484409944,48.3820123768174,100.775120697231
8.40079354970462,48.3775832081731,94.9483509011809
8.39407528566511,48.373168012194,89.126912393105
8.3873799418343,48.3687667280724,83.3107978594423
8.38070740874875,48.3643792953395,77.5
8.37464440841325,48.3603916623043,72.2074135776759
8.36860019244028,48.3564154450749,66.9192339716901
8.36257467936431,48.3524505985677,61.6354556803995
8.35656778817841,48.3484970779277,56.3560732113143
8.35049918354574,48.3445019990923,51.0103056534594
8.34444953798143,48.3405184601673,45.6690413893526
8.3384187685933,48.3365464151753,40.3322747310044
8.33736666955338,48.3358533755896,39.4
8.33541043658883,48.3345646885337,37.6655762291114
8.33390802927872,48.3335748966906,36.332647874741
8.33315726473808,48.3330802683284,35.6662888829499
8.33240679272851,48.3325858182216,35
8.33063943708558,48.3314213349639,33.125
8.32887321246542,48.3302575167337,31.25
8.32534415194928,48.3279318730876,27.5
8.32181960250543,48.3256088827531,23.75
8.32005901673074,48.3244483811649,21.875
8.31917914560773,48.3238683785186,20.9375
8.31873931542833,48.3235784392017,20.46875
8.31829955548113,48.3232885412104,20
8.31605711574281,48.3218102056331,17.3283812080545
8.31381669799546,48.3203330739507,14.6567624161089
8.31074719355328,48.3183091068907,10.9925718120812
8.3076814804482,48.3162873979233,7.32838120805445
8.30461955165458,48.3142679432839,3.66419060402677
8.30309000418376,48.3132590601629,1.83209530201384
8.30232558429717,48.312754829447,0.916047651006011
8.30194346276826,48.3125027667745,0.458023825503005
8.30156140016408,48.3122507392159,0
