123.57,-1.11,26
123.568735028312,-1.10844080166771,27.5
123.565569957302,-1.10453954002577,31.25
123.563986004935,-1.10258715766867,33.125
123.562401106857,-1.1006336062192,35
123.561726348034,-1.09980189487495,35.6662888829499
123.561051337747,-1.09896987295657,36.332647874741
123.559700562254,-1.09730489675418,37.6655762291114
123.556995987936,-1.09397121036741,40.3322747310044
123.551574716604,-1.08728886541935,45.6690413893526
123.546137225109,-1.08058648774842,51.0103056534594
123.540683445539,-1.07386399353657,56.3560732113143
123.53528586892,-1.06721073809612,61.6354556803995
123.5298723004,-1.06053773201415,66.9192339716901
123.524442673663,-1.05384489344796,72.2074135776759
123.518996922036,-1.04713214011491,77.5
123.513004558705,-1.03974555694299,83.3107978594423
123.506992622517,-1.0323348008133,89.126912393105
123.500961023959,-1.02489976126286,94.9483509011809
123.494909672985,-1.01744032717365,100.775120697231
123.483025928313,-1.00279123213664,112.178010498598
123.474842294812,-0.992703163601435,120
123.466114351003,-0.981944026736822,128.316210957766
123.457352968316,-0.971143576432171,136.638571687629
123.45109510143,-0.963429237810312,142.567164179106
123.440569571338,-0.950453864755666,152.509498489537
123.429995681379,-0.937418745496095,162.460614540196
123.42729108944,-0.934084598991302,165
123.414834300797,-0.918728104723298,176.664936727765
123.408580678662,-0.911018690893071,182.501932901358
123.402310151649,-0.903288392848228,188.341950740003
123.39065212911,-0.888916281018296,199.16578174378
123.384801158741,-0.881703097552883,204.581591531031
123.378935479063,-0.874471742898567,210
123.3728001913,-0.86690796913102,215.644922069009
123.366612797227,-0.859279916413354,221.314420010072
123.356116048992,-0.846339036990264,230.879491175603
123.34546814522,-0.833211688750798,240.514923480173
123.334666137803,-0.819894233892044,250.221496159884
123.323707005601,-0.806382944523487,260
123.310956080419,-0.790662440456836,271.290854387338
123.300063522301,-0.777232975457484,280.863666446062
123.28901588581,-0.763612197985869,290.505624974055
123.277810178994,-0.74979641634951,300.217481876511
123.266443336538,-0.73578184838537,310
123.253250641763,-0.71951597823394,321.268118876023
123.241949595501,-0.705582284404398,330.84840112145
123.230489408797,-0.691452264146811,340.49665633665
123.222660293465,-0.681799166937044,347.049681671167
123.218867030898,-0.677122153518083,350.213610508655
123.210286675922,-0.666542711152339,357.344016141245
123.207079362587,-0.662588128833877,360
123.197726810436,-0.651056486441514,367.716111905669
123.184976904945,-0.635335814477141,378.166853394176
123.172033043901,-0.619375864707358,388.697138499809
123.158891222646,-0.603171696753136,399.307878836069
123.145547331261,-0.586718240501242,410
123.143688573581,-0.584426320959852,411.421817664446
123.14182553756,-0.582129123565616,412.845326953464
123.138086577756,-0.577518830160759,415.697432495386
123.134330344394,-0.572887227730987,418.556340878194
123.130556729655,-0.568234183274392,421.42207647015
123.124276122914,-0.560489877725233,426.177513909115
123.117947161755,-0.552685921205311,430.951810835079
123.111569342577,-0.544821692499887,435.745079662605
123.105142155124,-0.536896562192644,440.55743370145
123.098665082379,-0.528909892533885,445.388987165494
123.092137600452,-0.520861037306225,450.239855181777
123.085559178473,-0.512749341687734,455.110153799645
123.078929278474,-0.504574142112453,460
123.06504710669,-0.487456220619788,470.179032946135
123.050937327299,-0.470057520737861,480.443297181012
123.036594873243,-0.452371792826009,490.793867695779
123.022014533768,-0.434392610219234,501.231837635871
123.00967543007,-0.41917703196823,510
123.001579156209,-0.409193323230311,515.721110339925
122.990159282172,-0.395111147762312,523.748093657487
122.989153001272,-0.393870270738622,524.453026404614
122.98447736968,-0.38810459410668,527.723442650462
122.984230824625,-0.387800570918014,527.895662281578
122.98398421298,-0.387496465586275,528.067905554689
122.983490789825,-0.386888008374769,528.412463046378
122.982503143375,-0.385670106923973,529.101861948018
122.981514428764,-0.384450887822578,529.791639667362
122.980524644431,-0.383230349145031,530.481796516729
122.978541860393,-0.380785305411064,531.863248856533
122.976554778655,-0.378334960176835,533.246221472873
122.976111184099,-0.377787946792719,533.554754032585
122.975667375165,-0.377240668958986,533.863362308618
122.974779113606,-0.376145319258119,534.480806121155
122.973000011822,-0.373951438904349,535.716603569497
122.968659581993,-0.368599078145798,538.726620490491
122.964298648541,-0.363221424926135,541.743844590016
122.95991708036,-0.357818317577109,544.768301784382
122.955514745279,-0.352389593119829,547.800018114301
122.947658580831,-0.342701769978444,553.192741540924
122.937695064985,-0.330415230727026,560
122.917447444251,-0.305446694071598,573.724799718285
122.899600978118,-0.283439034699647,585.703166460287
122.881419282706,-0.261017867669517,597.794365946859
122.880523791679,-0.259913569928782,598.386997236882
122.866240726448,-0.242300007556683,607.803266391352
122.862893756354,-0.238172588574938,610
122.862163836842,-0.237272465469609,610.478581138349
122.846574810134,-0.218048332773718,620.658098913648
122.843457732905,-0.21420439612083,622.6840416075
122.82651529825,-0.193311175725576,633.641205778202
122.824396591199,-0.190698404995385,635.004994961893
122.806051455047,-0.168075303397825,646.754516626808
122.804971231601,-0.166743176665863,647.44308825296
122.785172170537,-0.1423270224573,660
122.782263326884,-0.138739837431911,661.719773662561
122.779345955789,-0.135142134915325,663.442128107172
122.773485496864,-0.127915011761344,666.894602614602
122.767590519522,-0.120645315008612,670.357470241551
122.761660747983,-0.113332704780872,673.830777988988
122.751637383578,-0.100971853822105,679.679239165515
122.741514044496,-0.0884877010395587,685.557420936635
122.741159958358,-0.0880510400176475,685.762506287605
122.720420150238,-0.0624745702779501,697.714649662011
122.720239453417,-0.0622517335879417,697.818265601651
122.70961811459,-0.0491534138909892,703.893262828064
122.698887404756,-0.035920210069223,710
122.68245137992,-0.0156511534035721,719.29425629553
122.665756238031,0.00493745408250463,728.662576868828
122.648796412109,0.0258524706583866,738.10585056905
122.631566182177,0.0471009425823365,747.624980525305
122.608963668661,0.0749745348038283,760
122.603173196632,0.0821153822280455,763.151704332378
122.597368994708,0.0892731580454333,766.3058592348
122.585719220094,0.103639716875212,772.621532191134
122.562252905783,0.132578435011487,785.282411049003
122.55100328269,0.146451467986575,791.323321138095
122.539702383281,0.160387711925898,797.373209296456
122.516945452208,0.188451429791894,809.5
122.493189815528,0.217746617270813,822.080138932514
122.481228553026,0.232497057437842,828.384305116467
122.469211176862,0.24731665484303,834.697897215213
122.446007924159,0.275930333565011,846.831503704974
122.434327580385,0.290334177293267,852.91138122816
122.422594316915,0.304803230876077,859
122.39819136628,0.334895934992387,871.60348931928
122.385904789427,0.350047139182847,877.918955197763
122.373560986853,0.365268845813963,884.243595131338
122.349812695824,0.394553752761212,896.354941210249
122.337858845641,0.409294390674688,902.423247724747
122.325851415868,0.424101026640726,908.5
122.300860490706,0.454917662986424,921.087941193903
122.288278981359,0.470431955671641,927.395103104456
122.275639615757,0.486017498755037,933.711083816563
122.251255483939,0.516085185829129,945.839249902263
122.238982389133,0.531218803290869,951.91554374812
122.226654827889,0.546419482669474,958
122.201061626228,0.577977224004855,970.572443581608
122.175235550504,0.609821638649252,983.178802118096
122.150198561357,0.640692605483156,995.323620858176
122.124941105548,0.671834909922242,1007.5
122.098703006122,0.704185783588245,1020.07004160769
122.072228168763,0.736827943928933,1032.67290433428
122.046547528919,0.76849029111023,1044.82116506304
122.020642507607,0.800428652175676,1057
121.993769816149,0.83355935711379,1069.5546440837
121.966656876998,0.866985506906282,1082.1409665081
121.940286740197,0.899495141740414,1094.30565081738
121.913687671603,0.93228622844601,1106.5
121.886105833209,0.96628800714466,1119.06540313811
121.858278735736,1.00059121461987,1131.66158906888
121.804001419133,1.06749754178079,1156
121.776241038727,1.10171560677845,1168.33192261882
121.748240204724,1.13622900201328,1180.69249676883
121.719995941439,1.1710413340396,1193.08182241803
121.691505224177,1.20615626735785,1205.5
121.666526577346,1.23694156892577,1216.32268603573
121.641359016573,1.26795874009968,1227.16682464455
121.639493891227,1.27025733115448,1227.96806731163
121.637627724776,1.27255719983384,1228.76942721957
121.633892265256,1.2771607740592,1230.37249886094
121.630152631349,1.28176947083618,1231.97603977464
121.626408816394,1.28638329822044,1233.58005016674
121.618908616768,1.29562637694418,1236.78948021112
121.611391612669,1.30489007518084,1240.00079064521
121.603857750303,1.31417445797723,1243.21398312205
121.596306975644,1.32347959064981,1246.42905929664
121.58115447333,1.34215236684381,1252.86486936871
121.576116382328,1.34836083826351,1255
121.562036434854,1.36571142282484,1260.95463912357
121.547898368589,1.38313329158024,1266.91556486065
121.533701839834,1.40062685960803,1272.88278717215
121.526581543431,1.40940066197834,1275.86876266185
121.519446501287,1.41819254626625,1278.85631604003
121.517999185228,1.41997593561625,1279.46176837359
121.516551261781,1.42176006973128,1280.0672855322
121.501943632804,1.43975941305017,1286.16558487831
121.487274058982,1.4578347038689,1292.27046329956
121.457747574949,1.49421493977388,1304.5
121.438639447522,1.51775763618316,1312.37329995064
121.419427155344,1.54142798470993,1320.25731532995
121.400109882427,1.56522696863786,1328.15206802809
121.380686804241,1.58915558123992,1336.05757999491
121.336306545396,1.64382786041507,1354
121.325452785156,1.65719806531959,1358.36264868231
121.297344199111,1.69182250776965,1369.61505306817
121.269016804173,1.72671481899676,1380.88870621486
121.240468143105,1.76187795212319,1392.1836683677
121.211695721669,1.79731490332305,1403.5
121.179712708679,1.83670396510393,1416.00091043435
121.147453893917,1.87643035524809,1428.52728207025
121.124226492148,1.90503317285591,1437.49595584382
121.083814129468,1.95479497092639,1453
121.045058094333,2.00251356604104,1467.75058586692
121.005907145103,2.05071465005471,1482.53582354711
120.979322200709,2.08344277594393,1492.51001140198
120.952553781271,2.11639494672662,1502.5
120.884817449924,2.19977061059487,1527.54507831142
120.843028891409,2.25120138831046,1542.83118695309
120.817799278928,2.2822501084211,1552
120.780227787504,2.3284839996046,1565.57126913744
120.742304337418,2.37514690524325,1579.170417641
120.710988327177,2.41367653091276,1590.32581136295
120.679430463154,2.45250078299403,1601.5
120.608172739361,2.54015493190486,1626.48639000535
120.550183556846,2.61147579336744,1646.57372505332
120.537320229447,2.62729494312007,1651
120.499770744323,2.67346974201588,1663.8601754062
120.461886271702,2.72005179304568,1676.74440637374
120.426754381067,2.76324504498342,1688.61198033775
120.391332138034,2.80679104121695,1700.5
120.316218779805,2.8991165694769,1725.4548124004
120.246067289485,2.98532513685226,1748.45502649824
120.241322961306,2.99115475740882,1750
120.202372200194,3.03901259740367,1762.63439076853
120.163077308381,3.0872875411032,1775.29117016255
120.125269242914,3.13373036617713,1787.3853461322
120.087140019016,3.18056214343807,1799.5
120.007953951382,3.27780333768586,1824.39975341869
119.969485271841,3.32503418815774,1836.37139519048
119.930691854845,3.37265764730489,1848.36269448377
119.929657399295,3.37392747796243,1848.68134029567
119.928622711897,3.37519758880554,1849
119.908340027161,3.40009431837827,1855.23500903794
119.887968174499,3.42509877860461,1861.47531612652
119.846954654734,3.47543358517412,1873.9718514899
119.806452996875,3.52513318404927,1886.22570701501
119.765598340982,3.57525878624206,1898.5
119.724219473393,3.62602012330509,1910.84442848281
119.682477393555,3.67721934372129,1923.2092043829
119.640367370101,3.72886193927399,1935.59437804998
119.597884587247,3.78095349422648,1948
119.557271601066,3.83074455339201,1959.77676083581
119.516315117938,3.88094892487963,1971.5719790383
119.513925998789,3.88387725788731,1972.25753325194
119.511535705795,3.8868070025975,1972.94314986794
119.490115839027,3.91305978611447,1979.07486614926
119.468601486581,3.93942616869122,1985.21157586195
119.446992029509,3.96590686493144,1991.35328510815
119.425286843311,3.99250259547117,1997.5
119.381456779867,4.04620130145752,2009.84502897631
119.337235356025,4.10036987891819,2022.2100063482
119.24759756399,4.21014064556531,2047
119.198706778054,4.26999517543502,2060.36870830591
119.156249231466,4.32196373359233,2071.89234040359
119.064596234475,4.43411563308774,2096.5
118.963746951679,4.55746821061596,2123.16098513565
118.876045573867,4.66469330825386,2146
118.87140702391,4.67036326732241,2147.19913328747
118.777404062311,4.78524182466692,2171.31202186828
118.681692868686,4.90215518426956,2195.5
118.632016770867,4.96281423620972,2207.91232549126
118.581874216977,5.02402780083588,2220.34447117778
118.534344379323,5.08203764157712,2232.04013039989
118.481267102241,5.14680163184522,2245
118.37885136848,5.27171770079132,2269.71064065429
118.274477770208,5.3989528471008,2294.5
118.231197519017,5.45169223299068,2304.66492071891
118.18757563859,5.50483541006546,2314.84316635167
118.168188461625,5.52845014362714,2319.34536379588
118.061011854141,5.65895199285349,2344
117.93690787739,5.8099669310534,2372.0612614952
117.840534791629,5.92716338571874,2393.5
117.830801586289,5.93899597786703,2395.64836841572
117.817979223744,5.95458300164319,2398.47391666304
117.805128032097,5.97020388586897,2401.3004964165
117.779338769614,6.00154766797436,2406.95675270202
117.753433006483,6.03302819829299,2412.61714179685
117.727409944129,6.06464635696815,2418.28166823218
117.670332816763,6.13397800436171,2430.63099049315
117.612687185056,6.2039757859725,2443
117.495410979299,6.34630473531528,2467.84827539613
117.436542272738,6.4177096497401,2480.16420665138
117.377077605657,6.48981029753554,2492.5
117.256428706138,6.63601155230103,2517.20988262419
117.13328429164,6.78511731460713,2542
117.062939830483,6.8702366456029,2555.96968856544
116.991763559018,6.95632105582681,2569.96536136428
116.990046056499,6.95839777657651,2570.30136722411
116.988328066576,6.9604750620959,2570.63738807489
116.984890623678,6.96463132835052,2571.3094747533
116.978009879762,6.9729506480869,2572.65382804564
116.964224912065,6.98961648748423,2575.34325459725
116.936560676417,7.02305737578993,2580.72498936814
116.880851929921,7.09037929614813,2591.5
116.816229189103,7.16844047084569,2603.89554466347
116.750916348481,7.24729891303919,2616.31173760945
116.660571094749,7.35632046479218,2633.30425228385
116.619284616204,7.40611795975857,2641
116.552572392254,7.48655074987325,2653.34395023328
116.485136873989,7.56781524702925,2665.70856565713
116.416965961621,7.64992429853143,2678.09389820886
116.348047269763,7.73289102525476,2690.5
116.320463288425,7.76608537400057,2695.43330787115
116.257932427579,7.84130847877746,2706.54938086619
116.194777069488,7.91724587797732,2717.68249439006
116.066554186126,8.0713042136085,2740
116.037649531663,8.10601120559219,2744.97932763395
115.972487952131,8.18422388052451,2756.13924688407
115.906746442141,8.26309095093325,2767.30765889383
115.840416775832,8.34262079274566,2778.48457336147
115.773490560494,8.42282193144181,2789.67
115.72156192011,8.48502002437339,2798.28585062775
115.596618607205,8.63456123022532,2818.79348811137
115.469567967855,8.78646172975744,2839.33
115.400343969158,8.8691551968117,2850.3872878975
115.27815800017,9.01499367584848,2869.68099414036
115.216326520332,9.08873431014433,2879.33733150893
115.153994232268,9.16303095867096,2889
115.153255003795,9.16391182848445,2889.1000846569
115.152515662966,9.16479282631248,2889.20017366278
115.151036644137,9.1665552061211,2889.40036472264
115.148077257074,9.1700815031143,2889.80079904268
115.14215307959,9.17714025273586,2890.60187654757
115.130283065103,9.1912824236796,2892.20486752515
115.106456027648,9.21966584739747,2895.41419742546
115.058450926902,9.27683221062324,2901.84628168333
115.009971964642,9.33453747070028,2908.29632769777
114.961012052518,9.39278916640354,2914.76441081194
114.867322678645,9.50418573853712,2927.01472392131
114.771846009434,9.61760718684082,2939.33
114.670890682718,9.73742578031847,2952.17095087527
114.619659517404,9.79818524484564,2958.61750086836
114.567915884876,9.85952211185969,2965.08152815299
114.468752584607,9.97698429319771,2977.33921702579
114.36767817378,10.0965930000468,2989.66
114.260857041127,10.2228721938186,3002.49571543133
114.151877050645,10.3515643005042,3015.39890143113
114.046768859176,10.47554966347,3027.66381416945
113.939609504185,10.6018170473879,3039.99
113.826420253926,10.73503715046,3052.81908434385
113.710914287197,10.8708208195141,3065.71352997519
113.599311092898,11.0018583600152,3077.98700900047
113.485496754079,11.135330267896,3090.32
113.365285210055,11.2761249773821,3103.14955388861
113.242574029073,11.4196553131023,3116.04247592231
113.123875962953,11.5583051437006,3128.32235675033
113.002784254238,11.6995599815139,3140.66
112.874959685089,11.8484573370116,3153.48051912725
112.744428437618,12.0002811276591,3166.3623986169
112.61792885764,12.1471949766338,3178.6481624524
112.488824448929,12.2969078013808,3190.99
112.213229468373,12.6157197444556,3216.69183982688
112.078148578072,12.7715922857544,3228.97873402073
111.94021894747,12.9304831468227,3241.32
111.653022417345,13.2604414656341,3266.37483646147
111.353087981296,13.6037382857214,3291.65
111.243952116342,13.7283185182539,3300.62894076405
111.164780364908,13.8185816309314,3307.07193322699
111.037138194372,13.9639047180791,3317.33618064189
110.765708068184,14.2721010433517,3338.6688674973
110.722811686161,14.3207033734566,3341.98
110.536284015322,14.5317073228273,3356.19208780315
110.344843575005,14.7476974685628,3370.47067351015
110.195876110023,14.915363669836,3381.37088028597
110.043838380541,15.0861172268538,3392.31
110.043076657093,15.0869717765168,3392.36434000005
109.901820979225,15.2452781562695,3402.36247766525
109.433117694921,15.7682069420014,3434.44472730291
109.309424008793,15.9056009785046,3442.64
108.936242474694,16.3185478248152,3466.70910756626
108.60073613193,16.6877675154542,3487.5369695979
108.511194227668,16.7859769785822,3492.97
108.409061381847,16.897825100377,3499.1039710572
107.846446366947,17.5106553813885,3531.7293278752
107.638600954707,17.735620793525,3543.3
107.244471868935,18.1600620740755,3564.56143118921
106.826870315582,18.6066687786195,3586.15679406558
106.677831019172,18.7652758628167,3593.64
106.59932813179,18.8486513560192,3597.53542656682
105.902224515663,19.5839199223174,3630.78033222899
105.611190797759,19.8881437729184,3643.97
105.146540101219,20.3704583949562,3664.23116754033
104.565547711382,20.9675972279256,3688.25154454241
104.413658400518,21.1226089436193,3694.3
104.322537445121,21.215383175933,3697.88393367011
103.415077468199,22.1302379088828,3731.82301655774
103.049602433003,22.4939945308548,3744.63
102.408466188818,23.1255303255425,3765.97595971175
101.494494754566,24.0111780311601,3794.08314579437
101.464549809135,24.0399019493661,3794.96
101.278681275952,24.2177739447456,3800.34253176438
99.9872933900103,25.4336501489753,3835.00544199814
99.5678101330179,25.8210618202112,3845.29
98.4800689953167,26.8083186045113,3869.90796215946
98.3285204714278,26.9438790658585,3873.11357344114
98.1742960290255,27.0813333762013,3876.32157748084
97.8573856505025,27.3622006360281,3882.74477455844
97.1862410167279,27.949982943893,3895.62
97.0495346494787,28.0685382260913,3898.12496232423
96.7409759476288,28.3346721626268,3903.63740321895
96.0603921533215,28.9145507258451,3915.12230326423
95.3180349681891,29.5358940401241,3926.63688105051
93.8952287181649,30.6943334013864,3945.95
93.0917928646528,31.3297706510524,3955.36729693952
92.9760578484643,31.4201989023062,3956.64036192071
92.8583770800516,31.5118625637384,3957.91377751133
92.7386671082756,31.6048123908188,3959.18754385624
92.6168383675381,31.6991028248149,3960.46166110037
92.3664319098962,31.8919439890657,3963.01094886649
92.1062918076688,32.0909115962227,3965.5616419708
91.8354020844095,32.2966215173848,3968.11374157569
91.5525573158806,32.5098036103293,3970.66724884483
90.9448932665348,32.9622776826731,3975.77849103703
90.2672055992251,33.4580491568708,3980.89537788254
89.4933563196468,34.0128608281913,3986.01791873711
88.5752903326979,34.6555926856576,3991.1461229772
87.4030415643495,35.4521882871807,3996.28
83.5666837042373,37.8760195963618,4003.19465416396
79.4767191049794,40.1670698912116,3996.28
78.1174594532962,40.8653936353924,3991.1461229772
77.0137625565924,41.4102753624606,3986.01791873711
76.0555608480154,41.867609410174,3980.89537788254
75.1947515550547,42.2662544987701,3975.77849103703
74.4051680462727,42.6219420154933,3970.66724884483
74.0318076816839,42.7868558695429,3968.11374157569
73.6706958610023,42.9443801375464,3965.5616419708
73.3206253657759,43.0952441707625,3963.01094886649
72.9805785886129,43.2400634170288,3960.46166110037
72.814037968881,43.3103733866333,3959.18754385624
72.6496880822631,43.3793630337112,3957.91377751133
72.4874391913979,43.4470867628871,3956.64036192071
72.3272076786051,43.5135952956121,3955.36729693952
71.1964519739239,43.9725132340876,3945.95
69.1127131995017,44.7714513007585,3926.63688105051
67.9828572516916,45.1800774029501,3915.12230326423
66.9205478077758,45.5489745951474,3903.63740321895
66.4304427107069,45.7142613747762,3898.12496232423
66.2115936334174,45.78707915718,3895.62
65.1218125037763,46.1407065507907,3882.74477455844
64.5982703197341,46.3053418311559,3876.32157748084
64.3413927654513,46.3848898607274,3873.11357344114
64.0876298000127,46.4626832912618,3869.90796215946
62.2268418226499,47.009504161945,3845.29
61.4905820506323,47.214596489855,3835.00544199814
59.1580142672967,47.8234637348532,3800.34253176438
58.8140456462426,47.9080994920197,3794.96
58.7584349142498,47.9216606184971,3794.08314579437
57.0351129174286,48.3252470728833,3765.97595971175
55.7962293036775,48.5957810569226,3744.63
55.0789843230121,48.7450637581145,3731.82301655774
53.2637287250903,49.099303137575,3697.88393367011
53.0787665887724,49.1335267912957,3694.3
52.7693723688525,49.1900096344687,3688.25154454241
51.573519460472,49.3993993032619,3664.23116754033
50.6031576530398,49.5590053574992,3643.97
49.9891392748355,49.6552923411215,3630.78033222899
48.499250694149,49.8739614417697,3597.53542656682
48.3298040803016,49.8975010245148,3593.64
48.0071924929574,49.9415734651888,3586.15679406558
47.0969469948741,50.0606860941917,3564.56143118921
46.2295026987515,50.1670571976382,3543.3
45.7688528816244,50.2207344470318,3531.7293278752
44.5111388926932,50.3574481340039,3499.1039710572
44.2811714640798,50.380897441349,3492.97
44.0791454868649,50.4011047308437,3487.5369695979
43.3188246415927,50.4738720831087,3466.70910756626
42.4670721252848,50.5492616268249,3442.64
42.1833843505734,50.572940790308,3434.44472730291
41.1024562216962,50.6566510041771,3402.36247766525
40.7748896982373,50.6799893044005,3392.36434000005
40.773121084361,50.6801127597686,3392.31
40.419643090656,50.7042369421168,3381.37088028597
40.0724118569859,50.7268710304157,3370.47067351015
39.62491236947,50.7544896912854,3356.19208780315
39.1875593375386,50.7797979223673,3341.98
39.0867969412586,50.7853931634152,3338.6688674973
38.4476697526783,50.818833004225,3317.33618064189
38.1462138509803,50.8333781813619,3307.07193322699
37.9589496751023,50.8420181651931,3300.62894076405
37.700463902942,50.8534468157451,3291.65
36.9880594754762,50.88196394794,3266.37483646147
36.3032575707913,50.905260666833,3241.32
35.973494613217,50.9150427053671,3228.97873402073
35.6500116657429,50.9237323727788,3216.69183982688
34.9884722027344,50.9387120806363,3190.99
34.6778786593215,50.9444529668448,3178.6481624524
34.3731430992741,50.9492837543351,3166.3623986169
34.0582857327629,50.9534411837922,3153.48051912725
33.7495682914805,50.9566950472548,3140.66
33.4567697724885,50.9590288669897,3128.32235675033
33.1694479765098,50.9606072597901,3116.04247592231
32.8721005380143,50.9614984537529,3103.14955388861
32.5805152637001,50.9616392394362,3090.32
32.3041891878553,50.9611026945116,3077.98700900047
32.0329980859583,50.9599421875111,3065.71352997519
31.7520905642632,50.9580778875049,3052.81908434385
31.4765978856787,50.9555949034336,3039.99
31.2155907813459,50.9526443215247,3027.66381416945
30.9594081978984,50.9491821546111,3015.39890143113
30.69361846045,50.9449971707509,3002.49571543133
30.4329345500596,50.9403057496117,2989.66
30.1861375822331,50.9353284874248,2977.33921702579
29.9438847653778,50.9299358371297,2965.08152815299
29.8174310123484,50.9269213008347,2958.61750086836
29.6922000855477,50.9238009192605,2952.17095087527
29.4453397166351,50.9172563229118,2939.33
29.2117812554247,50.910583364911,2927.01472392131
28.9825117234692,50.9035777685638,2914.76441081194
28.8626699922261,50.8997362996734,2908.29632769777
28.7439858245164,50.895810378772,2901.84628168333
28.6264432772041,50.8918029502442,2895.41419742546
28.5680951846374,50.8897695661073,2892.20486752515
28.5390260897215,50.888745610341,2890.60187654757
28.5245176755178,50.8882318354882,2889.80079904268
28.5172699887118,50.8879745011722,2889.40036472264
28.5136477737591,50.887845722585,2889.20017366278
28.5118370731925,50.8877813054706,2889.1000846569
28.5100266438222,50.887716869823,2889
28.3573559288309,50.8821817102891,2879.33733150893
28.2058857328587,50.8764919405706,2869.68099414036
27.906493955611,50.8646647333286,2850.3872878975
27.7368378216078,50.8576198627958,2839.33
27.4253990329513,50.844041546861,2818.79348811137
27.1190634072866,50.8298689088377,2798.28585062775
26.9917301689329,50.8237392377669,2789.67
26.8276112961832,50.8156318972534,2778.48457336147
26.6649458285042,50.8073663196769,2767.30765889383
26.5037155931538,50.7989475096631,2756.13924688407
26.3439027065635,50.7903803365691,2744.97932763395
26.273011190345,50.7865090873964,2740
25.9585299060596,50.7688097822717,2717.68249439006
25.8036362848326,50.7597763277775,2706.54938086619
25.6502781621123,50.7506267965893,2695.43330787115
25.5826296237654,50.7465257255648,2690.5
25.4136153370549,50.7361053038674,2678.09389820886
25.2464450490948,50.7255535818474,2665.70856565713
25.0810903918129,50.7148765382534,2653.34395023328
24.9175235577653,50.7040799483034,2641
24.8163043414724,50.697281587681,2633.30425228385
24.5948356139132,50.6820939789772,2616.31173760945
24.4347537837983,50.6708485398432,2603.89554466347
24.2763850535016,50.6595022786964,2591.5
24.1398803850217,50.6495457675622,2580.72498936814
24.0721008569765,50.6445411685883,2575.34325459725
24.0383283943431,50.6420324550462,2572.65382804564
24.0214713767408,50.6407765159363,2571.3094747533
24.0130501574693,50.640148153425,2570.63738807489
24.0088413684819,50.6398338742576,2570.30136722411
24.0046337926013,50.6395195299403,2569.96536136428
23.830281809182,50.6263568771095,2555.96968856544
23.6580022385065,50.6130877368378,2542
23.3565022468146,50.5892359978487,2517.20988262419
23.0612360747133,50.5650989552239,2492.5
22.9157562822762,50.5529226653169,2480.16420665138
22.7717685051682,50.5406865077555,2467.84827539613
22.4850278291057,50.5157708776698,2443
22.3441391062793,50.5032608527442,2430.63099049315
22.204677420908,50.4907034604139,2418.28166823218
22.1411057129921,50.4849218236028,2412.61714179685
22.0778286863302,50.4791311906805,2406.95675270202
22.0148444065514,50.4733318635156,2401.3004964165
21.9834614451385,50.4704290324823,2398.47391666304
21.9521509524715,50.4675241389484,2395.64836841572
21.928385156218,50.4653133732446,2393.5
21.6931348583418,50.4431572984571,2372.0612614952
21.3903769971456,50.4139140107063,2344
21.1290913117446,50.3880151373203,2319.34536379588
21.0818456048933,50.3832665678367,2314.84316635167
20.9755619973174,50.3725107704193,2304.66492071891
20.8701399991837,50.3617416289858,2294.5
20.6160302027346,50.3353714929383,2269.71064065429
20.3668628358234,50.3089475037775,2245
20.2378021059794,50.295039667651,2232.04013039989
20.1222726334227,50.2824618233296,2220.34447117778
20.0004367072718,50.2690660665665,2207.91232549126
19.8797797860725,50.2556669274843,2195.5
19.6474406693793,50.2294918771801,2171.31202186828
19.4194214144682,50.2033246261355,2147.19913328747
19.4081744131822,50.202021636318,2146
19.1956087979876,50.1771777331801,2123.16098513565
18.9513732874076,50.1481210008463,2096.5
18.7295979319883,50.1212615394778,2071.89234040359
18.6269246355763,50.1086733106037,2060.36870830591
18.5087440085669,50.0940634681396,2047
18.2922094977884,50.0669601292001,2022.2100063482
18.1854541130715,50.0534380655344,2009.84502897631
18.079689001036,50.0399373065627,1997.5
18.0273297578994,50.033215335598,1991.35328510815
17.9752126800109,50.0264991857403,1985.21157586195
17.9233361800025,50.019788988173,1979.07486614926
17.8716986839673,50.013084871501,1972.94314986794
17.8659370295768,50.0123352964729,1972.25753325194
17.8601783443339,50.011585799295,1971.5719790383
17.7614794576526,49.9986921147851,1959.77676083581
17.6636493452062,49.9858224342094,1948
17.5613593703008,49.9722706661093,1935.59437804998
17.4600119951075,49.9587474982556,1923.2092043829
17.3595949335143,49.9452538380089,1910.84442848281
17.2600961062803,49.9317905555731,1898.5
17.1619016841152,49.9184128976362,1886.22570701501
17.0645991896506,49.9050676006227,1873.9718514899
16.9661115582004,49.891469281619,1861.47531612652
16.9172085138261,49.8846833203873,1855.23500903794
16.8685306778652,49.8779062835861,1849
16.8660477585841,49.8775600087311,1848.68134029567
16.863565424781,49.8772137575607,1848.36269448377
16.7704957909021,49.8641899922491,1836.37139519048
16.6782460484981,49.8512004648115,1824.39975341869
16.4884835483396,49.8242279804648,1799.5
16.397173112519,49.8111280813673,1787.3853461322
16.3066726362533,49.7980665604321,1775.29117016255
16.2126566626322,49.7844155222127,1762.63439076853
16.1195081724964,49.770807796226,1750
16.1081654058786,49.7691451493997,1748.45502649824
15.9405239870461,49.7444293992926,1725.4548124004
15.7611871266908,49.717693369821,1700.5
15.6766736273713,49.7049876040351,1688.61198033775
15.5928905138534,49.6923243526156,1676.74440637374
15.5025853114061,49.6786002230767,1663.8601754062
15.4131222710216,49.6649271592101,1651
15.3824849695123,49.6602270992396,1646.57372505332
15.2444330638663,49.6389369869087,1626.48639000535
15.0749385555943,49.6125476676786,1601.5
14.9999262930332,49.6007805163228,1590.32581136295
14.9255205314235,49.5890549849161,1579.170417641
14.8354581570326,49.5747907592097,1565.57126913744
14.7462777770849,49.5605891045881,1552
14.6864182448838,49.5510136017338,1542.83118695309
14.5873172589751,49.5350846258096,1527.54507831142
14.426804712807,49.5090829093057,1502.5
14.3634148339519,49.498745448021,1492.51001140198
14.3004833602712,49.4884441461535,1482.53582354711
14.2078494700739,49.4732107983027,1467.75058586692
14.1162014800509,49.4580574073749,1453
14.0206916511962,49.4421784060661,1437.49595584382
13.9658219747739,49.4330157987409,1428.52728207025
13.8896486388017,49.4202469924823,1416.00091043435
13.8141624164293,49.4075374229166,1403.5
13.7462844883081,49.3960612561922,1392.1836683677
13.678963287217,49.3846346504551,1380.88870621486
13.6121923919665,49.3732575695095,1369.61505306817
13.545965477202,49.3619299696649,1358.36264868231
13.5204003773353,49.3575457376567,1354
13.4159104537331,49.3395596889139,1336.05757999491
13.3702026160054,49.3316581513,1328.15206802809
13.3247573006981,49.3237816060064,1320.25731532995
13.2795723876195,49.3159300235402,1312.37329995064
13.2346457787542,49.3081033729008,1304.5
13.165249976336,49.2959748219,1292.27046329956
13.1307840977642,49.2899334295895,1286.16558487831
13.0964716143154,49.2839072696542,1280.0672855322
13.0930709528563,49.2833093918753,1279.46176837359
13.0896717951059,49.2827116642483,1278.85631604003
13.0729156065623,49.2797634897077,1275.86876266185
13.0561959191882,49.276818970742,1272.88278717215
13.0228656029977,49.2709408907251,1266.91556486065
12.9896799548172,49.26507740521,1260.95463912357
12.9566380920671,49.25922849516,1255
12.9448168315335,49.2571333274601,1252.86486936871
12.909269040584,49.250824595151,1246.42905929664
12.8915581062719,49.2476767297111,1243.21398312205
12.8738889611811,49.2445331935983,1240.00079064521
12.856261466728,49.2413939832917,1236.78948021112
12.8386754849254,49.2382590952384,1233.58005016674
12.8298980181454,49.2366932709086,1231.97603977464
12.8211308780514,49.2351285257955,1230.37249886094
12.812374047561,49.2335648594463,1228.76942721957
12.8079994930686,49.2327834306624,1227.96806731163
12.803627509588,49.2320022713987,1227.16682464455
12.744645774698,49.2214452286515,1216.32268603573
12.6861303553572,49.2109375048551,1205.5
12.6194162901305,49.1989160055452,1193.08182241803
12.5533097293499,49.1869602890225,1180.69249676883
12.4878029273748,49.1750701043639,1168.33192261882
12.4228882661901,49.1632451949954,1156
12.2960522203049,49.1400192409654,1131.66158906888
12.2310695978188,49.1280574632897,1119.06540313811
12.1666893974613,49.1161649029043,1106.5
12.1046312304904,49.1046619771475,1094.30565081738
12.0431345178337,49.0932250288873,1082.1409665081
11.9799340264454,49.0814316716981,1069.5546440837
11.9173221504317,49.0697085866144,1057
11.8569919376336,49.0583754190151,1044.82116506304
11.7972105838997,49.0471092248519,1032.67290433428
11.7356079405531,49.0354621361055,1020.07004160769
11.6745837918147,49.0238866989181,1007.5
11.6158664924835,49.0127133636299,995.323620858176
11.5576870602602,49.0016080329683,983.178802118096
11.4977005139875,48.990121929465,970.572443581608
11.4382815193618,48.9787086043882,958
11.4096704707542,48.9732001821955,951.91554374812
11.3811919776471,48.9677090440998,945.839249902263
11.324629258009,48.9567784065403,933.711083816563
11.2953198804395,48.9511016599226,927.395103104456
11.2661511630114,48.9454435004112,921.087941193903
11.2082319729943,48.9341826992096,908.5
11.1804125814514,48.9287618609398,902.423247724747
11.1527232267841,48.9233585474815,896.354941210249
11.0977312680351,48.9126042626602,884.243595131338
11.0691569570698,48.907004087198,877.918955197763
11.0407213876873,48.9014228475036,871.60348931928
10.9842627514345,48.8903169094737,859
10.9571255089206,48.8849671955014,852.91138122816
10.9301163622205,48.879635273138,846.831503704974
10.8764790182679,48.8690245527724,834.697897215213
10.8487081421279,48.8635192781544,828.384305116467
10.8210729508411,48.8580330772666,822.080138932514
10.7662059646457,48.8471176139285,809.5
10.7136679101648,48.8366366056558,797.373209296456
10.6875860768093,48.8314229463815,791.323321138095
10.6616279477237,48.8262270947379,785.282411049003
10.6074974600572,48.8153699635877,772.621532191134
10.5806332342083,48.8099705576147,766.3058592348
10.5672509735808,48.8072781107735,763.151704332378
10.553901796334,48.8045904886074,760
10.501808315385,48.7940848769149,747.624980525305
10.4621113226872,48.786060525435,738.10585056905
10.423049711288,48.7781487935882,728.662576868828
10.3846097481804,48.7703476477696,719.29425629553
10.3467780757206,48.7626550978343,710
10.3220848948983,48.7576261278034,703.893262828064
10.2976482757915,48.7526432227123,697.818265601651
10.2972325868705,48.7525584057605,697.714649662011
10.2495304864105,48.7428134595516,685.762506287605
10.2487162402223,48.7426469154443,685.557420936635
10.2254391955509,48.7378829872832,679.679239165515
10.2023963932048,48.7331614916768,673.830777988988
10.1887664354934,48.7303661180451,670.357470241551
10.1752179642494,48.7275855551771,666.894602614602
10.1617503200621,48.7248197014013,663.442128107172
10.1550466024843,48.7234422585879,661.719773662561
10.1483628474598,48.7220684552998,660
10.1028795931401,48.712707400019,647.44308825296
10.1003985475768,48.7121961528639,646.754516626808
10.0582713926198,48.7035056629114,635.004994961893
10.0534070092274,48.7025009975994,633.641205778202
10.0145155663197,48.6944597468737,622.6840416075
10.0073616649189,48.6929788905948,620.658098913648
9.97159017611837,48.6855662461712,610.478581138349
9.96991552081077,48.6852188956499,610
9.96223686152166,48.6836258457059,607.803266391352
9.92947399547663,48.6768218436775,598.386997236882
9.92742019278411,48.6763949511467,597.794365946859
9.88572820649371,48.6677196171807,585.703166460287
9.84481905275692,48.6591896432655,573.724799718285
9.79842275308609,48.6494945119974,560
9.77559854714907,48.6447168789705,553.192741540924
9.7576049073798,48.6409465774108,547.800018114301
9.74752305854157,48.6388326032066,544.768301784382
9.73748961929088,48.636727730052,541.743844590016
9.72750427532102,48.6346319069469,538.726620490491
9.71756671490959,48.632545083236,535.716603569497
9.71349364244566,48.6316894673497,534.480806121155
9.71146011048158,48.6312622258918,533.863362308618
9.71044409440539,48.6310487465952,533.554754032585
9.70942857782644,48.6308353615152,533.246221472873
9.70487967847488,48.6298793938567,531.863248856533
9.70034079196317,48.6289253157849,530.481796516729
9.69807509413349,48.6284489838087,529.791639667362
9.69581188833884,48.627973122405,529.101861948018
9.69355117086884,48.6274977309676,528.412463046378
9.69242174408997,48.6272602112955,528.067905554689
9.69185726348829,48.6271414954382,527.895662281578
9.69129293800209,48.6270228088877,527.723442650462
9.68059123375114,48.6247714441215,524.453026404614
9.67828815928591,48.6242867802667,523.748093657487
9.65215464957501,48.6187833199437,515.721110339925
9.63363045373329,48.6148779980213,510
9.60540430989683,48.6089204096224,501.231837635871
9.57205999425643,48.601871846478,490.793867695779
9.53926895333332,48.5949289290699,480.443297181012
9.50701883568783,48.5880895977728,470.179032946135
9.47529763735031,48.5813518414693,460
9.46015115122739,48.5781309372996,455.110153799645
9.44512421674347,48.574933086944,450.239855181777
9.43021556103416,48.5717580749716,445.388987165494
9.41542392835953,48.5686056883939,440.55743370145
9.40074807982481,48.565475716633,435.745079662605
9.38618679310657,48.5623679514903,430.951810835079
9.3717388621841,48.5592821871161,426.177513909115
9.35740309707595,48.5562182199782,421.42207647015
9.34879050676167,48.5543764263214,418.556340878194
9.34021822298449,48.5525424811298,415.697432495386
9.33168599113498,48.5507163406419,412.845326953464
9.32743481512286,48.5498061834495,411.421817664446
9.32319355753673,48.5488979611572,410
9.2927504395135,48.5423733464755,399.307878836069
9.26277618449969,48.5359397318419,388.697138499809
9.23326107250955,48.5295954636729,378.166853394176
9.20419563756414,48.5233389247599,367.716111905669
9.1828796915663,48.5187448836371,360
9.17557063028346,48.5171685270154,357.344016141245
9.15601938141884,48.5129491220535,350.213610508655
9.14737709567349,48.5110827290097,347.049681671167
9.12954189148171,48.5072285479618,340.49665633665
9.10343990890705,48.5015818945496,330.84840112145
9.07770624068472,48.4960079087197,321.268118876023
9.04767245101336,48.4894936983915,310
9.02180166638625,48.4838748199929,300.217481876511
8.99630339944528,48.4783299560792,290.505624974055
8.9711704362097,48.4728578320965,280.863666446062
8.94639573867848,48.4674572002103,271.290854387338
8.91740116360634,48.4611284634978,260
8.8924869397699,48.455683277964,250.221496159884
8.86793531589926,48.4503109366961,240.514923480173
8.84373919915285,48.4450101640703,230.879491175603
8.81989167136136,48.4397797117175,221.314420010072
8.8058369278676,48.4366942875762,215.644922069009
8.7919022864173,48.4336331695316,210
8.77858160938916,48.4307050074212,204.581591531031
8.76529591777059,48.4277826681603,199.16578174378
8.73882897051971,48.4219554008324,188.341950740003
8.7245957305703,48.4188185845279,182.501932901358
8.71040267300081,48.415688490258,176.664936727765
8.68213646292797,48.40944839631,165
8.67600031174224,48.4080926526956,162.460614540196
8.65201362893495,48.402789122961,152.509498489537
8.62814179901635,48.3975049384123,142.567164179106
8.6139514372513,48.3943609489057,136.638571687629
8.59408715005397,48.3899562711194,128.316210957766
8.57430222505914,48.3855650334221,120
8.55575438813355,48.3814445963453,112.178010498598
8.52882596764731,48.375455901967,100.775120697231
8.5151162088395,48.3724039906541,94.9483509011809
8.50145289978509,48.3693604346188,89.126912393105
8.4878358208032,48.3663252046343,83.3107978594423
8.47426475355655,48.3632982715873,77.5
8.46193306733106,48.3605460776087,72.2074135776759
8.4496392750243,48.3578007327485,66.9192339716901
8.43738321410292,48.3550622151958,61.6354556803995
8.42516472293529,48.3523305032169,56.3560732113143
8.41282039004825,48.349569044985,51.0103056534594
8.40051431082556,48.3468145315515,45.6690413893526
8.38824631983464,48.3440669405374,40.3322747310044
8.38212655577175,48.3426957339194,37.6655762291114
8.37907022265681,48.3420107766215,36.332647874741
8.37754294221364,48.3416684593243,35.6662888829499
8.37601625209015,48.3413262495375,35
8.37243039073718,48.3405223760368,33.125
8.36884678677691,48.3397188719178,31.25
8.36168634254173,48.3381129709198,27.5
8.35882468694925,48.3374710235693,26
8.35453490242563,48.3365085447341,23.75
8.35096255362414,48.3357068841311,21.875
8.34917722111371,48.3353061918532,20.9375
8.34828476521572,48.3351058802079,20.46875
8.34739244951194,48.3349055915536,20
8.3428478426747,48.333885380293,17.3283812080545
8.33830727116883,48.3328658553583,14.6567624161089
8.33208631902164,48.3314686669538,10.9925718120812
8.32587293378243,48.3300727667518,7.32838120805445
8.31966710169064,48.3286781531182,3.66419060402677
8.316567013784,48.3279813282545,1.83209530201384
8.3150176761158,48.3276330362218,0.916047651006011
8.31424318375937,48.327458920294,0.458023825503005
8.31346880901908,48.3272848244212,0
