138.93,29.97,406
138.923733458826,29.9792826252904,410
138.921401796932,29.9827359967158,411.421817664446
138.919064527415,29.9861973912167,412.845326953464
138.914373092408,29.993144349565,415.697432495386
138.909659004916,30.0001237043903,418.556340878194
138.904922115428,30.0071356604475,421.42207647015
138.897036086708,30.0188066719962,426.177513909115
138.889086562965,30.0305683980876,430.951810835079
138.881072844326,30.0424217955829,435.745079662605
138.872994221013,30.0543678341944,440.55743370145
138.864849973176,30.0664074966966,445.388987165494
138.856639370716,30.0785417791409,450.239855181777
138.848361673102,30.090771691076,455.110153799645
138.840016129191,30.1030982557708,460
138.822531616143,30.1289116163533,470.179032946135
138.804746533761,30.155152507544,480.443297181012
138.786653775155,30.1818305775099,490.793867695779
138.768246016689,30.208955752841,501.231837635871
138.752656057634,30.231914996279,510
138.742420866759,30.2469814721123,515.721110339925
138.727976100676,30.2682353431394,523.748093657487
138.726702831025,30.2701083010364,524.453026404614
138.720785703072,30.2788111957422,527.723442650462
138.720473650897,30.2792701109528,527.895662281578
138.7201615101,30.2797291514586,528.067905554689
138.719536962507,30.2806476085394,528.412463046378
138.718286802359,30.282486028272,529.101861948018
138.717035220406,30.2843264579304,529.791639667362
138.715782214435,30.2861689004958,530.481796516729
138.713271921628,30.2898598361897,531.863248856533
138.71075590606,30.2935588594235,533.246221472873
138.710194194222,30.2943846383975,533.554754032585
138.709632196853,30.2952108208161,533.863362308618
138.708507344736,30.2968643970466,534.480806121155
138.706254205431,30.3001764025421,535.716603569497
138.700756328749,30.308256913587,538.726620490491
138.695231123563,30.3163760171783,541.743844590016
138.689678403502,30.3245339637423,544.768301784382
138.684097980561,30.3327310057774,547.800018114301
138.674136012686,30.3473600668908,553.192741540924
138.66149545535,30.3659152322493,560
138.635785610521,30.4036294311335,573.724799718285
138.613100156687,30.4368787459795,585.703166460287
138.589964871947,30.4707599883766,597.794365946859
138.588824785382,30.4724289117021,598.386997236882
138.570632550469,30.4990506558189,607.803266391352
138.566367392844,30.505289633486,610
138.565437123279,30.5066502863325,610.478581138349
138.54555991253,30.5357128850251,620.658098913648
138.541583270775,30.5415247100976,622.6840416075
138.51995637019,30.573117932722,633.641205778202
138.517250376552,30.5770692296802,635.004994961893
138.493806363631,30.6112863999926,646.754516626808
138.492425130198,30.6133014626647,647.44308825296
138.467093741447,30.6502396216586,660
138.463356454441,30.6556865200178,661.719773662561
138.459607539696,30.661149641152,663.442128107172
138.452074629195,30.6721248129443,666.894602614602
138.444494606542,30.6831656702283,670.357470241551
138.436867065546,30.6942727492956,673.830777988988
138.423967539246,30.7130499624832,679.679239165515
138.410931245179,30.7320175415343,685.557420936635
138.410475124352,30.7326810306163,685.762506287605
138.383741423242,30.7715500493946,697.714649662011
138.383508353293,30.7718887554899,697.818265601651
138.369803938909,30.7917996058922,703.893262828064
138.355949228032,30.8119189748125,710
138.334710300607,30.8427422532269,719.29425629553
138.31311426221,30.8740599502071,728.662576868828
138.291152782726,30.9058829429993,738.10585056905
138.268817279204,30.9382224171951,747.624980525305
138.2394810828,30.9806591121765,760
138.231959074367,30.9915330399632,763.151704332378
138.224416990059,31.0024330636429,766.3058592348
138.20927228784,31.0243117476548,772.621532191134
138.178738580461,31.0683861335729,785.282411049003
138.164087823211,31.0895169693995,791.323321138095
138.149361745148,31.1107453053094,797.373209296456
138.119681408087,31.1534969907374,809.5
138.088661379421,31.198129925097,822.080138932514
138.073028025224,31.2206050965276,828.384305116467
138.057311612033,31.2431870046022,834.697897215213
138.02693860866,31.2867920304824,846.831503704974
138.011635267143,31.3087443127716,852.91138122816
137.996253268892,31.3307972929944,859
137.964231704967,31.376667199622,871.60348931928
137.94809392508,31.399764102968,877.918955197763
137.931870622613,31.4229699211316,884.243595131338
137.900629279488,31.4676194621614,896.354941210249
137.884889150956,31.4900959677066,902.423247724747
137.869068606367,31.5126744854628,908.5
137.836109776483,31.5596708837193,921.087941193903
137.819500645553,31.5833329174427,927.395103104456
137.802804165684,31.6071051234851,933.711083816563
137.770561824387,31.652970823663,945.839249902263
137.754317959805,31.6760580095927,951.91554374812
137.737991501485,31.6992489497254,958
137.704062569667,31.7473996356889,970.572443581608
137.669778801092,31.7959939592248,983.178802118096
137.636498163579,31.8431088236587,995.323620858176
137.602880060327,31.8906438369769,1007.5
137.567909365848,31.9400299707999,1020.07004160769
137.532574135696,31.9898673347098,1032.67290433428
137.498251704029,32.0382150748383,1044.82116506304
137.463582136353,32.0869906419047,1057
137.427567243399,32.1375938405651,1069.5546440837
137.391178376821,32.1886551836235,1082.1409665081
137.355736167805,32.2383231497389,1094.30565081738
137.319935869102,32.2884278304252,1106.5
137.282759248002,32.3403895346747,1119.06540313811
137.245196615273,32.3928191691777,1131.66158906888
137.171768954848,32.495101220084,1156
137.134131434146,32.5474224390063,1168.33192261882
137.096111085213,32.6002026206,1180.69249676883
137.057702175647,32.6534475207898,1193.08182241803
137.018898856704,32.7071629915885,1205.5
136.984829749557,32.7542617901356,1216.32268603573
136.95045646465,32.8017213367491,1227.16682464455
136.947907256187,32.8052386647976,1227.96806731163
136.94535636723,32.8087579812313,1228.76942721957
136.940249541347,32.8158025856408,1230.37249886094
136.935135973922,32.8228551628748,1231.97603977464
136.930015651868,32.8299157258224,1233.58005016674
136.919754691564,32.844060860265,1236.78948021112
136.909466554843,32.8582380929237,1240.00079064521
136.899151135768,32.8724475279127,1243.21398312205
136.888808327841,32.8866892697956,1246.42905929664
136.868040118336,32.9152700924084,1252.86486936871
136.861131058135,32.9247733623012,1255
136.841812287156,32.9513330855846,1260.95463912357
136.822398896653,32.9780038310571,1266.91556486065
136.802890202425,33.0047862637199,1272.88278717215
136.7930999001,33.01821957293,1275.86876266185
136.783285512223,33.0316810557242,1278.85631604003
136.781294235453,33.0344117093405,1279.46176837359
136.779301965793,33.0371435234989,1280.0672855322
136.759193802164,33.0647047240718,1286.16558487831
136.738984226519,33.0923842936122,1292.27046329956
136.69825781975,33.1481014456603,1304.5
136.671866543637,33.1841621197597,1312.37329995064
136.645303540441,33.2204218699581,1320.25731532995
136.618567154488,33.2568822755269,1328.15206802809
136.591655708413,33.2935449324706,1336.05757999491
136.530057010666,33.3773258985998,1354
136.514969308009,33.3978176239581,1358.36264868231
136.475853823985,33.4508897814596,1369.61505306817
136.436372324001,33.5043803234889,1380.88870621486
136.396519709803,33.5582940069527,1392.1836683677
136.356290786303,33.6126356612276,1403.5
136.311497317605,33.6730473312381,1416.00091043435
136.266236717115,33.7339865334495,1428.52728207025
136.233597122446,33.7778688393419,1437.49595584382
136.176707725943,33.8542259260306,1453
136.122028815566,33.9274630662185,1467.75058586692
136.066671740085,34.0014558941241,1482.53582354711
136.029012585536,34.0517051539814,1492.51001140198
135.991036374249,34.102305604179,1502.5
135.894681901868,34.2303672041394,1527.54507831142
135.835052926859,34.3093859435814,1542.83118695309
135.798983494219,34.3570981316794,1552
135.745173215554,34.4281572023001,1565.57126913744
135.690741530403,34.4998902292747,1579.170417641
135.64570424904,34.559131411535,1590.32581136295
135.600237076924,34.6188358403179,1601.5
135.497267482051,34.7536693598225,1626.48639000535
135.413157535926,34.8634173072805,1646.57372505332
135.394461621989,34.8877644726602,1651
135.339806080481,34.9588417784903,1663.8601754062
135.284541587682,35.0305610080333,1676.74440637374
135.233182986018,35.0970763241492,1688.61198033775
135.181292744378,35.1641481780077,1700.5
135.070900611554,35.3063972016402,1725.4548124004
134.967357737195,35.4392764918927,1748.45502649824
134.960339602657,35.448264025588,1750
134.902646140733,35.5220557645991,1762.63439076853
134.844307262854,35.5965074073898,1775.29117016255
134.788046458673,35.6681494944068,1787.3853461322
134.731178616204,35.740407589213,1799.5
134.612659575548,35.8904952943544,1824.39975341869
134.554878353133,35.9634193727818,1836.37139519048
134.535073989563,35.9883766021181,1840.44973845757
134.496472944326,36.0369664985918,1848.36269448377
134.494913638289,36.0389277901458,1848.68134029567
134.493353884794,36.0408895265837,1849
134.462758675328,36.0793459564233,1855.23500903794
134.431990957261,36.1179734881894,1861.47531612652
134.369932059599,36.1957463316071,1873.9718514899
134.308494895859,36.2725566303761,1886.22570701501
134.246367585463,36.3500444958256,1898.5
134.183283936119,36.4285348008912,1910.84442848281
134.119483400572,36.5077222867766,1923.2092043829
134.054953476236,36.5876161185682,1935.59437804998
133.98968135849,36.6682256260829,1948
133.927120573382,36.745295176117,1959.77676083581
133.863869868389,36.8230243734955,1971.5719790383
133.860175253937,36.8275588012323,1972.25753325194
133.856478271029,36.8320954834785,1972.94314986794
133.823324183617,36.872750736319,1979.07486614926
133.789978972028,36.9135874723213,1985.21157586195
133.75644094545,36.9546068912827,1991.35328510815
133.722708392392,36.9958102038447,1997.5
133.654450130913,37.0790200881577,2009.84502897631
133.585390442178,37.1629817595422,2022.2100063482
133.444808502826,37.3332008766227,2047
133.367791850921,37.4260579974455,2060.36870830591
133.300713209499,37.5067052656974,2071.89234040359
133.155283704189,37.6808255670774,2096.5
132.994260701186,37.8724594345478,2123.16098513565
132.853366184283,38.0391456354987,2146
132.845891635669,38.0479626437021,2147.19913328747
132.693921893901,38.2266644918215,2171.31202186828
132.538214781071,38.4086527049772,2195.5
132.457006896114,38.5031238028101,2207.91232549126
132.374761758168,38.5984926193306,2220.34447117778
132.296545420921,38.6889020084511,2232.04013039989
132.208902672811,38.7898747971728,2245
132.038894874947,38.9847413783903,2269.71064065429
131.864406904429,39.1833787177297,2294.5
131.791683736317,39.265760466298,2304.66492071891
131.718165621065,39.3488004846898,2314.84316635167
131.685419883449,39.3857091134942,2319.34536379588
131.503592714748,39.5897766174551,2344
131.291330090125,39.8261346294564,2372.0612614952
131.125204132179,40.0097233519402,2393.5
131.108362632735,40.0282670731249,2395.64836841572
131.086157999983,40.0526968719633,2398.47391666304
131.063882961043,40.0771822925416,2401.3004964165
131.019120268397,40.1263207626222,2406.95675270202
130.974071729754,40.1756840292142,2412.61714179685
130.928734483594,40.2252736499593,2418.28166823218
130.828995933613,40.3340499393304,2430.63099049315
130.727843915833,40.4439235423452,2443
130.520737248049,40.6674979466033,2467.84827539613
130.416101173532,40.7797472115772,2480.16420665138
130.309941739998,40.8931480329357,2492.5
130.093101492332,41.1232760308525,2517.20988262419
129.869737931926,41.3582293224924,2542
129.741204696196,41.4924729906212,2555.96968856544
129.610445487552,41.6283267387838,2569.96536136428
129.607281388282,41.6316052085756,2570.30136722411
129.604115972455,41.6348846220517,2570.63738807489
129.597781187684,41.6414462817096,2571.3094747533
129.585095781495,41.6545809434515,2572.65382804564
129.55966142844,41.680895729679,2575.34325459725
129.508536996212,41.7337079008753,2580.72498936814
129.405252546235,41.8400686760911,2591.5
129.284879494469,41.9634661054112,2603.89554466347
129.162601169734,42.088200962216,2616.31173760945
128.992417660254,42.2607755393638,2633.30425228385
128.914240058209,42.3396523044719,2641
128.787373082181,42.4671213811382,2653.34395023328
128.658439725681,42.5959941820988,2665.70856565713
128.52738624311,42.726294608528,2678.09389820886
128.394156915611,42.8580471404831,2690.5
128.340623236114,42.9107862332485,2695.43330787115
128.218817243968,43.0303561283454,2706.54938086619
128.095156587779,43.1511403145325,2717.68249439006
127.842089268012,43.3964282429389,2740
127.784668462934,43.4517318303193,2744.97932763395
127.654724634599,43.576406173496,2756.13924688407
127.522921070125,43.7021899029787,2767.30765889383
127.389214603218,43.829098508077,2778.48457336147
127.253560654487,43.9571477825023,2789.67
127.147784588538,44.0565017502181,2798.28585062775
126.891389968743,44.2955504778952,2818.79348811137
126.62788343689,44.5386258546653,2839.33
126.483106347924,44.6710634171462,2850.3872878975
126.225451865776,44.9048199018194,2869.68099414036
126.094025158274,45.023107384025,2879.33733150893
125.960814891747,45.1423502000721,2889
125.959125436565,45.1438583241388,2889.1000846569
125.957435568536,45.145366712007,2889.20017366278
125.954054593286,45.1483842794528,2889.40036472264
125.94728768142,45.1544225833247,2889.80079904268
125.933733975375,45.1665118841547,2890.60187654757
125.906546738002,45.1907413959511,2892.20486752515
125.851850573226,45.2394051699412,2895.41419742546
125.741152036619,45.3375607206542,2901.84628168333
125.628673707639,45.436837925109,2908.29632769777
125.514368345848,45.5372584163029,2914.76441081194
125.293602870887,45.729875720932,2927.01472392131
125.065811662213,45.9267974365548,2939.33
124.821770415776,46.135728502694,2952.17095087527
124.696647625043,46.2420385768376,2958.61750086836
124.569378698863,46.3496116145877,2965.08152815299
124.322908014863,46.5563422866837,2977.33921702579
124.068115337139,46.7678578390931,2989.66
123.794787832149,46.9923044843014,3002.49571543133
123.511500148565,47.222276843996,3015.39890143113
123.233870610505,47.4450649668427,3027.66381416945
122.946195429364,47.6732396011185,3039.99
122.637065251987,47.9154330980101,3052.81908434385
122.315803844622,48.1638804093716,3065.71352997519
121.999582609223,48.4052359559852,3077.98700900047
121.670943597062,48.6527558080057,3090.32
121.316783983188,48.9157676052493,3103.14955388861
120.947435235429,49.1859976612122,3116.04247592231
120.582252233196,49.4491637061108,3128.32235675033
120.201254927279,49.7195349392968,3140.66
119.789315698497,50.0071250315387,3153.48051912725
119.357714988989,50.3032488758937,3166.3623986169
118.928234822745,50.5927358697617,3178.6481624524
118.477787758744,50.8909021191797,3190.99
117.471459781062,51.5373777629235,3216.69183982688
116.953683392359,51.8597138770524,3228.97873402073
116.406509033025,52.1929704985947,3241.32
115.200157332027,52.9017366048659,3266.37483646147
113.826667480906,53.6670526914737,3291.65
113.292879947629,53.9530204449146,3300.62894076405
112.892795212753,54.1632845415396,3307.07193322699
112.222878418743,54.5077108193816,3317.33618064189
110.679697209838,55.2659400425937,3338.6688674973
110.418718555343,55.3894803326481,3341.98
109.219072697219,55.940597858213,3356.19208780315
107.857010840762,56.534169860653,3370.47067351015
106.679808279717,57.0209465527488,3381.37088028597
105.339463048817,57.5470107585453,3392.31
105.33232220915,57.5497356360433,3392.36434000005
103.917964902605,58.0737403155473,3402.36247766525
96.3907893424989,60.3893540946402,3434.44472730291
90.5145264466398,61.7271558763906,3440.89781835899
84.1623319361349,62.7922385055576,3434.44472730291
74.4081354986884,63.7764846689482,3402.36247766525
72.343905248922,63.8936759691544,3392.36434000005
72.333286891271,63.8942004348023,3392.31
70.3048981159716,63.9798423392584,3381.37088028597
68.4651050055774,64.0327060155127,3370.47067351015
66.2681136794138,64.0652089050419,3356.19208780315
64.2726678985401,64.065986288158,3341.98
63.8311324791957,64.0624645731545,3338.6688674973
61.1668680272866,64.0127335917593,3317.33618064189
59.9823340871152,63.974854918043,3307.07193322699
59.2670397216989,63.9472464784919,3300.62894076405
58.3037062027214,63.9043951377441,3291.65
55.779167609447,63.7608788959169,3266.37483646147
53.5102801040297,63.5925997883444,3241.32
52.4662860020441,63.5023832451315,3228.97873402073
51.4703157012951,63.4086576037694,3216.69183982688
49.5135082038771,63.2022811929968,3190.99
48.6291854077323,63.0991406832798,3178.6481624524
47.7815179706936,62.9943773848001,3166.3623986169
46.925482397055,62.8826240729156,3153.48051912725
46.1047670836857,62.769767266888,3140.66
45.3427044210066,62.6598821736639,3128.32235675033
44.6097507382642,62.5494897090944,3116.04247592231
43.8660993379569,62.43269265558,3103.14955388861
43.1509875334758,62.3157474224459,3090.32
42.4857598404714,62.2028153436755,3077.98700900047
41.8442964222972,62.0900720198469,3065.71352997519
41.19135419139,61.9713701653479,3052.81908434385
40.5619900745451,61.8531296406358,3039.99
39.9754573635586,61.7395006884682,3027.66381416945
39.4087183113531,61.626507950886,3015.39890143113
38.8298197065007,61.507794445108,3002.49571543133
38.2707742088019,61.3899402651705,2989.66
37.7492675713899,61.2771102354746,2977.33921702579
37.2445167754853,61.1652089779098,2965.08152815299
36.9837938881201,61.1063559393934,2958.61750086836
36.7274202233004,61.0477790133223,2952.17095087527
36.2272800857395,60.9314715071901,2939.33
35.7603599310213,60.8204320316379,2927.01472392131
35.3078101681651,60.7105130825453,2914.76441081194
35.0734967216415,60.6527022736071,2908.29632769777
34.8429377446595,60.5952135310485,2901.84628168333
34.6160415169659,60.5380487228608,2895.41419742546
34.5039390441768,60.5095882846475,2892.20486752515
34.4482194730649,60.4953886389447,2890.60187654757
34.4204420200193,60.4882964688846,2889.80079904268
34.40657380422,60.4847522981837,2889.40036472264
34.3996448149861,60.482980691554,2889.20017366278
34.3961815989109,60.4820950079363,2889.1000846569
34.3927192347696,60.4812094041236,2889
34.1197385704763,60.4109505936906,2879.33733150893
33.8504577984429,60.3407959471065,2869.68099414036
33.3227126763109,60.2008337473629,2850.3872878975
33.0262866824757,60.1207672724635,2839.33
32.4870281094051,59.9723923485406,2818.79348811137
31.9627065727258,59.8247138690148,2798.28585062775
31.7465224917709,59.7628305207468,2789.67
31.4693924290495,59.6826429493186,2778.48457336147
31.1963796309613,59.6026957175604,2767.30765889383
30.92739623802,59.5229968356738,2756.13924688407
30.6623567407186,59.4435538210207,2744.97932763395
30.5452877943057,59.4081729486136,2740
30.0297183519713,59.250215607798,2717.68249439006
29.7780259291827,59.1718231446634,2706.54938086619
29.530271382259,59.0938271539416,2695.43330787115
29.4214363146021,59.0593024525278,2690.5
29.1507235530139,58.9727276756418,2678.09389820886
28.8846409699462,58.8866543533376,2665.70856565713
28.6230734816246,58.8010864110111,2653.34395023328
28.3659096865362,58.7160272648893,2641
28.2075487951887,58.663184692516,2633.30425228385
27.8631097322022,58.5470201971082,2616.31173760945
27.6158842254203,58.4625929719658,2603.89554466347
27.3727280364273,58.3786919464588,2591.5
27.1642677880071,58.3060752437681,2580.72498936814
27.0611443809566,58.2699161874084,2575.34325459725
27.0098560074286,58.2518740191057,2572.65382804564
26.9842797398023,58.2428622788256,2571.3094747533
26.9715085344304,58.2383587451035,2570.63738807489
26.9651271574571,58.2361075624009,2570.30136722411
26.9587485951945,58.233856769158,2569.96536136428
26.6952906832401,58.1403618847947,2555.96968856544
26.4365928401173,58.0475447412465,2542
25.987701861435,57.8840820459703,2517.20988262419
25.5527673075887,57.7227472690998,2492.5
25.3401493950479,57.6428061163621,2480.16420665138
25.1307904335961,57.5633946623009,2467.84827539613
24.7170291659398,57.4044004157357,2443
24.5152544277016,57.325866791216,2430.63099049315
24.3165019988816,57.247862888674,2418.28166823218
24.2262243663711,57.2122185747066,2412.61714179685
24.1365638018278,57.1766854026535,2406.95675270202
24.0475141012049,57.1412631791426,2401.3004964165
24.0032164056788,57.1235936098935,2398.47391666304
23.9590691365445,57.1059517025369,2395.64836841572
23.9255918075412,57.092552105114,2393.5
23.5956934241334,56.9595077231189,2372.0612614952
23.175050487242,56.7872078488442,2344
22.8155237388769,56.6375453278252,2319.34536379588
22.7508558103953,56.6103886535755,2314.84316635167
22.6057588709173,56.5491917602726,2304.66492071891
22.462354798393,56.4883472225019,2294.5
22.1187886771254,56.3411019514849,2269.71064065429
21.784748346938,56.1959229226011,2245
21.6128196463535,56.1204165224001,2232.04013039989
21.4595436659522,56.0526490094955,2220.34447117778
21.2985379922825,55.9810013015644,2207.91232549126
21.1397306941623,55.9098645717078,2195.5
20.8357073187936,55.772373836807,2171.31202186828
20.5395881383575,55.6367923851327,2147.19913328747
20.5250393216129,55.6300883479665,2146
20.2510728251016,55.5030931063677,2123.16098513565
19.9386186321027,55.3564986223983,2096.5
19.657029007824,55.2227607590781,2071.89234040359
19.5273435214889,55.1606451804228,2060.36870830591
19.378598796755,55.0889916975932,2047
19.1075174008573,54.9572735687754,2022.2100063482
18.9745557776089,54.8921290976004,2009.84502897631
18.8432708636807,54.8274558211989,1997.5
18.778440492941,54.795390274127,1991.35328510815
18.7140164561213,54.7634409454122,1985.21157586195
18.6499949980628,54.7316073451046,1979.07486614926
18.5863724095083,54.6998889841106,1972.94314986794
18.5792798873699,54.696347942017,1972.25753325194
18.5721923056409,54.6928083352204,1971.5719790383
18.4509166252299,54.6320820564021,1959.77676083581
18.3310787405083,54.5717776869414,1948
18.2061696961177,54.5086045281422,1935.59437804998
18.082804600837,54.4458931429613,1923.2092043829
17.9609554053214,54.383639501636,1910.84442848281
17.8405947328173,54.3218395955384,1898.5
17.7221753110077,54.2607374309419,1886.22570701501
17.6051857048879,54.2000803837664,1873.9718514899
17.4871281717451,54.1385733524645,1861.47531612652
17.4286407015906,54.1079911559512,1855.23500903794
17.3705097726036,54.0775224831528,1849
17.3675470049718,54.0759676319965,1848.68134029567
17.3645851615964,54.0744130766955,1848.36269448377
17.2912876313449,54.0358817508982,1840.44973845757
17.2536998646585,54.0160774146381,1836.37139519048
17.1441026341884,53.9581576483548,1824.39975341869
16.9196226959229,53.8387075714268,1799.5
16.8120674576828,53.7810838130795,1787.3853461322
16.7057596446981,53.7238775975269,1775.29117016255
16.5956299467314,53.6643506618378,1762.63439076853
16.4868239373465,53.6052740898394,1750
16.4735953688777,53.5980735725437,1748.45502649824
16.2786073865466,53.4914832917512,1725.4548124004
16.0710969186741,53.3771056299147,1700.5
15.9736906029346,53.323078981893,1688.61198033775
15.8773675163064,53.2694400682482,1676.74440637374
15.7738139846441,53.2115374595342,1663.8601754062
15.6714987374093,53.1540847274601,1651
15.6365222181507,53.1343890092159,1646.57372505332
15.4793092064759,53.0455099194347,1626.48639000535
15.287159885347,52.9360970750815,1601.5
15.2024254433209,52.8875727189369,1590.32581136295
15.1185593712758,52.8393789390921,1579.170417641
15.0172890556479,52.7809619062878,1565.57126913744
14.9172714601501,52.7230283048434,1552
14.8502828269551,52.6840927910821,1542.83118695309
14.7396342547936,52.6195457018889,1527.54507831142
14.5610887301259,52.5147695865178,1502.5
14.490804215243,52.4733129748579,1492.51001140198
14.4211544793036,52.4321124182904,1482.53582354711
14.3188597963856,52.371386766503,1467.75058586692
14.2179201621655,52.3112145960621,1453
14.1130076451571,52.2484088177806,1437.49595584382
14.0528651141374,52.212282155754,1428.52728207025
13.9695269569546,52.1620743104058,1416.00091043435
13.8871178916249,52.1122566803589,1403.5
13.8131650803753,52.0674069999975,1392.1836683677
13.7399588330591,52.022875502702,1380.88870621486
13.6674881780128,51.9786591771803,1369.61505306817
13.5957423570399,51.9347550453734,1358.36264868231
13.5680825326287,51.9177942537477,1354
13.455237215512,51.8483980232656,1336.05757999491
13.4059782354975,51.8180041717638,1328.15206802809
13.3570645790753,51.7877623743392,1320.25731532995
13.3084927233038,51.7576716109821,1312.37329995064
13.2602591928769,51.7277308697892,1304.5
13.1858739481614,51.6814399221434,1292.27046329956
13.1489834053567,51.6584298197357,1286.16558487831
13.1122921409598,51.6355093385555,1280.0672855322
13.1086576261722,51.6332370272963,1279.46176837359
13.1050250614182,51.6309655955712,1278.85631604003
13.0871232985481,51.6197667159883,1275.86876266185
13.069268826263,51.6085891991236,1272.88278717215
13.033701029246,51.5862980357825,1266.91556486065
12.9983202239097,51.5640916671217,1260.95463912357
12.9631249809202,51.5419696589308,1255
12.9505411247923,51.5340522822131,1252.86486936871
12.9127249197667,51.5102347918178,1246.42905929664
12.8938976657946,51.4983631369669,1243.21398312205
12.875124014012,51.4865161173473,1240.00079064521
12.8564037425498,51.4746936640124,1236.78948021112
12.8377366307575,51.4628957082482,1233.58005016674
12.8284229409259,51.4570058954254,1231.97603977464
12.8191224588163,51.4511221813327,1230.37249886094
12.8098351571865,51.4452445574461,1228.76942721957
12.8051964405352,51.4423080266552,1227.96806731163
12.8005610088218,51.4393730152258,1227.16682464455
12.7380796558492,51.3997570652962,1216.32268603573
12.6761923544295,51.3604171981628,1205.5
12.6057552149309,51.315520339988,1193.08182241803
12.5360865057055,51.2709850300837,1180.69249676883
12.4671741044893,51.2268073404933,1168.33192261882
12.3990061417048,51.1829833951092,1156
12.2661612271104,51.0972255769716,1131.66158906888
12.1982774429317,51.0532218732797,1119.06540313811
12.1311408968601,51.0095813927946,1106.5
12.0665365609989,50.9674728457103,1094.30565081738
12.0026236584398,50.9257045818837,1082.1409665081
11.9370505403875,50.8827369190605,1069.5546440837
11.8721981713592,50.8401272464588,1057
11.8098124271416,50.7990306644963,1044.82116506304
11.7480939876923,50.7582696211065,1032.67290433428
11.6845987343118,50.7162268233633,1020.07004160769
11.6218029338528,50.6745388662891,1007.5
11.5614776379687,50.6343893036106,995.323620858176
11.5017982131059,50.5945712978315,983.178802118096
11.4403619486772,50.5534787392202,970.572443581608
11.3796035573573,50.5127371618094,958
11.350381784504,50.4931061328534,951.91554374812
11.3213174617464,50.473557419164,945.839249902263
11.2636563247382,50.4347050781279,933.711083816563
11.2338117729988,50.4145593990734,927.395103104456
11.204133437287,50.3945013369542,921.087941193903
11.1452701346524,50.3546460101143,908.5
11.1170292888025,50.335490277548,902.423247724747
11.0889410659682,50.3164159443997,896.354941210249
11.0332177922673,50.2785096121886,884.243595131338
11.0042953657587,50.2588004915516,877.918955197763
10.9755349665338,50.23917847598,871.60348931928
10.918495084981,50.2001936849539,859
10.8911085613481,50.181443352903,852.91138122816
10.8638706949519,50.1627737969913,846.831503704974
10.8098363480715,50.1256751376487,834.697897215213
10.7818897549856,50.1064552514383,828.384305116467
10.7540998648301,50.0873211707812,822.080138932514
10.6989852036653,50.0493083607871,809.5
10.6462839993451,50.0128792695809,797.373209296456
10.6201480278181,49.9947837105004,791.323321138095
10.5941536711868,49.9767668537315,785.282411049003
10.540004170424,49.9391734347021,772.621532191134
10.5131588177405,49.9205048501499,766.3058592348
10.4997929523645,49.9112023587912,763.151704332378
10.486464758417,49.9019209812629,760
10.4345041446893,49.865688347853,747.624980525305
10.3949645860886,49.838064990353,738.10585056905
10.3561051525181,49.8108728804383,728.662576868828
10.3179097668184,49.7841029578322,719.29425629553
10.2803628400044,49.7577464024988,710
10.2558790090594,49.7405376692007,703.893262828064
10.2316677872777,49.7235034526331,697.818265601651
10.2312560891315,49.7232136483616,697.714649662011
10.1840466758469,49.6899491588123,685.762506287605
10.1832414360807,49.6893812125404,685.557420936635
10.1602303144958,49.6731431930365,679.679239165515
10.1374668271313,49.657064754546,673.830777988988
10.1240095975734,49.6475524664793,670.357470241551
10.1106383479244,49.6380957249698,666.894602614602
10.0973523221121,49.6286940925128,663.442128107172
10.0907410327365,49.6240138056048,661.719773662561
10.0841507696728,49.6193471338732,660
10.0394955699823,49.5876926385241,647.44308825296
10.0370613625571,49.585965439153,646.754516626808
9.99575580496241,49.5566305104801,635.004994961893
9.99098948493466,49.5532422859384,633.641205778202
9.9529058084411,49.5261458891309,622.6840416075
9.94590507883461,49.5211602643218,620.658098913648
9.91092083424815,49.4962243822681,610.478581138349
9.90928390439973,49.4950567390755,610
9.90177922038581,49.4897025420782,607.803266391352
9.86977701529878,49.4668520478753,598.386997236882
9.86777188518357,49.4654193232988,597.794365946859
9.82709313440239,49.4363275637919,585.703166460287
9.7872247438001,49.4077679527975,573.724799718285
9.74206442322568,49.3753607194472,560
9.71986987266993,49.3594116867716,553.192741540924
9.70238265895961,49.3468350672721,547.800018114301
9.6925884221487,49.3397871924468,544.768301784382
9.68284396442198,49.3327723129987,541.743844590016
9.67314893880001,49.3257902210486,538.726620490491
9.66350300140655,49.3188407103692,535.716603569497
9.65955023141021,49.3159920996956,534.480806121155
9.65757693073681,49.3145698433479,533.863362308618
9.65659105020165,49.3138592266531,533.554754032585
9.6556056823826,49.3131489506534,533.246221472873
9.65119217512344,49.3099672380024,531.863248856533
9.64678894295241,49.3067923556027,530.481796516729
9.64459116969547,49.3052074695263,529.791639667362
9.6423959529105,49.3036242836134,529.101861948018
9.64020328851495,49.3020427954068,528.412463046378
9.6391079121816,49.301252687171,528.067905554689
9.6385604627595,49.3008577918866,527.895662281578
9.63801317241641,49.3004630024409,527.723442650462
9.62763615319858,49.292975823822,524.453026404614
9.6254033591205,49.2913644097369,523.748093657487
9.60007740509039,49.2730762042859,515.721110339925
9.582136820106,49.2601095091749,510
9.55481777058301,49.2403460218395,501.231837635871
9.52257269690168,49.2169902214817,490.793867695779
9.49089181036331,49.1940128075906,480.443297181012
9.45976165822569,49.1714055685488,470.179032946135
9.4291691967116,49.1491605164959,460
9.41457114215203,49.138535768325,455.110153799645
9.40009435215538,49.1279929601737,450.239855181777
9.38573745058582,49.1175312433566,445.388987165494
9.37149908127287,49.107149780255,440.55743370145
9.35737790765646,49.096847744142,435.745079662605
9.34337261243999,49.0866243190118,430.951810835079
9.32948189725016,49.0764786994113,426.177513909115
9.3157044823042,49.0664100902756,421.42207647015
9.30742994837553,49.0603602659746,418.556340878194
9.29919608476007,49.054338127634,415.697432495386
9.29100261830541,49.048343504976,412.845326953464
9.2869209487464,49.0453564587753,411.421817664446
9.28284927710962,49.0423762282398,410
9.27190732585495,49.0343648664468,406
9.25368064430799,49.0210118188168,399.307878836069
9.22498402068493,48.9999680351798,388.697138499809
9.19674900229239,48.9792384337834,378.166853394176
9.16896547738298,48.9588167335755,367.716111905669
9.14860307563805,48.9438349086105,360
9.14162358742954,48.938696789736,357.344016141245
9.12296047042079,48.9249502179394,350.213610508655
9.11471380186549,48.9188726509731,347.049681671167
9.09770091275382,48.9063280887968,340.49665633665
9.07281664370294,48.8879636544531,330.84840112145
9.04830004925751,48.8698521205353,321.268118876023
9.0197074380321,48.8487062994464,310
8.99509593311885,48.8304847465052,300.217481876511
8.97085495960133,48.8125194333391,290.505624974055
8.94697693383534,48.79480553686,280.863666446062
8.92345446963608,48.7773383478549,271.290854387338
8.89594453045052,48.7568886504005,260
8.87232244258036,48.7393104879989,250.221496159884
8.84905897708933,48.7219824451552,240.514923480173
8.82614674120643,48.7048997603297,230.879491175603
8.80357853583672,48.6880577856404,221.314420010072
8.79028424215741,48.6781293132259,215.644922069009
8.77710828365835,48.6682838431737,210
8.76451724840928,48.6588704445351,204.581591531031
8.7519629134591,48.6494796156045,199.16578174378
8.7269637281654,48.6307653656782,188.341950740003
8.71352575179614,48.6206977951435,182.501932901358
8.70012984487786,48.6106561872277,176.664936727765
8.67346348096854,48.5906504866418,165
8.66767678917162,48.5863062752236,162.460614540196
8.64506354783069,48.5693200143023,152.509498489537
8.62257023737834,48.5524081168026,142.567164179106
8.60920482559763,48.542351718744,136.638571687629
8.59050222476301,48.528270205331,128.316210957766
8.57188232150318,48.5142401617281,120
8.55443394533961,48.5010830775288,112.178010498598
8.52911440686728,48.4819738347673,100.775120697231
8.51622950613628,48.4722416369699,94.9483509011809
8.50339211403718,48.4625401783866,89.126912393105
8.49060198202881,48.4528693253503,83.3107978594423
8.47785886327293,48.4432289449355,77.5
8.46628279649119,48.434467065455,72.2074135776759
8.45474541146777,48.4257303005437,66.9192339716901
8.44324652483942,48.417018551088,61.6354556803995
8.43178595438135,48.4083317184733,56.3560732113143
8.42021045628522,48.3995536043074,51.0103056534594
8.40867393658655,48.3908008780047,45.6690413893526
8.39717620914703,48.3820734384755,40.3322747310044
8.39144183447326,48.3777191696479,37.6655762291114
8.38857825934315,48.3755443925031,36.332647874741
8.38714737357662,48.3744575925665,35.6662888829499
8.38571708853337,48.373371184795,35
8.38237047549887,48.3708289330827,33.125
8.37902621510483,48.3682881179835,31.25
8.372344742271,48.3632107928141,27.5
8.36567265013292,48.3581391996798,23.75
8.36234011562181,48.3556055496293,21.875
8.36067472517232,48.3543392607096,20.9375
8.35984224901384,48.3537062502107,20.46875
8.35900991884805,48.3530733289943,20
8.35477835415637,48.3498552228955,17.3283812080545
8.35055093622177,48.3466397095175,14.6567624161089
8.34475966168969,48.3422337650456,10.9925718120812
8.33897616028318,48.3378326838627,7.32838120805445
8.33320041629747,48.3334364579966,3.66419060402677
8.33031544844141,48.3312401633207,1.83209530201384
8.32887368969233,48.3301424701125,0.916047651006011
8.32815299150573,48.3295937369866,0.458023825503005
8.32743241407053,48.3290450794922,0
