124.24,13.27,80
124.235922109773,13.2752679851835,83.3107978594423
124.228744649229,13.284539409182,89.126912393105
124.221542974473,13.2938411976241,94.9483509011809
124.214316970313,13.3031734895242,100.775120697231
124.200124248218,13.3215005217254,112.178010498598
124.190348881964,13.3341213591728,120
124.179921851383,13.3475816863108,128.316210957766
124.169453352704,13.3610936068073,136.638571687629
124.161975235879,13.370744586011,142.567164179106
124.149395530401,13.3869772466743,152.509498489537
124.136755809656,13.4032845192299,162.460614540196
124.133522461869,13.4074556017636,165
124.118628453863,13.4266667650645,176.664936727765
124.111150120795,13.4363112677578,182.501932901358
124.10365078949,13.4459818506121,188.341950740003
124.089706117146,13.463961203169,199.16578174378
124.082706492298,13.472984756074,204.581591531031
124.075688584063,13.4820310009122,210
124.068347147608,13.4914933396115,215.644922069009
124.060942362073,13.5010363529235,221.314420010072
124.048378044877,13.5172265361121,230.879491175603
124.035629841771,13.53365078412,240.514923480173
124.022694090666,13.5503136850584,250.221496159884
124.009567036394,13.5672199413948,260
123.994289750717,13.5868915734308,271.290854387338
123.981235630353,13.603697247806,280.863666446062
123.96799244969,13.6207431833519,290.505624974055
123.954556479904,13.6380340400041,300.217481876511
123.94092389823,13.6555745926906,310
123.925097211995,13.675934014852,321.268118876023
123.911536165958,13.6933753224106,330.84840112145
123.897780675413,13.7110633146273,340.49665633665
123.888381488444,13.7231476280247,347.049681671167
123.883826925459,13.7290027469977,350.213610508655
123.873523089389,13.7422474576356,357.344016141245
123.869671037213,13.7471984509873,360
123.858436847059,13.7616360747016,367.716111905669
123.843118009718,13.7813193925184,378.166853394176
123.827561667918,13.8013035183523,388.697138499809
123.811762796228,13.82159469939,399.307878836069
123.795716233093,13.8421993481813,410
123.79347865365,13.8450721475014,411.421817664446
123.791235823886,13.8479515960173,412.845326953464
123.786734347043,13.8537305231791,415.697432495386
123.782211667388,13.8595362978779,418.556340878194
123.777667649242,13.8653690888966,421.42207647015
123.770103910592,13.8750772164989,426.177513909115
123.762480784074,13.8848605116171,430.951810835079
123.754797635337,13.89471976283,435.745079662605
123.747053821383,13.9046557692308,440.55743370145
123.739248690423,13.9146693405981,445.388987165494
123.731381581732,13.9247612975701,450.239855181777
123.723451825493,13.934932471823,455.110153799645
123.715458742648,13.9451837062515,460
123.698718091009,13.9666500161154,470.179032946135
123.681697202007,13.9884703953959,480.443297181012
123.664389666782,14.0106527877765,490.793867695779
123.646788888602,14.0332053643725,501.231837635871
123.631888760511,14.0522930292382,510
123.622109643454,14.064818246872,515.721110339925
123.608312820558,14.082486390981,523.748093657487
123.607096906552,14.0840433159399,524.453026404614
123.601446833785,14.0912776297401,527.723442650462
123.601148888744,14.0916591001162,527.895662281578
123.600850861436,14.0920406741809,528.067905554689
123.600254559895,14.0928041335275,528.412463046378
123.59906096825,14.0943322981533,529.101861948018
123.59786605686,14.0958621260768,529.791639667362
123.596669823738,14.0973936197493,530.481796516729
123.594273384414,14.1004616140808,531.863248856533
123.591871634255,14.1035363009402,533.246221472873
123.591335453516,14.1042226974315,533.554754032585
123.590799007833,14.10490942777,533.863362308618
123.589725320934,14.1062838908598,534.480806121155
123.587574760025,14.1090368328264,535.716603569497
123.582327697994,14.115753259629,538.726620490491
123.577055288165,14.1225016192143,541.743844590016
123.571757363714,14.1292821174706,544.768301784382
123.566433756414,14.136094961975,547.800018114301
123.556932112844,14.1482533102324,553.192741540924
123.54487909705,14.1636739977174,560
123.52037615201,14.1950148719097,573.724799718285
123.498768867807,14.2226427461475,585.703166460287
123.476745924298,14.2507931535419,597.794365946859
123.475660987057,14.2521797202636,598.386997236882
123.458353009286,14.2742966168398,607.803266391352
123.45429632185,14.2794796220342,610
123.45341157989,14.2806099670917,610.478581138349
123.434512158805,14.3047523476117,620.658098913648
123.430732279927,14.3095800157016,622.6840416075
123.410182160016,14.335821988272,633.641205778202
123.407611690705,14.3391038548923,635.004994961893
123.385349233135,14.367522439783,646.754516626808
123.384038027076,14.3691959373591,647.44308825296
123.359999098471,14.39987119905,660
123.356459070938,14.4043875911999,661.719773662561
123.352908384703,14.4089173451686,663.442128107172
123.345774862175,14.4180171516825,666.894602614602
123.338598175985,14.4271710535598,670.357470241551
123.33137796904,14.4363794882536,673.830777988988
123.31917067106,14.4519460758615,679.679239165515
123.306838228724,14.4676693944753,685.557420936635
123.306406812637,14.4682193789956,685.762506287605
123.281130293498,14.5004366505469,697.714649662011
123.280910007272,14.5007173727796,697.818265601651
123.267959692486,14.5172190230965,703.893262828064
123.254872194831,14.5338922539518,710
123.234818844387,14.559433563465,719.29425629553
123.214440061939,14.585381558443,728.662576868828
123.193728586709,14.6117450918741,738.10585056905
123.172676948829,14.6385332641223,747.624980525305
123.145046295623,14.6736804234423,760
123.137965026546,14.6826857043371,763.151704332378
123.130866100483,14.6917124798914,766.3058592348
123.116615029187,14.7098308000395,772.621532191134
123.087898251753,14.7463285348992,785.282411049003
123.074126537714,14.7638261697824,791.323321138095
123.060288752783,14.7814040931809,797.373209296456
123.032413177959,14.81680285756,809.5
123.003299939433,14.8537573849173,822.080138932514
122.988635519333,14.8723653121437,828.384305116467
122.973898563275,14.8910611105859,834.697897215213
122.945433696075,14.9271607471704,846.831503704974
122.93109938799,14.9453338445475,852.91138122816
122.916696552316,14.9635898228591,859
122.886729903537,15.0015604883715,871.60348931928
122.871636193764,15.0206791033316,877.918955197763
122.856468210743,15.0398873464216,884.243595131338
122.827275248789,15.0768437962192,896.354941210249
122.81257519396,15.0954468671696,902.423247724747
122.797805472211,15.1141338663194,908.5
122.767053290546,15.153028608728,921.087941193903
122.751565111665,15.1726107594722,927.395103104456
122.736001519178,15.1922835369582,933.711083816563
122.705964018381,15.2302383066209,945.839249902263
122.690839517958,15.2493426262546,951.91554374812
122.675643889866,15.268532272718,958
122.644083491837,15.3083735191418,970.572443581608
122.612218372338,15.3485795693761,983.178802118096
122.581309980995,15.3875593490193,995.323620858176
122.550112545582,15.4268845326957,1007.5
122.517685874599,15.4677388021731,1020.07004160769
122.48494805116,15.5089639598876,1032.67290433428
122.453174427455,15.5489546053012,1044.82116506304
122.421105303657,15.5892968139705,1057
122.387819254954,15.6311482157757,1069.5546440837
122.354215994094,15.67337602414,1082.1409665081
122.321514385319,15.7144490833657,1094.30565081738
122.28850988373,15.7558808497033,1106.5
122.254265775588,15.7988456264954,1119.06540313811
122.219696326852,15.8421946743266,1131.66158906888
122.15220746757,15.9267542332562,1156
122.117659007791,15.9700057861553,1168.33192261882
122.082790029806,16.013634073781,1180.69249676883
122.047596214084,16.0576437691296,1193.08182241803
122.012073162648,16.10203962204,1205.5
121.980910739314,16.1409644924127,1216.32268603573
121.949495297903,16.1801853398279,1227.16682464455
121.94716645889,16.1830919935754,1227.96806731163
121.944836224022,16.1860002784871,1228.76942721957
121.940171561891,16.1918217469836,1230.37249886094
121.935501301757,16.1976497557776,1231.97603977464
121.930825433866,16.2034843153229,1233.58005016674
121.921456835872,16.2151731283636,1236.78948021112
121.912065689244,16.2268882704083,1240.00079064521
121.90265191513,16.2386298258875,1243.21398312205
121.893215434308,16.2503978795902,1246.42905929664
121.874274035275,16.2740138207573,1252.86486936871
121.869806770039,16.2795824878326,1254.37930917167
121.867974756409,16.2818660649479,1255
121.850366444501,16.3038110417785,1260.95463912357
121.832679928131,16.3258470675818,1266.91556486065
121.814914701122,16.3479746814487,1272.88278717215
121.806002411155,16.3590730042602,1275.86876266185
121.797070251704,16.3701944281708,1278.85631604003
121.795258224655,16.3724503808273,1279.46176837359
121.793445378892,16.3747072850376,1280.0672855322
121.775152905444,16.397476726427,1286.16558487831
121.756776881876,16.4203432134819,1292.27046329956
121.719771962893,16.4663696793563,1304.5
121.695811170519,16.4961568367507,1312.37329995064
121.671709467666,16.5261071671105,1320.25731532995
121.647465642439,16.5562219494685,1328.15206802809
121.623078468839,16.5865024761926,1336.05757999491
121.567315786138,16.655694150523,1354
121.55366985558,16.6726164785478,1358.36264868231
121.518314778963,16.7164422490292,1369.61505306817
121.482661877265,16.760610735609,1380.88870621486
121.446707464868,16.8051257866257,1392.1836683677
121.410447794216,16.849991308073,1403.5
121.37011438556,16.8998649591035,1416.00091043435
121.329403594278,16.9501705155261,1428.52728207025
121.300072049058,16.9863932813455,1437.49595584382
121.24900242898,17.0494179194556,1453
121.199981774615,17.1098619824571,1467.75058586692
121.150417586331,17.1709243709121,1482.53582354711
121.11673635526,17.2123893528036,1492.51001140198
121.082801926528,17.2541415949342,1502.5
120.996839077046,17.359798471174,1527.54507831142
120.943739100631,17.4249845293358,1542.83118695309
120.911655444624,17.4643413980584,1552
120.863842300467,17.5229524548279,1565.57126913744
120.815539009093,17.5821143054075,1579.170417641
120.77561953919,17.6309696158525,1590.32581136295
120.735362292758,17.6802033849998,1601.5
120.644352134055,17.7913773030297,1626.48639000535
120.570176246566,17.8818539195656,1646.57372505332
120.553708621097,17.9019241514814,1651
120.505609231005,17.9605122554699,1663.8601754062
120.457037512326,18.0196242854225,1676.74440637374
120.411955943151,18.074442477372,1688.61198033775
120.366463720092,18.1297147355455,1700.5
120.269869875743,18.2469233666886,1725.4548124004
120.17950018355,18.3563927794136,1748.45502649824
120.173383012711,18.3637962804854,1750
120.123134894812,18.4245792259296,1762.63439076853
120.072395071541,18.4859000023497,1775.29117016255
120.023529667407,18.5449012675449,1787.3853461322
119.974203858598,18.604404386592,1799.5
119.871618928452,18.7279811399982,1824.39975341869
119.82171158371,18.7880155994426,1836.37139519048
119.771335369046,18.8485572648932,1848.36269448377
119.769991393881,18.8501716591374,1848.68134029567
119.768647083382,18.8517864154738,1849
119.742288052461,18.8834400766679,1855.23500903794
119.715799920625,18.9152329846266,1861.47531612652
119.662432542341,18.9792401220306,1873.9718514899
119.60967818864,19.0424487013582,1886.22570701501
119.556410456054,19.1062084017192,1898.5
119.502404190895,19.1707863307154,1910.84442848281
119.447867553894,19.2359311226283,1923.2092043829
119.3927926402,19.3016501014469,1935.59437804998
119.337171381531,19.3679507200214,1948
119.283942718982,19.4313330890323,1959.77676083581
119.230208726438,19.4952513224125,1971.5719790383
119.227072541587,19.4989798642907,1972.25753325194
119.223934626495,19.502710237189,1972.94314986794
119.195806717107,19.5361387698084,1979.07486614926
119.167539386664,19.5697146764637,1985.21157586195
119.139131585508,19.6034389140177,1991.35328510815
119.110582253025,19.6373124477941,1997.5
119.052883530665,19.70571411054,2009.84502897631
118.994604292356,19.774725934048,2022.2100063482
118.876268529266,19.9146122655394,2047
118.811610128705,19.9909085551968,2060.36870830591
118.755393484736,20.0571646115447,2071.89234040359
118.633827534572,20.2001883263734,2096.5
118.499727692181,20.3575572931185,2123.16098513565
118.382821666785,20.4944044895919,2146
118.37663093945,20.5016422287037,2147.19913328747
118.251008053272,20.6483158771945,2171.31202186828
118.122778788347,20.7976478030853,2195.5
118.056095395265,20.8751511540854,2207.91232549126
117.988695343446,20.9533800437841,2220.34447117778
117.924722857863,21.0275306241663,2232.04013039989
117.853186291325,21.1103331333142,2245
117.714859313285,21.2700975506636,2269.71064065429
117.573487307123,21.4329048931173,2294.5
117.514745384219,21.5004121804359,2304.66492071891
117.455468320766,21.5684501980974,2314.84316635167
117.429100287336,21.5986881088358,2319.34536379588
117.283073809875,21.7658419216565,2344
117.113432916468,21.9593782167736,2372.0612614952
116.981285351753,22.1096553900773,2393.5
116.967918877344,22.1248319564281,2395.64836841572
116.950304418402,22.1448251182812,2398.47391666304
116.932643858888,22.1648630094961,2401.3004964165
116.897183688844,22.2050735798902,2406.95675270202
116.861536851758,22.2454648813155,2412.61714179685
116.825701816783,22.2860381365568,2418.28166823218
116.747009414681,22.3750252862628,2430.63099049315
116.66740094617,22.4648940456114,2443
116.505028794381,22.6477113744422,2467.84827539613
116.423312313968,22.7394720154768,2480.16420665138
116.340624109184,22.83215636113,2492.5
116.172406550409,23.020188732099,2517.20988262419
116.00008096143,23.2120869729856,2542
115.901354097785,23.32169529909,2555.96968856544
115.801244173592,23.4325917658208,2569.96536136428
115.798825800109,23.4352676273593,2570.30136722411
115.796406612977,23.4379442435208,2570.63738807489
115.791565796051,23.4432997409996,2571.3094747533
115.78187437952,23.4540198056153,2572.65382804564
115.762452319228,23.4754962859171,2575.34325459725
115.723450513266,23.5185952329203,2580.72498936814
115.644809878063,23.6053817716937,2591.5
115.553415960943,23.7060487588806,2603.89554466347
115.460859241913,23.8077838599754,2616.31173760945
115.332516288172,23.9484992948297,2633.30425228385
115.273743923241,24.0127996798614,2641
115.178615024243,24.116692634099,2653.34395023328
115.082249502807,24.2217044844607,2665.70856565713
114.984621790751,24.3278537408708,2678.09389820886
114.885705564743,24.4351593489213,2690.5
114.846053663127,24.4781050467019,2695.43330787115
114.756034120778,24.5754551719505,2706.54938086619
114.664929102967,24.6737709922933,2717.68249439006
114.479378739863,24.8733589017215,2740
114.437443258783,24.9183463161317,2744.97932763395
114.342763912257,25.0197523924029,2756.13924688407
114.247042053585,25.1220441660212,2767.30765889383
114.15025892079,25.2252338277518,2778.48457336147
114.052395266233,25.3293338101396,2789.67
113.976315613535,25.4100935546089,2798.28585062775
113.792734742276,25.6043615899164,2818.79348811137
113.605282933407,25.801840833232,2839.33
113.502816597767,25.9094099866524,2850.3872878975
113.321376277835,26.099229117453,2869.68099414036
113.229275206625,26.1952618466275,2879.33733150893
113.136233037261,26.2920558612154,2889
113.135092737873,26.2932407702431,2889.1000846569
113.133952223307,26.29442586963,2889.20017366278
113.131670548388,26.296796639672,2889.40036472264
113.12710461359,26.3015404661712,2889.80079904268
113.117962389707,26.3110372755768,2890.60187654757
113.099636408779,26.3300676062322,2892.20486752515
113.062817380166,26.3682758085145,2895.41419742546
112.988503484591,26.4452879883983,2901.84628168333
112.913273674781,26.5231054995315,2908.29632769777
112.837109814296,26.6017417153462,2914.76441081194
112.690830878906,26.7523526838448,2927.01472392131
112.541030919633,26.9060212066244,2939.33
112.381819867508,27.0687137832652,2952.17095087527
112.300701021654,27.1513567155039,2958.61750086836
112.218545664358,27.2348837336062,2965.08152815299
112.060459703848,27.3951222771035,2977.33921702579
111.898445881529,27.5586772667776,2989.66
111.726235943156,27.7317872811215,3002.49571543133
111.54948277757,27.9086732009521,3015.39890143113
111.377969583645,28.079549094125,3027.66381416945
111.202034680425,28.254046274242,3039.99
111.014997277476,28.4386846332618,3052.81908434385
110.822830337656,28.6274524814945,3065.71352997519
110.635876812047,28.8101907263411,3077.98700900047
110.443891371036,28.9969154250911,3090.32
110.239625028125,29.1945481392415,3103.14955388861
110.029493792786,29.3967410794113,3116.04247592231
109.824636530484,29.5927723576116,3128.32235675033
109.613982841424,29.7932322553774,3140.66
109.389743271342,30.0053761850504,3153.48051912725
109.158714227573,30.222602808013,3166.3623986169
108.932790744701,30.4337148856448,3178.6481624524
108.700088246222,30.6498051722211,3190.99
108.195856637098,31.1133287939141,3216.69183982688
107.944813779122,31.3417061838574,3228.97873402073
107.685701252368,31.575757566979,3241.32
107.136746418262,32.0660417913814,3266.37483646147
106.548902912831,32.5826973583094,3291.65
106.331068145777,32.7719671888779,3300.62894076405
106.171666339386,32.9097205501951,3307.07193322699
105.91216078614,33.1326375261154,3317.33618064189
105.34947029586,33.6102919494407,3338.6688674973
105.259125864226,33.6862591104852,3341.98
104.861545744761,34.0181995487472,3356.19208780315
104.445102153363,34.3617662836204,3370.47067351015
104.114792572993,34.6312891635458,3381.37088028597
103.77167766393,34.90848172785,3392.31
103.769942782602,34.9098761176046,3392.36434000005
103.445404583624,35.1694551624498,3402.36247766525
102.324921112947,36.0464810599709,3434.44472730291
102.016814804877,36.2824793560479,3442.64
101.051154920553,37.0079171953279,3466.70910756626
100.129870000527,37.6801932919195,3487.5369695979
99.874216503037,37.8633637503748,3492.97
99.5770830217269,38.0744247060201,3499.1039710572
97.8164813070523,39.285320121286,3531.7293278752
97.1010800316796,39.7583234574387,3543.3
95.6139285799838,40.7074132939456,3564.56143118921
93.7748779599592,41.8192166237958,3586.15679406558
93.0222185357543,42.2551375646739,3593.64
92.598031952512,42.4960450759493,3597.53542656682
86.8106662284586,45.4583928327645,3630.78033222899
83.1122499047937,47.0600108891456,3636.01695568179
79.1941628634935,48.5353974088953,3630.78033222899
72.0503365950245,50.7051915565903,3597.53542656682
71.4713175338387,50.8541654177557,3593.64
70.4236994788798,51.1140963964014,3586.15679406558
67.7515738043333,51.7226659723313,3564.56143118921
65.4695395115807,52.1828451837326,3543.3
64.3318470256943,52.3925246689279,3531.7293278752
61.4187484637195,52.8716441577599,3499.1039710572
60.9110133611368,52.9468496734817,3492.97
60.4704066867121,53.010152852522,3487.5369695979
58.8537400879619,53.2270116807918,3466.70910756626
57.1105834403865,53.4341418717641,3442.64
56.5439438924859,53.495601283679,3434.44472730291
54.4408243495978,53.6989271506304,3402.36247766525
53.8193321352405,53.7516185008785,3392.36434000005
53.8159950475888,53.7518923983798,3392.31
53.152928911799,53.8044087049741,3381.37088028597
52.5088554227033,53.851802074845,3370.47067351015
51.6888579750025,53.9070085000568,3356.19208780315
50.8977998932961,53.9548474690492,3341.98
50.7169366512137,53.9650405696834,3338.6688674973
49.5813627910865,54.0227338296001,3317.33618064189
49.0524276189683,54.0459052041323,3307.07193322699
48.7259167747177,54.0590383842166,3300.62894076405
48.277751740041,54.0756126857164,3291.65
47.0572186377521,54.1122536496681,3266.37483646147
45.903145562488,54.13549871747,3241.32
45.3537590762006,54.1426798395061,3228.97873402073
44.8187076554707,54.1472679939158,3216.69183982688
43.7359951107232,54.1492947730304,3190.99
43.2328046251407,54.1469306411359,3178.6481624524
42.7422075621016,54.1426052863067,3166.3623986169
42.2384659580417,54.1360873813796,3153.48051912725
41.7475843644641,54.1277102450154,3140.66
41.2847406547891,54.1179785625743,3128.32235675033
40.8330886221287,54.1067652491378,3116.04247592231
40.368266318477,54.0934519370206,3103.14955388861
39.9149586322105,54.0787337633977,3090.32
39.4876283735268,54.0632881055919,3077.98700900047
39.0703416341299,54.0467317357286,3065.71352997519
38.640261504632,54.0281411556476,3052.81908434385
38.2205675058902,54.0085026185708,3039.99
37.8248303260971,53.9886278519552,3027.66381416945
37.4381732798525,53.9679340151469,3015.39890143113
37.0388361936289,53.9452356001997,3002.49571543133
36.6489438548057,53.9217710304413,2989.66
36.2814214714466,53.898471104201,2977.33921702579
35.9221634363036,53.8745840037201,2965.08152815299
35.7352165495554,53.8617184297987,2958.61750086836
35.5504677974205,53.8487107669692,2952.17095087527
35.1874110565722,53.8222977192653,2939.33
34.845284053522,53.7963724198536,2927.01472392131
34.5107202062041,53.7700463946187,2914.76441081194
34.3363396934081,53.7559421656212,2908.29632769777
34.1639790221513,53.7417431371707,2901.84628168333
33.9936033546695,53.7274550111183,2895.41419742546
33.9091491940734,53.7202792546814,2892.20486752515
33.8671037035893,53.7166837469875,2890.60187654757
33.8461261297905,53.7148841218441,2889.80079904268
33.835648607658,53.7139838459165,2889.40036472264
33.8304126592815,53.7135335926698,2889.20017366278
33.8277953878285,53.713308437295,2889.1000846569
33.8251785846998,53.7130832627791,2889
33.6115768033495,53.6945024152785,2879.33733150893
33.3999731589958,53.6757042152453,2869.68099414036
32.9826560247128,53.637487059188,2850.3872878975
32.7467247488065,53.615207262214,2839.33
32.3146586060975,53.5731398242614,2818.79348811137
31.8909777545819,53.5302926725442,2798.28585062775
31.7152487558082,53.5120557051845,2789.67
31.4890823629221,53.4881816506109,2778.48457336147
31.2652846699137,53.4641104324061,2767.30765889383
31.0438207668876,53.439851240725,2756.13924688407
30.824656391522,53.4154129643461,2744.97932763395
30.7275494689885,53.4044475597779,2740
30.2976444238691,53.3548862064101,2717.68249439006
30.0864265773583,53.3299270294832,2706.54938086619
29.8776440794195,53.3048599148112,2695.43330787115
29.7856548944392,53.2936902751294,2690.5
29.5561153182828,53.2654843345176,2678.09389820886
29.3294836742616,53.2371661505656,2665.70856565713
29.1057076776101,53.2087456908616,2653.34395023328
28.8847362510387,53.1802325058398,2641
28.7481851179572,53.1623889850426,2633.30425228385
28.4499191558487,53.1228181502257,2616.31173760945
28.2347614348162,53.0937645056838,2603.89554466347
28.0222644224441,53.0646502741567,2591.5
27.8393896131004,53.0392595973732,2580.72498936814
27.7486835808098,53.0265505787087,2575.34325459725
27.7035117873098,53.0201929194126,2572.65382804564
27.6809709955241,53.0170133354491,2571.3094747533
27.6697118509004,53.0154233589994,2570.63738807489
27.6640850882915,53.0146283251691,2570.30136722411
27.6584601976344,53.0138332611298,2569.96536136428
27.425597829097,52.9806598653143,2555.96968856544
27.1959243977283,52.9474444494458,2542
26.7949854954903,52.8882745156909,2517.20988262419
26.4035707002798,52.8290481026427,2492.5
26.2111656689685,52.7994025067238,2480.16420665138
26.0210243846513,52.7697598427745,2467.84827539613
25.643231523429,52.7098385311987,2443
25.4580226161351,52.6799631396648,2430.63099049315
25.2749600188548,52.6501097061746,2418.28166823218
25.1916025656994,52.6364088969944,2412.61714179685
25.1086868868189,52.6227141127266,2406.95675270202
25.0262096390845,52.6090257728793,2401.3004964165
24.9851343887535,52.6021841479858,2398.47391666304
24.9441675073132,52.5953442876643,2395.64836841572
24.9130811744191,52.5901432311971,2393.5
24.6057860808271,52.5382245055544,2372.0612614952
24.2114267960109,52.470246398271,2344
23.8720950031604,52.4105326092252,2319.34536379588
23.8108363862408,52.3996317618566,2314.84316635167
23.6731405301926,52.3749937087797,2304.66492071891
23.5367127206443,52.3503974285242,2294.5
23.2084863788602,52.2904647162752,2269.71064065429
22.8874928204293,52.2308130329789,2245
22.7215579003634,52.1995716306122,2232.04013039989
22.5732105728308,52.1714070000194,2220.34447117778
22.4169598019376,52.1415017828804,2207.91232549126
22.2624174950606,52.1116806283221,2195.5
21.9653775772471,52.0536816594991,2171.31202186828
21.6745619759854,51.996026458093,2147.19913328747
21.6602355021041,51.9931638175952,2146
21.3897852407392,51.9387284433535,2123.16098513565
21.0797818439828,51.8754047343966,2096.5
20.798970997298,51.8171847348037,2071.89234040359
20.6691865989812,51.7899995129908,2060.36870830591
20.5199721622398,51.7585270327052,2047
20.2470531981566,51.700359067681,2022.2100063482
20.1127257805801,51.6714418950718,2009.84502897631
19.9797916146542,51.6426372291217,1997.5
19.9140364471836,51.6283200891535,1991.35328510815
19.8486210190271,51.6140314843909,1985.21157586195
19.7835428164825,51.5997715129469,1979.07486614926
19.7187993499991,51.5855402692413,1972.94314986794
19.7115775046623,51.5839500759391,1972.25753325194
19.7043598138561,51.5823602433964,1971.5719790383
19.5807220738531,51.5550406167645,1959.77676083581
19.4582978873309,51.5278286004809,1948
19.3304258095289,51.4992346617477,1935.59437804998
19.203866115468,51.4707617439441,1923.2092043829
19.0785995573836,51.4424103974041,1910.84442848281
18.9546072535608,51.4141811212955,1898.5
18.8323660383518,51.3861881303475,1886.22570701501
18.7113581253978,51.3583183815061,1873.9718514899
18.5890007846825,51.3299764189424,1861.47531612652
18.5282919284258,51.3158538936753,1855.23500903794
18.4678932296537,51.3017637225806,1849
18.4648132795449,51.3010441487431,1848.68134029567
18.4617341350083,51.3003246598015,1848.36269448377
18.3463455959831,51.2732878458942,1836.37139519048
18.2320834032533,51.2463716636553,1824.39975341869
17.9973832913845,51.1906359043964,1799.5
17.8846139333281,51.1636405389736,1787.3853461322
17.7729500888807,51.1367716938767,1775.29117016255
17.6570593998496,51.1087400931607,1762.63439076853
17.5423491539875,51.0808475496574,1750
17.5283883413772,51.0774429240394,1748.45502649824
17.3222442245302,51.0269182952307,1725.4548124004
17.1021136714891,50.9724424679611,1700.5
16.9985172088925,50.94661771719,1688.61198033775
16.8959052991706,50.9209196373228,1676.74440637374
16.785404926616,50.893113511673,1663.8601754062
16.676036526319,50.8654566677523,1651
16.6386056766596,50.8559602024476,1646.57372505332
16.4700887212623,50.8130098457668,1626.48639000535
16.2635182045803,50.7599208472217,1601.5
16.1722124959395,50.7363002172356,1590.32581136295
16.0817147140262,50.7127946375946,1579.170417641
15.9722669118214,50.684241814613,1565.57126913744
15.8639908340888,50.6558594708752,1552
15.7913696209154,50.6367478179326,1542.83118695309
15.6712392501943,50.6049998687409,1527.54507831142
15.4769252657186,50.5532938664895,1502.5
15.4002747250774,50.5327772462137,1492.51001140198
15.3242278863958,50.5123547965803,1482.53582354711
15.2123778624379,50.4821951172549,1467.75058586692
15.1018228860459,50.4522413039378,1453
14.9867200009632,50.4209034934274,1437.49595584382
14.9206452835019,50.4028439436725,1428.52728207025
14.828978077019,50.3777046056098,1416.00091043435
14.7382083284387,50.3527140472494,1403.5
14.6566472812147,50.330176028986,1392.1836683677
14.575811268369,50.3077609015028,1380.88870621486
14.495691124316,50.285468050012,1369.61505306817
14.4162778343851,50.2632968556286,1358.36264868231
14.3856368946786,50.254722293447,1354
14.260484395513,50.2195837929413,1336.05757999491
14.2057800849191,50.2041661769527,1328.15206802809
14.1514153473973,50.1888089275423,1320.25731532995
14.0973871852798,50.1735118130492,1312.37329995064
14.0436926354052,50.1582746012765,1304.5
13.960801963103,50.1346845079729,1292.27046329956
13.9196556514295,50.1229439895571,1286.16558487831
13.8787068790206,50.1112396742816,1280.0672855322
13.8746492871675,50.1100788040136,1279.46176837359
13.8705936305405,50.1089182898658,1278.85631604003
13.8506032833893,50.1031952247104,1275.86876266185
13.8306598963049,50.0974808199305,1272.88278717215
13.790913377681,50.0860779386264,1266.91556486065
13.7513528243293,50.0747095379168,1260.95463912357
13.7119769993936,50.0633755104584,1255
13.7078808011148,50.0621953787178,1254.37930917167
13.6978928904672,50.0593169724526,1252.86486936871
13.6555507393546,50.0471010707025,1246.42905929664
13.6344604068393,50.0410083447719,1243.21398312205
13.6134236446862,50.0349257455241,1240.00079064521
13.5924402594567,50.0288532552576,1236.78948021112
13.5715100586244,50.022790856272,1233.58005016674
13.5610648422357,50.019763435419,1231.97603977464
13.5506328501599,50.0167385307491,1230.37249886094
13.5402140585853,50.0137161400502,1228.76942721957
13.5350096055347,50.0122058867412,1227.96806731163
13.5298084437054,50.0106962610954,1227.16682464455
13.4596631005963,49.9903047399551,1216.32268603573
13.3901140700176,49.9700276966069,1205.5
13.3108711717393,49.9468528386847,1193.08182241803
13.2324031361862,49.9238293515187,1180.69249676883
13.1546992372208,49.9009561599533,1168.33192261882
13.0777489419325,49.8782321910984,1156
12.9275437088438,49.8336668601354,1131.66158906888
12.8506635286536,49.8107497868674,1119.06540313811
12.7745462861873,49.7879885895187,1106.5
12.701221705009,49.7659950406882,1094.30565081738
12.6286063047672,49.7441488803949,1082.1409665081
12.5540265100651,49.7216439502558,1069.5546440837
12.4801886481247,49.6992951193113,1057
12.4090861073805,49.6777103498178,1044.82116506304
12.3386735726707,49.65627320917,1032.67290433428
12.2661607238357,49.6341322040719,1020.07004160769
12.1943736542331,49.6121483107343,1007.5
12.1253424132993,49.590947731838,995.323620858176
12.0569842573243,49.5698952030281,983.178802118096
11.9865452233703,49.5481406503573,970.572443581608
11.9168150092026,49.5265437622403,958
11.8832540077573,49.5161274743805,951.91554374812
11.849858214507,49.5057484160715,945.839249902263
11.7835577004942,49.4851013566335,933.711083816563
11.749217459397,49.4743854926033,927.395103104456
11.7150521895469,49.4637094806719,921.087941193903
11.6472415760375,49.4424763061501,908.5
11.6146854010682,49.4322615331092,902.423247724747
11.5822905706695,49.4220840839401,896.354941210249
11.5179804752549,49.4018405013543,884.243595131338
11.4845785902306,49.3913055586665,877.918955197763
11.4513485266909,49.3808107706849,871.60348931928
11.3853989275827,49.3599409195383,859
11.3537132618015,49.3498942887311,852.91138122816
11.3221858571964,49.3398851643764,846.831503704974
11.2596014208338,49.3199787542259,834.697897215213
11.2272115798196,49.3096568242109,828.384305116467
11.1949890688678,49.2993749395586,822.080138932514
11.1310412162796,49.2789305480497,809.5
11.0698411923218,49.2593156892593,797.373209296456
11.0394713981092,49.249564247131,791.323321138095
11.0092536498149,49.239849896819,785.282411049003
10.9462662413871,49.2195631662117,772.621532191134
10.9150193128937,49.2094803814576,766.3058592348
10.8994570162046,49.204454046921,763.151704332378
10.8839352997278,49.1994377180054,760
10.8233884804369,49.1798404929919,747.624980525305
10.7772773820923,49.1648840229984,738.10585056905
10.7319275983093,49.1501477554859,728.662576868828
10.6873220241031,49.1356274250191,719.29425629553
10.6434440439486,49.1213188674533,710
10.6148159736678,49.1119698671568,703.893262828064
10.5864943599201,49.1027105092195,697.818265601651
10.5860126611975,49.1025529347013,697.714649662011
10.5307528483686,49.084456250122,685.762506287605
10.5298098920765,49.0841471039099,685.557420936635
10.5028575735478,49.0753059680464,679.679239165515
10.4761844525877,49.0665471372745,673.830777988988
10.4604108675689,49.0613631137376,670.357470241551
10.4447343289008,49.0562077828512,666.894602614602
10.4291540224633,49.0510809347454,663.442128107172
10.4213997026112,49.0485281261107,661.719773662561
10.4136691394751,49.0459823603289,660
10.3611866105016,49.0286786907615,647.44308825296
10.3583245810233,49.0277340391501,646.754516626808
10.309741353564,49.0116822098687,635.004994961893
10.3041330582403,49.0098272569382,633.641205778202
10.2593055719958,48.9949857499785,622.6840416075
10.2510620129698,48.9922536143184,620.658098913648
10.2098524142655,48.9785823483176,610.478581138349
10.2079235993637,48.977941921423,610
10.1990800524019,48.9750049647133,607.803266391352
10.1613559342464,48.9624652399637,598.386997236882
10.1589916125053,48.9616787053901,597.794365946859
10.1110085211041,48.9457004512209,585.703166460287
10.0639493243324,48.9300005639113,573.724799718285
10.0106055161683,48.9121688918202,560
9.98437423291753,48.9033866473007,553.192741540924
9.96369955678023,48.8964583879329,547.800018114301
9.9521174311307,48.8925746644884,544.768301784382
9.94059227983688,48.888708295188,541.743844590016
9.92912372162957,48.8848591774605,538.726620490491
9.91771137848933,48.8810272094834,535.716603569497
9.91303422636362,48.8794562484307,534.480806121155
9.91069918373572,48.8786718469885,533.863362308618
9.90953254437305,48.8782799156589,533.554754032585
9.9083664924446,48.8778881637799,533.246221472873
9.90314345624941,48.8761331902316,531.863248856533
9.89793219435589,48.8743818150867,530.481796516729
9.89533096739905,48.8735074738358,529.791639667362
9.89273267047865,48.872634028525,529.101861948018
9.89013729910006,48.8717614779383,528.412463046378
9.88884070907733,48.8713255377838,528.067905554689
9.88819268773874,48.8711076514254,527.895662281578
9.88754484875619,48.8708898208546,527.723442650462
9.8752602296249,48.8667581719444,524.453026404614
9.87261670319663,48.8658688228206,523.748093657487
9.842625001355,48.8557724087695,515.721110339925
9.82137155938936,48.8486104674597,510
9.78899559066545,48.8376890302454,501.231837635871
9.75076272302022,48.8247740612263,490.793867695779
9.71317874609871,48.8120594656085,480.443297181012
9.67622876111747,48.7995411422905,470.179032946135
9.63989830256182,48.7872150936112,460
9.62255567610343,48.7813249952109,455.110153799645
9.60535295104356,48.7754784745782,450.239855181777
9.58828859674911,48.769675105062,445.388987165494
9.57136110385551,48.7639144651755,440.55743370145
9.55456898390665,48.7581961385231,435.745079662605
9.53791076900235,48.7525197137274,430.951810835079
9.52138501145286,48.7468847843577,426.177513909115
9.50499028343982,48.7412909488598,421.42207647015
9.49514202467635,48.7379290334369,418.556340878194
9.48534082979361,48.7345819044654,415.697432495386
9.47558639360841,48.7312494757597,412.845326953464
9.47072661470186,48.7295887470234,411.421817664446
9.4658784121667,48.7279316613162,410
9.43111589823324,48.7160408895001,399.307878836069
9.39690002266873,48.7043213911695,388.697138499809
9.36321915726988,48.6927699100016,378.166853394176
9.33006198706364,48.6813832660013,367.716111905669
9.3057518997267,48.6730255161027,360
9.29741746592578,48.670158341649,357.344016141245
9.27512666001761,48.6624854001489,350.213610508655
9.26527490611795,48.6590921140241,347.049681671167
9.24494662089083,48.6520862468183,340.49665633665
9.21520306561374,48.6418255772753,330.84840112145
9.18588742828115,48.6317009439406,321.268118876023
9.15168342668626,48.6198734880877,310
9.12222935570816,48.6096759554094,300.217481876511
9.09320744000456,48.5996166633875,290.505624974055
9.06460911330883,48.5896931347586,280.863666446062
9.03642602414698,48.5799029471167,271.290854387338
9.00345204439888,48.5684349587876,260
8.97512663736551,48.5585720175516,250.221496159884
8.94722088939315,48.5488446430512,240.514923480173
8.91972640784174,48.5392503710095,230.879491175603
8.89263501222204,48.5297867925483,221.314420010072
8.87667170877937,48.524205850552,215.644922069009
8.86084718798006,48.5186700354822,210
8.84572209700862,48.5133757398575,204.581591531031
8.83063841991549,48.5080928647205,199.16578174378
8.80059466173975,48.4975612461411,188.341950740003
8.78444067177558,48.4918935412635,182.501932901358
8.76833421269288,48.48623900022,176.664936727765
8.73626309118463,48.4749692484437,165
8.7293019603032,48.4725212772306,162.460614540196
8.70209381415873,48.4629468884108,152.509498489537
8.67502139117265,48.4534103058152,142.567164179106
8.65893104320655,48.4477375825796,136.638571687629
8.63641029392261,48.4397918964214,128.316210957766
8.61398325422456,48.4318724334609,120
8.5929619327777,48.4244431595466,112.178010498598
8.56244839901414,48.4136485040154,100.775120697231
8.54691611221097,48.4081488462565,94.9483509011809
8.53143827500654,48.4026652045356,89.126912393105
8.51601461940804,48.3971975169836,83.3107978594423
8.50725258745567,48.3940899338541,80
8.50064487913566,48.391745722019,77.5
8.4866803412456,48.3867895775417,72.2074135776759
8.47276019017171,48.3818465433098,66.9192339716901
8.45888422784769,48.3769165732884,61.6354556803995
8.44505225735517,48.3719996216376,56.3560732113143
8.43107930375446,48.3670299055233,51.0103056534594
8.4171511272497,48.3620734654261,45.6690413893526
8.40326752644245,48.3571302542419,40.3322747310044
8.39634237906938,48.3546635947416,37.6655762291114
8.39288395775733,48.3534314989665,36.332647874741
8.39115578383817,48.3528157592548,35.6662888829499
8.38942830056196,48.3522002248731,35
8.38537988912778,48.3507575410737,33.125
8.38133414018624,48.3493155825448,31.25
8.37325061930343,48.346433839239,27.5
8.36517771699215,48.3435549908414,23.75
8.36114524127782,48.3421166509494,21.875
8.35912999614155,48.3413977518557,20.9375
8.35812262161136,48.3410383699939,20.46875
8.35711541238562,48.3406790332448,20
8.35199096603182,48.3388505967785,17.3283812080545
8.34687124988702,48.3370234897875,14.6567624161089
8.33985711461246,48.3345197273985,10.9925718120812
8.33285184812053,48.3320184596854,7.32838120805445
8.32585543362944,48.3295196830869,3.66419060402677
8.32236054065137,48.3282712278445,1.83209530201384
8.32061392181507,48.3276472332932,0.916047651006011
8.3197408191959,48.3273352942608,0.458023825503005
8.31886785439937,48.327023394048,0
