101.5,-2.52,9.7
101.498699123148,-2.51854208882833,10.9925718120812
101.495008488968,-2.51440591785337,14.6567624161089
101.492314883371,-2.51138711454578,17.3283812080545
101.489618992081,-2.50836573007336,20
101.489088976715,-2.50777172007404,20.46875
101.488558882196,-2.50717762061012,20.9375
101.487498455625,-2.50598915320735,21.875
101.485376651849,-2.50361114393377,23.75
101.481129237735,-2.49885082296286,27.5
101.476876740517,-2.49408475674277,31.25
101.474748582855,-2.49169956590177,33.125
101.472619150949,-2.48931293483028,35
101.471709937538,-2.48829390021985,35.6662888829499
101.470800383353,-2.48727448147104,36.332647874741
101.468980251944,-2.48523449075286,37.6655762291114
101.465335891965,-2.48114989077516,40.3322747310044
101.458030743185,-2.47296217126572,45.6690413893526
101.450703611897,-2.46474967158032,51.0103056534594
101.44335440517,-2.45651228674798,56.3560732113143
101.436080808941,-2.44835951041456,61.6354556803995
101.428785536921,-2.44018229904051,66.9192339716901
101.421468498342,-2.43198055010344,72.2074135776759
101.41412960194,-2.42375416052128,77.5
101.406053923238,-2.41470172807901,83.3107978594423
101.397951710589,-2.40561938303615,89.126912393105
101.389822841432,-2.39650698697077,94.9483509011809
101.381667192463,-2.38736440062729,100.775120697231
101.365650526493,-2.36940902008223,112.178010498598
101.354620433983,-2.35704342709496,120
101.342856416785,-2.34385470912112,128.316210957766
101.331047059527,-2.33061481086967,136.638571687629
101.3226119939,-2.32115774007476,142.567164179106
101.308424173087,-2.30525050325611,152.509498489537
101.294170769305,-2.28926923526811,162.460614540196
101.290524966422,-2.28518139101676,165
101.273732817494,-2.26635283143078,176.664936727765
101.265302524898,-2.25689992548197,182.501932901358
101.256849301796,-2.24742113506499,188.341950740003
101.241132881616,-2.2297975008496,199.16578174378
101.233244881942,-2.22095205657148,204.581591531031
101.225336926628,-2.21208408590348,210
101.217065029506,-2.2028078328639,215.644922069009
101.208722392574,-2.19345208745632,221.314420010072
101.194568210452,-2.17757868407329,230.879491175603
101.18020875781,-2.16147459982483,240.514923480173
101.165639991314,-2.14513528290956,250.221496159884
101.15085776613,-2.12855606715897,260
101.133656718175,-2.10926335933045,271.290854387338
101.118960936265,-2.09278002995751,280.863666446062
101.10405434408,-2.0760597534427,290.505624974055
101.088932831196,-2.05909790195474,300.217481876511
101.073592184976,-2.04188973249012,310
101.05578523491,-2.02191437361071,321.268118876023
101.040529717396,-2.00480059676913,330.84840112145
101.025057636847,-1.98744336699862,340.49665633665
101.01448675677,-1.97558421638015,347.049681671167
101.009364794448,-1.96983795661666,350.213610508655
100.997778210719,-1.95683892209568,357.344016141245
100.993446923309,-1.95197956108562,360
100.980816063306,-1.93780851406244,367.716111905669
100.963595090358,-1.91848710973878,378.166853394176
100.946109895267,-1.89886863249363,388.697138499809
100.928354956435,-1.8789468648234,399.307878836069
100.910324604775,-1.85871542309256,410
100.907809959613,-1.85589374613692,411.421817664446
100.905289469743,-1.85306549822758,412.845326953464
100.900230882855,-1.84738920733251,415.697432495386
100.895148695302,-1.84168638287278,418.556340878194
100.890042757754,-1.83595685672591,421.42207647015
100.881544184341,-1.82642023812181,426.177513909115
100.872979524129,-1.81680931760541,430.951810835079
100.86434807922,-1.80712330944458,435.745079662605
100.855649142325,-1.79736141732882,440.55743370145
100.846881996606,-1.78752283419511,445.388987165494
100.838045915518,-1.77760674205035,450.239855181777
100.829140162651,-1.76761231179034,455.110153799645
100.820163991562,-1.75753870301518,460
100.801366651945,-1.73644268682135,470.179032946135
100.78225781358,-1.71499640537852,480.443297181012
100.762830437401,-1.69319193354158,490.793867695779
100.74307728071,-1.6710211169018,501.231837635871
100.726357693804,-1.65225461292474,510
100.715385770606,-1.63993916834704,515.721110339925
100.699907866504,-1.62256562208053,523.748093657487
100.698543898852,-1.6210345836889,524.453026404614
100.69220606739,-1.61392039657536,527.723442650462
100.691871864507,-1.61354525342129,527.895662281578
100.691537570319,-1.61317000758263,528.067905554689
100.690868707889,-1.61241920770041,528.412463046378
100.689529885875,-1.61091637405343,529.101861948018
100.688189599164,-1.60941189317714,529.791639667362
100.687008914062,-1.60808656361507,530.398967680803
100.686847845582,-1.60790576262207,530.481796516729
100.684159929157,-1.60488854274311,531.863248856533
100.681466119035,-1.60186469463922,533.246221472873
100.680864745746,-1.60118964109677,533.554754032585
100.68026307845,-1.60051425690411,533.863362308618
100.679058861063,-1.59916249569716,534.480806121155
100.676646889665,-1.59645499586541,535.716603569497
100.670762235713,-1.58984927893486,538.726620490491
100.664849457254,-1.58321193186174,541.743844590016
100.658908371499,-1.57654274885338,544.768301784382
100.652938794141,-1.56984152241054,547.800018114301
100.64228498456,-1.55788180145848,553.192741540924
100.628771843056,-1.5427119878143,560
100.601305451062,-1.51187736748745,573.724799718285
100.577090356716,-1.48469173891983,585.703166460287
100.55241466425,-1.45698804891239,597.794365946859
100.551199178346,-1.45562338386045,598.386997236882
100.531810289882,-1.4338545458232,607.803266391352
100.52726634371,-1.42875275485632,610
100.526275356928,-1.42764010379532,610.478581138349
100.505108414144,-1.40387412045709,620.658098913648
100.500875496072,-1.39912137072385,622.6840416075
100.477865039163,-1.37328460223366,633.641205778202
100.474987145202,-1.37005316923693,635.004994961893
100.450065116837,-1.34206905225827,646.754516626808
100.448597435308,-1.34042101340605,647.44308825296
100.42169306119,-1.31020992687909,660
100.417729063738,-1.30575864329211,661.719773662561
100.413753259091,-1.30129407896356,663.442128107172
100.405766037932,-1.29232489392499,666.894602614602
100.397731009365,-1.283301934697,670.357470241551
100.389647782752,-1.27422476163777,673.830777988988
100.375982569657,-1.25887901549308,679.679239165515
100.362178800542,-1.24337741779032,685.557420936635
100.361695942086,-1.24283516434973,685.762506287605
100.333408721982,-1.21106787917371,697.714649662011
100.33316222573,-1.21079105285108,697.818265601651
100.318671922468,-1.1945176556751,703.893262828064
100.304029843422,-1.17807353269071,710
100.281597832156,-1.15288022313894,719.29425629553
100.258805934037,-1.12728208845637,728.662576868828
100.23564622361,-1.10127021119092,738.10585056905
100.212110550281,-1.07483542104596,747.624980525305
100.181226289067,-1.0401458793679,760
100.17331245157,-1.03125679730261,763.151704332378
100.165379480522,-1.02234615423398,766.3058592348
100.149455877722,-1.00445989338496,772.621532191134
100.117376187486,-0.968425407131405,785.282411049003
100.101995198402,-0.95114786220194,791.323321138095
100.08654268714,-0.933789732827911,797.373209296456
100.055421223008,-0.898829618834512,809.5
100.022927828569,-0.862327358358436,822.080138932514
100.006564625919,-0.843944976240618,828.384305116467
99.9901230550417,-0.825474311130753,834.697897215213
99.9583729641354,-0.789805191063982,846.831503704974
99.9423879206855,-0.771846729668284,852.91138122816
99.9263289080277,-0.753804954068623,859
99.892924278074,-0.716275281791522,871.60348931928
99.8761029397136,-0.697376396737701,877.918955197763
99.8592015419051,-0.678387350996837,884.243595131338
99.8266800287507,-0.641848224716486,896.354941210249
99.8103076996124,-0.623453027232736,902.423247724747
99.7938603469479,-0.604973356094247,908.5
99.7596234198927,-0.566505382961541,921.087941193903
99.7423843950297,-0.547135662997627,927.395103104456
99.7250642824416,-0.527674657274305,933.711083816563
99.6916447981611,-0.490123804356093,945.839249902263
99.6748214223394,-0.471220471394688,951.91554374812
99.6579216408277,-0.452231142148893,958
99.6228305076476,-0.4128007829624,970.572443581608
99.5874124571822,-0.373002527890365,983.178802118096
99.5530692134319,-0.334411522177116,995.323620858176
99.5184161785794,-0.295471979520384,1007.5
99.4824098581269,-0.255011349716846,1020.07004160769
99.4460705497615,-0.214176178553134,1032.67290433428
99.410813520423,-0.174556894038177,1044.82116506304
99.3752405733269,-0.134582368121265,1057
99.3383304642114,-0.093105035316882,1069.5546440837
99.3010817447018,-0.0512470548579555,1082.1409665081
99.2648451509976,-0.01052636966792,1094.30565081738
99.2282855653705,0.0305572908993712,1106.5
99.1903662671791,0.0731688748839034,1119.06540313811
99.1521005643977,0.116169614205025,1131.66158906888
99.0774356617697,0.200073039243207,1156
99.0392341536174,0.243000908133822,1168.33192261882
99.0006922793734,0.286310867687028,1180.69249676883
98.9618056363381,0.330007784908032,1193.08182241803
98.9225697447228,0.374096609367963,1205.5
98.8881622640109,0.412759309293456,1216.32268603573
98.8534867758542,0.451722630483873,1227.16682464455
98.8509167219256,0.454610464467071,1227.96806731163
98.8483451902063,0.45749995573845,1228.76942721957
98.8431976884874,0.46328391555623,1230.37249886094
98.8380442607907,0.469074520859346,1231.97603977464
98.8328848972125,0.474871782564983,1233.58005016674
98.8225483228911,0.486486318739917,1236.78948021112
98.8121878856397,0.498127612127448,1240.00079064521
98.8018035054193,0.509795750927666,1243.21398312205
98.7913951018276,0.521490823727469,1246.42905929664
98.7705059027721,0.544962125732979,1252.86486936871
98.7635597653067,0.552766815582595,1255
98.7441457195771,0.574580311579107,1260.95463912357
98.7246490428221,0.596486417227138,1266.91556486065
98.7050692224125,0.618485696521572,1272.88278717215
98.6952479713041,0.629520454524803,1275.86876266185
98.685405740086,0.640578719518125,1278.85631604003
98.6834092027048,0.642821926297676,1279.46176837359
98.6814118009865,0.645066101448948,1280.0672855322
98.6612591821684,0.667708364121698,1286.16558487831
98.6410183840622,0.690449406622348,1292.27046329956
98.6002700044626,0.736230298035654,1304.5
98.5738936801758,0.76586346002812,1312.37329995064
98.5473688741838,0.79566286071408,1320.25731532995
98.5206943634078,0.825629841727545,1328.15206802809
98.4938689110548,0.855765759176711,1336.05757999491
98.4325564739867,0.924642098256121,1354
98.4175578392053,0.941490505059096,1358.36264868231
98.3787079329947,0.985130678219909,1369.61505306817
98.3395451761863,1.02912066160596,1380.88870621486
98.3000658639796,1.07346450436318,1392.1836683677
98.2602662315938,1.11816631850753,1403.5
98.2160126735222,1.1678684201272,1416.00091043435
98.1713637511638,1.21801207609386,1428.52728207025
98.1392064634285,1.2541252026997,1437.49595584382
98.0832400935666,1.31697295134631,1453
98.0295468327801,1.37726394247842,1467.75058586692
97.9752857527135,1.43818819755287,1482.53582354711
97.9384285239503,1.47956885714013,1492.51001140198
97.9013071020151,1.52124395476244,1502.5
97.8073287227221,1.62674044798573,1527.54507831142
97.7493187888473,1.69185252954158,1542.83118695309
97.7142837266065,1.73117398777441,1552
97.6620934980982,1.78974523649095,1565.57126913744
97.6093940949818,1.84888261105163,1579.170417641
97.5658610960862,1.89772963344334,1590.32581136295
97.5219776445309,1.94696598675182,1601.5
97.4228358002267,2.05818620184195,1626.48639000535
97.3420999966519,2.14874202638345,1646.57372505332
97.3241842372275,2.16883489579843,1651
97.2718721483926,2.22749961967812,1663.8601754062
97.2190721446754,2.28670489009467,1676.74440637374
97.1700892510037,2.3416238906051,1688.61198033775
97.1206826979571,2.39701179977056,1700.5
97.0158524322093,2.51451232086284,1725.4548124004
96.9178689497917,2.62431182090143,1748.45502649824
96.9112395989103,2.63173965726754,1750
96.8567996323222,2.69273204450036,1762.63439076853
96.8018546485672,2.75428157944301,1775.29117016255
96.7489656902397,2.81351955379502,1787.3853461322
96.6956044910323,2.87327793281165,1799.5
96.5847106839002,2.99743801386576,1824.39975341869
96.5308018454236,3.05778186607584,1836.37139519048
96.4764135164065,3.11865282656081,1848.36269448377
96.4749628735284,3.12027623984684,1848.68134029567
96.4735118879516,3.12190002963296,1849
96.4450650774956,3.15373327293036,1855.23500903794
96.416486389044,3.18571134987755,1861.47531612652
96.358929668905,3.25010589009359,1873.9718514899
96.3020637757932,3.31371624819201,1886.22570701501
96.2446743595719,3.37790062846232,1898.5
96.1865198424422,3.4429285916694,1910.84442848281
96.1278253933427,3.50854771159103,1923.2092043829
96.068583344724,3.5747659678773,1935.59437804998
96.0087858757573,3.64159148815442,1948
95.9515909278954,3.70549563209821,1959.77676083581
95.8938829579348,3.76995989048202,1971.5719790383
95.8905157599869,3.77372089995049,1972.25753325194
95.8871468067037,3.77748382445064,1972.94314986794
95.8569524673282,3.81120709844986,1979.07486614926
95.8266167397469,3.84508455962858,1985.21157586195
95.7961386093788,3.87911725577641,1991.35328510815
95.7655170513926,3.91330624446909,1997.5
95.70365605158,3.98236214175521,2009.84502897631
95.6412075295133,4.05205744885425,2022.2100063482
95.5145134719555,4.19340167678978,2047
95.4453486888116,4.27053424127805,2060.36870830591
95.385248662907,4.33754017918605,2071.89234040359
95.2553948443694,4.48225796280305,2096.5
95.1123258693554,4.64161063814184,2123.16098513565
94.9877480676906,4.78028559979713,2146
94.9811548936198,4.78762268360232,2147.19913328747
94.8474479640587,4.93636777565941,2171.31202186828
94.7111282685583,5.08792330829562,2195.5
94.6403016470836,5.16662661303569,2207.91232549126
94.5687581756177,5.24609867454838,2220.34447117778
94.5008940665008,5.32145740770524,2232.04013039989
94.4250529522248,5.40564345349106,2245
94.2785431589944,5.5681806145779,2269.71064065429
94.1289985976494,5.73395455105377,2294.5
94.066917112177,5.80273399821492,2304.66492071891
94.0043033676399,5.87207928386064,2314.84316635167
93.9764618104472,5.90290629574457,2319.34536379588
93.8223939499817,6.07340720886716,2344
93.6436627335589,6.27101205925946,2372.0612614952
93.5046195776733,6.42459285852756,2393.5
93.4905646242069,6.44011013258411,2395.64836841572
93.4720453970923,6.46055412132811,2398.47391666304
93.4534805705041,6.48104611912055,2401.3004964165
93.4162134094867,6.52217482758068,2406.95675270202
93.3787617056725,6.56349764545373,2412.61714179685
93.3411240096207,6.60501597183796,2418.28166823218
93.258514193408,6.69610885444059,2430.63099049315
93.1750000384572,6.7881503690254,2443
93.0048391626868,6.9755320641935,2467.84827539613
92.9192923142834,7.0696572643812,2480.16420665138
92.8327887357446,7.16478028942386,2492.5
92.6569959511627,7.35791674733194,2517.20988262419
92.4771672221412,7.5552426485455,2542
92.3742577918533,7.66805137792827,2555.96968856544
92.2699922544977,7.78226078122084,2569.96536136428
92.2674745538401,7.7850175176685,2570.30136722411
92.2649560560636,7.7877750757763,2570.63738807489
92.2599166675375,7.79329265847975,2571.3094747533
92.249828307253,7.80433770041965,2572.65382804564
92.2296131627766,7.82646737529261,2575.34325459725
92.1890284463386,7.87088577124969,2580.72498936814
92.107235383295,7.96036426010164,2591.5
92.0122433757621,8.0642127333627,2603.89554466347
91.916114156568,8.16922791313757,2616.31173760945
91.7829353964229,8.3145884800444,2633.30425228385
91.7219940122686,8.38105361314215,2641
91.6234144040703,8.48850054690798,2653.34395023328
91.5236285280358,8.59717582630944,2665.70856565713
91.4226123014437,8.70710146044107,2678.09389820886
91.3203409341844,8.81830003036357,2690.5
91.279366006187,8.86282516293862,2695.43330787115
91.1863891235199,8.96380121021149,2706.54938086619
91.0923561148236,9.06584356875038,2717.68249439006
90.9010427178653,9.27319836803554,2740
90.8578419811558,9.31997376398204,2744.97932763395
90.7603580089265,9.42545879554974,2756.13924688407
90.6618734936688,9.5319338606054,2767.30765889383
90.5623710325236,9.63941395962813,2778.48457336147
90.4618327718294,9.74791442849441,2789.67
90.383725672209,9.83213833206471,2798.28585062775
90.1954374626869,10.0349211403507,2818.79348811137
90.0034457913228,10.2413220650479,2839.33
89.898610396018,10.3538652270553,2850.3872878975
89.713167929781,10.5526605506376,2869.68099414036
89.6191286794096,10.6533321910812,2879.33733150893
89.5241917247026,10.7548689625608,2889
89.5230137401124,10.7561282297093,2889.1000846569
89.5218355370384,10.7573877154575,2889.20017366278
89.5194784751737,10.759907342997,2889.40036472264
89.5147617267134,10.7649492239653,2889.80079904268
89.5053177159379,10.7750435032099,2890.60187654757
89.4863875191001,10.7952742412917,2892.20486752515
89.4483574587381,10.8359053243445,2895.41419742546
89.3716108396679,10.9178531176617,2901.84628168333
89.2939335590301,11.0007291689333,2908.29632769777
89.2153068053558,11.0845507219728,2914.76441081194
89.064337485488,11.245302414525,2927.01472392131
88.9097841998622,11.409605975527,2939.33
88.7455716408743,11.583881503531,2952.17095087527
88.6619227857516,11.6725376308719,2958.61750086836
88.5772165147781,11.7622321048269,2965.08152815299
88.4142510159805,11.9345592903302,2977.33921702579
88.247270116529,12.1108083852257,2989.66
88.0698109197696,12.2977533090044,3002.49571543133
87.8876945344162,12.4892094617137,3015.39890143113
87.7109915080632,12.6745875335054,3027.66381416945
87.5297377801085,12.8643387750767,3039.99
87.3370411616781,13.0656186704576,3052.81908434385
87.1390430122145,13.2719464641146,3065.71352997519
86.9463866325659,13.4722254320351,3077.98700900047
86.7484997489182,13.6774406281867,3090.32
86.5378892756579,13.8952859758005,3103.14955388861
86.3211440753419,14.1188615547273,3116.04247592231
86.1097330113715,14.3363264778685,3128.32235675033
85.8922092215442,14.5594446353228,3140.66
85.6604873518178,14.7964097926622,3153.48051912725
85.4215395459495,15.0399814618259,3166.3623986169
85.1876345946383,15.2776337066351,3178.6481624524
84.9464306559243,15.5218854616186,3190.99
84.4226383547954,16.0493975145187,3216.69183982688
84.1611781857553,16.3112065603878,3228.97873402073
83.8907643036027,16.580909156753,3241.32
83.3157553996103,17.1507281407086,3266.37483646147
82.6962084316032,17.7589809708909,3291.65
82.4654494640041,17.9839959115055,3300.62894076405
82.2961430610388,18.1485512215155,3307.07193322699
82.019642415629,18.4163088672263,3317.33618064189
81.4159533580725,18.9966230463415,3338.6688674973
81.3184395867229,19.0898042947505,3341.98
80.8871624598985,19.5000434799938,3356.19208780315
80.4312790584187,19.930332727797,3370.47067351015
80.0662647983931,20.2723426490609,3381.37088028597
79.6834814271672,20.6285803002751,3392.31
79.6815358690639,20.6303845690244,3392.36434000005
79.3156785535878,20.9685223304265,3402.36247766525
78.0178666227753,22.1493507281224,3434.44472730291
77.6493633807953,22.4792708244495,3442.64
76.4506203960573,23.5358545326812,3466.70910756626
75.2218003417534,24.5922316414022,3487.5369695979
74.8602476968221,24.8978525899994,3492.97
74.4255460834473,25.2621646115112,3499.1039710572
71.2606253696275,27.8106315787753,3531.7293278752
69.0482060422301,29.4833660469751,3543.3
66.8934231922322,31.0270926892982,3546.83739505872
64.6685114859093,32.5338579531274,3543.3
62.2286964312618,34.0864581998213,3531.7293278752
58.4349149111892,36.300394341345,3499.1039710572
57.8837575440426,36.6023803253489,3492.97
57.4195381565361,36.8529564229654,3487.5369695979
55.8014244158853,37.6997672178393,3466.70910756626
54.1609453128247,38.5169103183708,3442.64
53.6439866137153,38.7659633535966,3434.44472730291
51.7746009244909,39.6335441814859,3402.36247766525
51.23364839683,39.8751113382554,3392.36434000005
51.2307550662258,39.8763920924979,3392.31
50.6580531073611,40.1275537112558,3381.37088028597
50.1055115149193,40.3654728929937,3370.47067351015
49.4065310544509,40.6603224186982,3356.19208780315
48.7361171084205,40.936767840678,3341.98
48.5832911179375,40.998922896473,3338.6688674973
47.6269097368636,41.3806905731182,3317.33618064189
47.182937328592,41.5537365282338,3307.07193322699
46.9092356944417,41.6591095786984,3300.62894076405
46.5339209644069,41.801992905986,3291.65
45.5132705184657,42.1812343913857,3266.37483646147
44.5489676643453,42.5271910844495,3241.32
44.0897899229303,42.6877722775005,3228.97873402073
43.6423495635086,42.841698767724,3216.69183982688
42.7357127579617,43.1459618042663,3190.99
42.3136043712127,43.2841681080778,3178.6481624524
41.9014957705985,43.4170064576209,3166.3623986169
41.4776843851685,43.5514752367096,3153.48051912725
41.0639719723285,43.6806601972735,3140.66
40.6731771277763,43.8008154503566,3128.32235675033
40.2911116042436,43.9165391663647,3116.04247592231
39.897105429395,44.0340819896845,3103.14955388861
39.5120247976985,44.1472100518104,3090.32
39.1482135602317,44.2525088426755,3077.98700900047
38.7921672676701,44.3540823823034,3065.71352997519
38.4243515642801,44.4574877042453,3052.81908434385
38.0645437661923,44.5571504306523,3039.99
37.7244512090016,44.6500043791647,3027.66381416945
37.3913621333498,44.7396836814748,3015.39890143113
37.0464890218592,44.8312265123412,3002.49571543133
36.7088991294053,44.9195531866741,2989.66
36.3898642357857,45.0018649510855,2977.33921702579
36.0772183938229,45.0814402223018,2965.08152815299
35.9142126663377,45.1225034050676,2958.61750086836
35.7529082275486,45.1628519763465,2952.17095087527
35.435287833829,45.2414723702496,2939.33
35.1351925056643,45.3147487480152,2927.01472392131
34.8409777566901,45.385644761216,2914.76441081194
34.6873267815741,45.4222992971432,2908.29632769777
34.5352497137251,45.4583289735976,2901.84628168333
34.3847206833434,45.4937481303014,2895.41419742546
34.3100287345859,45.5112331354096,2892.20486752515
34.2728245485332,45.5199202405565,2890.60187654757
34.2542577354223,45.5242500356923,2889.80079904268
34.2449831280729,45.5264115053086,2889.40036472264
34.2403480216107,45.5274913845498,2889.20017366278
34.2380310173595,45.5280311104559,2889.1000846569
34.2357143789724,45.5285706939532,2889
34.0488007777902,45.5719177344738,2879.33733150893
33.8632476912802,45.6145821399853,2869.68099414036
33.4961622571708,45.6979128522026,2850.3872878975
33.2879500643986,45.7445468176733,2839.33
32.9053562711833,45.8290515348557,2818.79348811137
32.5285444346579,45.9107847863838,2798.28585062775
32.3717716070633,45.9443550498535,2789.67
32.1695805799492,45.987274847083,2778.48457336147
31.9690365034333,46.0294277369609,2767.30765889383
31.7701190958523,46.0708293332682,2756.13924688407
31.5728084501136,46.1114948562698,2744.97932763395
31.4852376315524,46.1294152371151,2740
31.0964703471239,46.2080258354015,2717.68249439006
30.9048145469623,46.2462128954447,2706.54938086619
30.7149437064978,46.2836766033953,2695.43330787115
30.6311521017036,46.3000935076654,2690.5
30.4217057289464,46.3408189675915,2678.09389820886
30.2144021399505,46.3806921268637,2665.70856565713
30.0092089377897,46.4197337444993,2653.34395023328
29.8060944272679,46.4579639600898,2641
29.6803315749766,46.4814281194131,2633.30425228385
29.4049703107918,46.5322524117553,2616.31173760945
29.2057689526515,46.5685491641511,2603.89554466347
29.0085614338062,46.6040946891461,2591.5
28.8384686014631,46.6344436778503,2580.72498936814
28.7539726318193,46.6494136736951,2575.34325459725
28.7118612452352,46.6568481615598,2572.65382804564
28.6908395758862,46.6605528538955,2571.3094747533
28.6803372315609,46.6624020715981,2570.63738807489
28.675088180035,46.663325899509,2570.30136722411
28.6698405415262,46.6642492072397,2569.96536136428
28.4523026657414,46.7022857644395,2555.96968856544
28.2371801750048,46.7394425223251,2542
27.8602884628326,46.8034476603771,2517.20988262419
27.4906703304026,46.8648712360609,2492.5
27.3083652609921,46.8946777896163,2480.16420665138
27.1278040401913,46.9238816583079,2467.84827539613
26.7678537035191,46.9811594946885,2443
26.5908080693071,47.0088740263405,2430.63099049315
26.4154337876898,47.0360298625057,2418.28166823218
26.33545135257,47.0483167402155,2412.61714179685
26.2558144105632,47.0604896241554,2406.95675270202
26.1765208081273,47.0725496866392,2401.3004964165
26.137002088951,47.0785377725979,2398.47391666304
26.0975684054193,47.084498086298,2395.64836841572
26.0676326607615,47.0890128819141,2393.5
25.7711136868355,47.1332707017544,2372.0612614952
25.3889819905442,47.1890722708539,2344
25.058716222419,47.2361839943993,2319.34536379588
24.9989497454132,47.2445992921468,2314.84316635167
24.8644457514485,47.2634144824272,2304.66492071891
24.730958387113,47.2819187523027,2294.5
24.4088959153721,47.3258731630576,2269.71064065429
24.0926774969229,47.3680825888432,2245
23.9287217207745,47.3895991759046,2232.04013039989
23.7818598174153,47.4086592280725,2220.34447117778
23.6268825572164,47.4285543250905,2207.91232549126
23.4733049419007,47.4480490487201,2195.5
23.1772913526515,47.4850056011189,2171.31202186828
22.8864187739315,47.5205286908661,2147.19913328747
22.8720622030402,47.5222617184908,2146
22.600560697499,47.5546769552457,2123.16098513565
22.2882180794405,47.5911273118382,2096.5
22.0042351883302,47.6234891396317,2071.89234040359
21.8726445299601,47.6382338119963,2060.36870830591
21.7210864488379,47.6550191827537,2047
21.4431388421777,47.6852562993503,2022.2100063482
21.3059825065168,47.6999170882615,2009.84502897631
21.1700179714594,47.7142811284491,1997.5
21.1026787668111,47.7213328347643,1991.35328510815
21.0356315028225,47.7283129463428,1985.21157586195
20.9688743869321,47.7352222051152,1979.07486614926
20.9024056410873,47.742061344153,1972.94314986794
20.8949879439936,47.7428220783054,1972.25753325194
20.8875738309819,47.7435819450689,1971.5719790383
20.7604652605564,47.75653151538,1959.77676083581
20.6344062798724,47.7692292537162,1948
20.5025266672308,47.7823590034123,1935.59437804998
20.3717876972303,47.7952196171194,1923.2092043829
20.2421754421867,47.8078166494433,1910.84442848281
20.113676197483,47.8201555237236,1898.5
19.9867910898685,47.8321930107398,1886.22570701501
19.8609894755242,47.843984234535,1873.9718514899
19.7335855043573,47.855780183014,1861.47531612652
19.6702981005043,47.8615853965816,1855.23500903794
19.607284837195,47.8673296271808,1849
19.6040702449583,47.8676217080829,1848.68134029567
19.6008563658125,47.8679136312066,1848.36269448377
19.4803266301044,47.8787944833381,1836.37139519048
19.3607962985171,47.889456082414,1824.39975341869
19.1147205408601,47.9110009025299,1799.5
18.9962192037827,47.9211822899691,1787.3853461322
18.8787088326228,47.9311542435713,1775.29117016255
18.7565702241888,47.9413878777782,1762.63439076853
18.6354946482865,47.9514006848417,1750
18.6207468281056,47.9526113545941,1748.45502649824
18.4026701450279,47.9702867063401,1725.4548124004
18.1691509575941,47.9887429409273,1700.5
18.0590217904038,47.9972782814673,1688.61198033775
17.9497926203918,48.0056371399732,1676.74440637374
17.8320027424815,48.014532082499,1663.8601754062
17.7152521799531,48.0232267351203,1651
17.6752565222086,48.0261774217367,1646.57372505332
17.4949502750303,48.0393030676981,1626.48639000535
17.2733859314059,48.0550368998266,1601.5
17.1752619320753,48.0618658114202,1590.32581136295
17.0778904560743,48.0685579975929,1579.170417641
16.9599754157514,48.0765496831302,1565.57126913744
16.8431563179403,48.084345721044,1552
16.7647123760047,48.089512997623,1542.83118695309
16.6347860414573,48.0979518431737,1527.54507831142
16.4241931578493,48.111313254741,1502.5
16.3409733825505,48.1164853279547,1492.51001140198
16.2583263054465,48.1215613290653,1482.53582354711
16.1366186434882,48.1289266684118,1467.75058586692
16.0161444006586,48.1360887724,1453
15.890528209479,48.1434203965564,1437.49595584382
15.8183324898637,48.1475712461243,1428.52728207025
15.7180696067981,48.1532597101082,1416.00091043435
15.6186692443279,48.1588119395911,1403.5
15.5292519648863,48.1637323086591,1392.1836683677
15.4405349292916,48.1685446897056,1380.88870621486
15.3525104762731,48.1732511543376,1369.61505306817
15.2651710529999,48.1778537304173,1358.36264868231
15.2314474870644,48.1796129568131,1354
15.0935628712048,48.1867020133608,1336.05757999491
15.0332220261254,48.1897518392881,1328.15206802809
14.9732127146675,48.1927532347759,1320.25731532995
14.9135323923813,48.1957068562658,1312.37329995064
14.8541785400833,48.1986133504481,1304.5
14.7624689971071,48.2030435560398,1292.27046329956
14.7169079120844,48.2052170711879,1286.16558487831
14.6715410697648,48.2073632514568,1280.0672855322
14.6670443627045,48.2075749962797,1279.46176837359
14.6625495604144,48.2077864744211,1278.85631604003
14.6403911577004,48.2088264296432,1275.86876266185
14.6182789998363,48.2098599279684,1272.88278717215
14.5741928826057,48.2119076875656,1266.91556486065
14.5302901328366,48.2139300190108,1260.95463912357
14.4865696856849,48.215927184965,1255
14.4709260731106,48.2166377266371,1252.86486936871
14.4238780078464,48.2187617695235,1246.42905929664
14.4004339133028,48.2198129511879,1243.21398312205
14.3770428872952,48.2208569605942,1240.00079064521
14.3537047620984,48.2218938381682,1236.78948021112
14.330419370673,48.2229236240872,1233.58005016674
14.3187963978798,48.2234358701743,1231.97603977464
14.3071865461992,48.2239463583026,1230.37249886094
14.2955897949429,48.2244550934252,1228.76942721957
14.2897963254913,48.2247088051543,1227.96806731163
14.2840061234068,48.2249620804826,1227.16682464455
14.2058779839025,48.2283508968291,1216.32268603573
14.1283427927494,48.2316612285855,1205.5
14.0399141001599,48.2353725109863,1193.08182241803
13.9522592161233,48.2389838784883,1180.69249676883
13.8653687199346,48.2424975062283,1168.33192261882
13.7792333388135,48.2459155181022,1156
13.6108476665259,48.2524102930254,1131.66158906888
13.5245333437262,48.2556435773608,1119.06540313811
13.4389895648078,48.2587838689416,1106.5
13.3565033014679,48.261751476133,1094.30565081738
13.2747364403169,48.2646346460064,1082.1409665081
13.1906763378493,48.2675379176423,1069.5546440837
13.1073712600178,48.2703543537969,1057
13.0270757869158,48.2730118061896,1044.82116506304
12.9474855866285,48.2755904870737,1032.67290433428
12.8654443342497,48.27819083241,1020.07004160769
12.7841472176866,48.2807097752304,1007.5
12.7058986968926,48.2830799138279,995.323620858176
12.6283432291915,48.2853764695327,983.178802118096
12.5483540766134,48.2876902548234,970.572443581608
12.469096969944,48.2899279539068,958
12.430924836017,48.2909861849874,951.91554374812
12.3929239269424,48.2920270791976,945.839249902263
12.3174315583491,48.2940576519387,933.711083816563
12.2783045998423,48.2950905764611,927.395103104456
12.2393595124213,48.2961054796192,921.087941193903
12.1620103023323,48.2980820816526,908.5
12.1248501675186,48.2990131841401,902.423247724747
12.0878584576424,48.2999281438481,896.354941210249
12.0143761187789,48.3017103880205,884.243595131338
11.9761858471325,48.3026181231244,877.918955197763
11.9381754438253,48.3035089972468,871.60348931928
11.8626895900349,48.3052409835324,859
11.8263990132181,48.3060560302728,852.91138122816
11.7902747566648,48.3068559779134,846.831503704974
11.7185210213938,48.3084112938719,834.697897215213
11.6813626328145,48.3091991524804,828.384305116467
11.6443805783721,48.3099713646185,822.080138932514
11.5709408817819,48.3114696235264,809.5
11.5005993365686,48.3128607611028,797.373209296456
11.4656722735908,48.3135355468618,791.323321138095
11.4309063097084,48.3141967013067,785.282411049003
11.3583942186192,48.315541915996,772.621532191134
11.3224001104105,48.3161927108908,766.3058592348
11.3044680336566,48.316512736249,763.151704332378
11.2865790841812,48.3168292106651,760
11.2167651813887,48.3180377185595,747.624980525305
11.1635616428239,48.3189302902993,738.10585056905
11.1112071152224,48.3197846368842,728.662576868828
11.0596832837524,48.3206022037893,719.29425629553
11.0089723342514,48.3213843776881,710
10.9758713668708,48.3218828959992,703.893262828064
10.9431132741352,48.3223668907276,697.818265601651
10.9425560203971,48.3223750435076,697.714649662011
10.8786067352308,48.3232927443618,685.762506287605
10.8775151242626,48.3233081014733,685.557420936635
10.8463084900784,48.323742753615,679.679239165515
10.8154149407075,48.3241647231557,673.830777988988
10.7971407682221,48.3244104295329,670.357470241551
10.7789755146552,48.3246518003203,666.894602614602
10.7609183005854,48.3248888985439,663.442128107172
10.7519299340269,48.3250058648984,661.719773662561
10.7429682516497,48.3251217863053,660
10.68214346419,48.3258901587209,647.44308825296
10.6788253542524,48.3259311518587,646.754516626808
10.6224819318426,48.3266126605027,635.004994961893
10.6159756118293,48.3266895850874,633.641205778202
10.5639536918586,48.3272914392771,622.6840416075
10.5543839245835,48.3273995982159,620.658098913648
10.50652975544,48.3279285369733,610.478581138349
10.5042893350613,48.3279528139763,610
10.4940163937795,48.3280635732722,607.803266391352
10.4501820686284,48.3285258955455,598.386997236882
10.4474341044949,48.3285543233828,597.794365946859
10.3916475012599,48.3291172800535,585.703166460287
10.3369024045888,48.3296434904036,573.724799718285
10.2748071566099,48.3302088946883,560
10.2442571885389,48.3304747948239,553.192741540924
10.2201715716269,48.3306787257004,547.800018114301
10.2066758769933,48.3307907938256,544.768301784382
10.1932446224025,48.3309007589618,541.743844590016
10.1798773919674,48.3310086469685,538.726620490491
10.166573773201,48.331114483378,535.716603569497
10.1611209638338,48.3311574196136,534.480806121155
10.1583985587757,48.3311787597554,533.863362308618
10.1570383546167,48.3311893979269,533.554754032585
10.1556788154558,48.3312000148683,533.246221472873
10.1495888577297,48.3312473760234,531.863248856533
10.1435122307353,48.3312943130095,530.481796516729
10.1431481001809,48.3312971154542,530.398967680803
10.1404789038332,48.3313176231936,529.791639667362
10.1374488948245,48.3313408282379,529.101861948018
10.1344221987988,48.3313639284418,528.412463046378
10.1329100916114,48.3313754393218,528.067905554689
10.1321543479577,48.3313811849726,527.895662281578
10.1313988108296,48.3313869241034,527.723442650462
10.1170708074748,48.3314948240983,524.453026404614
10.1139872764758,48.3315178125273,523.748093657487
10.0789964088761,48.3317729022382,515.721110339925
10.0541923626229,48.3319472989249,510
10.0163949402908,48.3322027949141,501.231837635871
9.97174008272189,48.3324886846535,490.793867695779
9.92782222148841,48.3327529947536,480.443297181012
9.88462499832819,48.3329966565746,470.179032946135
9.84213251255657,48.3332205608775,460
9.82184156209304,48.3333219576633,455.110153799645
9.80170993373919,48.3334190311661,450.239855181777
9.78173594082497,48.3335118725186,445.388987165494
9.7619179192431,48.3336005709334,440.55743370145
9.74225422708301,48.3336852137464,435.745079662605
9.72274324427194,48.3337658864601,430.951810835079
9.70338337222267,48.3338426727843,426.177513909115
9.68417303348824,48.3339156546777,421.42207647015
9.67263154657208,48.333957963617,418.556340878194
9.66114379920757,48.3339989289628,415.697432495386
9.64970945382147,48.334038567926,412.845326953464
9.64401220135234,48.3340578953356,411.421817664446
9.63832817400433,48.3340768975054,410
9.5975733305678,48.334204941706,399.307878836069
9.55744174927237,48.3343169592068,388.697138499809
9.51792061364894,48.3344136297106,378.166853394176
9.47899743922999,48.3344956048617,367.716111905669
9.45044941620942,48.3345473813805,360
9.44066002282426,48.3345635095527,357.344016141245
9.41447276474712,48.3346025704069,350.213610508655
9.40289654987568,48.3346179428906,347.049681671167
9.3790053966748,48.33464599654,340.49665633665
9.34403766074465,48.3346781369177,330.84840112145
9.30956005890812,48.3346994503174,321.268118876023
9.26931709083918,48.3347112961178,310
9.23464866196328,48.3347102458826,300.217481876511
9.20047619494561,48.334699015575,290.505624974055
9.16679015725823,48.3346780385598,280.863666446062
9.13358124700656,48.3346477310716,271.290854387338
9.09471199509615,48.3346001160449,260
9.06130940535016,48.3345487355398,250.221496159884
9.02838993701633,48.3344886361344,240.514923480173
8.99594420781477,48.334420210234,230.879491175603
8.96396306469106,48.334343834352,221.314420010072
8.94511337728608,48.334294665875,215.644922069009
8.92642379302612,48.3342428743521,210
8.90855675657329,48.3341905314626,204.581591531031
8.8907350585834,48.3341355648362,199.16578174378
8.85522703126139,48.3340178420715,188.341950740003
8.8361291318562,48.3339500054036,182.501932901358
8.81708333787921,48.333879205216,176.664936727765
8.77914726728463,48.3337288140656,165
8.77091099406734,48.3336945145314,162.460614540196
8.73871153418149,48.3335547784148,152.509498489537
8.70666112989247,48.3334067640029,142.567164179106
8.68760667877125,48.3333145466024,136.638571687629
8.66093039634026,48.3331801544703,128.316210957766
8.63435717776829,48.3330401484203,120
8.60944238191473,48.3329033198685,112.178010498598
8.5732649405349,48.3326950586206,100.775120697231
8.55484395014513,48.3325846557735,94.9483509011809
8.53648377199423,48.3324716902293,89.126912393105
8.51818412739232,48.3323561892175,83.3107978594423
8.4999447392935,48.332238179706,77.5
8.48336970231013,48.3321284372791,72.2074135776759
8.46684430467428,48.3320166524294,66.9192339716901
8.4503683400203,48.3319028450297,61.6354556803995
8.43394160308702,48.3317870347791,56.3560732113143
8.41734438715727,48.3316676466819,51.0103056534594
8.40079730833372,48.3315462418045,45.6690413893526
8.38430015640427,48.3314228401136,40.3322747310044
8.37607023735637,48.3313603966522,37.6655762291114
8.37195993069868,48.3313289903447,36.332647874741
8.36990593916966,48.3313132411808,35.6662888829499
8.36785272163608,48.3312974613944,35
8.36304398141797,48.3312603612855,33.125
8.35823814316051,48.3312230832607,31.25
8.34863516211402,48.33114799483,27.5
8.33904375770055,48.331072198829,23.75
8.33425239024594,48.331034036339,21.875
8.33185778907358,48.3310148891199,20.9375
8.33066075898462,48.3310052990353,20.46875
8.32946390917337,48.3309956979744,20
8.32337622839596,48.3309466707012,17.3283812080545
8.31729374887159,48.3308973644086,14.6567624161089
8.30895992595116,48.3308292872532,10.9925718120812
8.30602243319689,48.3308051479897,9.7
8.30063585751267,48.3307606886571,7.32838120805445
8.2923215265551,48.3306915705871,3.66419060402677
8.28816800732953,48.330656817362,1.83209530201384
8.28609215835368,48.3306393923089,0.916047651006011
8.2850544614093,48.3306306676856,0.458023825503005
8.28401691611657,48.3306219350028,0
