107.3,-7.78,46
107.293945034656,-7.77336667137157,51.0103056534594
107.287471327843,-7.76627427679703,56.3560732113143
107.281064465028,-7.75925478224407,61.6354556803995
107.274638750199,-7.75221430135676,66.9192339716901
107.268194105724,-7.74515274642765,72.2074135776759
107.261730453555,-7.73807002927315,77.5
107.254618171164,-7.73027617108687,83.3107978594423
107.24748281808,-7.72245662383334,89.126912393105
107.240324289528,-7.71461126910812,94.9483509011809
107.233142480114,-7.70673998779768,100.775120697231
107.219039194147,-7.69128155116643,112.178010498598
107.209327456869,-7.68063571362774,120
107.19897010881,-7.66928134059522,128.316210957766
107.188573439021,-7.65788300208053,136.638571687629
107.181147779648,-7.64974139050793,142.567164179106
107.168658474462,-7.63604692968173,152.509498489537
107.156112309418,-7.62228887756893,162.460614540196
107.152903332582,-7.61876973200462,165
107.138123893644,-7.60256071223057,176.664936727765
107.130704515971,-7.59442302512733,182.501932901358
107.123265265563,-7.58626310548115,188.341950740003
107.109434866658,-7.57109174347708,199.16578174378
107.102493855135,-7.56347718072901,204.581591531031
107.09553555412,-7.55584327084691,210
107.088257493747,-7.54785814832573,215.644922069009
107.080917691324,-7.53980486491311,221.314420010072
107.068466072694,-7.52614189550158,230.879491175603
107.055835351791,-7.51228116129326,240.514923480173
107.043022039056,-7.49821878150664,250.221496159884
107.030022558541,-7.48395077855956,260
107.014897961329,-7.4673486303969,271.290854387338
107.001977906026,-7.45316498360604,280.863666446062
106.988874119011,-7.43877831480589,290.505624974055
106.975583059133,-7.42418468209849,300.217481876511
106.962101098465,-7.40938004624445,310
106.946453812817,-7.39219589574623,321.268118876023
106.933050365536,-7.37747447453356,330.84840112145
106.919458392559,-7.36254458162435,340.49665633665
106.910173057758,-7.35234443512309,347.049681671167
106.905674283259,-7.347402194149,350.213610508655
106.895498149692,-7.33622237796802,357.344016141245
106.891694370025,-7.33204322450124,360
106.880602614293,-7.31985625508618,367.716111905669
106.865481964088,-7.30324106354128,378.166853394176
106.850131565211,-7.28637163662486,388.697138499809
106.834546678569,-7.26924268896571,399.307878836069
106.818722440564,-7.25184879521496,410
106.816517313218,-7.24942478414226,411.421817664446
106.814307113019,-7.24699515983826,412.845326953464
106.80987143155,-7.24211900184176,415.697432495386
106.805415268761,-7.23722017922142,418.556340878194
106.800938496831,-7.23229854948332,421.42207647015
106.793487616485,-7.22410693880464,426.177513909115
106.785979402321,-7.21585187182782,430.951810835079
106.778413257299,-7.20753268281462,435.745079662605
106.770788576485,-7.19914869715671,440.55743370145
106.763104746923,-7.1906992312316,445.388987165494
106.755361147507,-7.1821835922557,450.239855181777
106.747557148848,-7.17360107813466,455.110153799645
106.739692113136,-7.1649509773107,460
106.723223824449,-7.14683737600006,470.179032946135
106.706485663955,-7.12842487011012,480.443297181012
106.689471623962,-7.1097067540688,490.793867695779
106.672175526279,-7.09067613049773,501.231837635871
106.657538227213,-7.07456921257228,510
106.647934049721,-7.06399989408536,515.721110339925
106.634387331406,-7.04909068647414,523.748093657487
106.633193643916,-7.04777687664789,524.453026404614
106.627647245384,-7.04167219935018,527.723442650462
106.627354785336,-7.0413502951436,527.895662281578
106.627062246333,-7.04102830340466,528.067905554689
106.626476931349,-7.04038405720208,528.412463046378
106.625305352663,-7.03909451300016,529.101861948018
106.624132507469,-7.03780356466885,529.791639667362
106.622958393916,-7.03651121013911,530.481796516729
106.620606354375,-7.03392227426346,531.863248856533
106.618249219091,-7.03132768866911,533.246221472873
106.61772301439,-7.03074847021407,533.554754032585
106.617196555503,-7.03016896993113,533.863362308618
106.616142874511,-7.02900912314594,534.480806121155
106.614032455024,-7.02668603951997,535.716603569497
106.60888372546,-7.02101834238194,538.726620490491
106.603710684908,-7.01532368821628,541.743844590016
106.598513177902,-7.00960190325654,544.768301784382
106.59329104771,-7.00385281231275,547.800018114301
106.583971949076,-6.99359283610514,553.192741540924
106.572153127888,-6.98057984788263,560
106.548135363973,-6.95413220845694,573.724799718285
106.526966028881,-6.9308176997854,585.703166460287
106.505399208832,-6.90706209182908,597.794365946859
106.50433699654,-6.90589199022364,598.386997236882
106.487394780907,-6.88722784786473,607.803266391352
106.483424701872,-6.88285396987853,610
106.482558893145,-6.8819000842067,610.478581138349
106.46406771178,-6.861526547286,620.658098913648
106.460370351711,-6.85745251097549,622.6840416075
106.440273943075,-6.83530702710523,633.641205778202
106.437760829429,-6.83253746756893,635.004994961893
106.416000740667,-6.80855502790534,646.754516626808
106.414719437307,-6.80714276026655,647.44308825296
106.391234925873,-6.7812557883422,660
106.387781402583,-6.77744864019457,661.719773662561
106.384317748521,-6.77363023903362,663.442128107172
106.377359888151,-6.76595949854936,666.894602614602
106.370361018377,-6.75824320139376,670.357470241551
106.363320810987,-6.75048097997302,673.830777988988
106.351420361712,-6.73735927521947,679.679239165515
106.339401131962,-6.72410558739977,685.557420936635
106.338980731319,-6.72364199029745,685.762506287605
106.314356515318,-6.69648545278123,697.714649662011
106.314141973734,-6.69624882933448,697.818265601651
106.301531193842,-6.68233950863001,703.893262828064
106.288790456226,-6.66828571904348,710
106.269275509041,-6.64675737862401,719.29425629553
106.249452649265,-6.62488664503626,728.662576868828
106.229315247767,-6.60266608424822,738.10585056905
106.208856492521,-6.58008805546812,747.624980525305
106.182018367764,-6.5504654611928,760
106.175142762961,-6.54287571262876,763.151704332378
106.168250942437,-6.53526773889383,766.3058592348
106.1544184412,-6.51999687297404,772.621532191134
106.126556489683,-6.48923374729628,785.282411049003
106.113200122961,-6.47448475211042,791.323321138095
106.099783202886,-6.45966767097088,797.373209296456
106.072766169485,-6.42982750182205,809.5
106.04456488526,-6.39867408496127,822.080138932514
106.030365731576,-6.38298653100976,828.384305116467
106.016100334094,-6.36722443006193,834.697897215213
105.988557623441,-6.33678813783834,846.831503704974
105.974693345656,-6.32146539703591,852.91138122816
105.960766600497,-6.3060723338007,859
105.931802746399,-6.27405482816838,871.60348931928
105.917220385057,-6.25793295942435,877.918955197763
105.902570489874,-6.24173502022887,884.243595131338
105.874386578178,-6.21056898154672,896.354941210249
105.860200566075,-6.19487999204908,902.423247724747
105.845951328846,-6.17911976059398,908.5
105.816295720049,-6.14631523820609,921.087941193903
105.801366403766,-6.1297985350845,927.395103104456
105.786368834998,-6.11320487677431,933.711083816563
105.757436336341,-6.0811892085611,945.839249902263
105.742874503655,-6.06507357912118,951.91554374812
105.728248423217,-6.04888548534001,958
105.697884485747,-6.01527444692077,970.572443581608
105.667245921173,-5.98135350064162,983.178802118096
105.637545060911,-5.94846507828812,995.323620858176
105.607584228768,-5.91528318897894,1007.5
105.576461804163,-5.88080890808194,1020.07004160769
105.545060291414,-5.84601940388447,1032.67290433428
105.514602406414,-5.81226953823507,1044.82116506304
105.483880023101,-5.77822083315533,1057
105.452011743874,-5.74289609482148,1069.5546440837
105.419860335732,-5.70725129102601,1082.1409665081
105.388591470067,-5.6725789568068,1094.30565081738
105.357052833643,-5.63760156532568,1106.5
105.324350713816,-5.60132758796754,1119.06540313811
105.291359652008,-5.5647267068823,1131.66158906888
105.227015205117,-5.49332346450187,1156
105.194108632331,-5.45679763637347,1168.33192261882
105.16091887447,-5.41995115760159,1180.69249676883
105.127442437967,-5.38278002814195,1193.08182241803
105.093675771587,-5.34528018202516,1205.5
105.064073095298,-5.31239939031584,1216.32268603573
105.034247997022,-5.27926657103189,1227.16682464455
105.032037767623,-5.27681102055283,1227.96806731163
105.029826312497,-5.27435408102852,1228.76942721957
105.025399721189,-5.26943603040651,1230.37249886094
105.020968215274,-5.26451241020851,1231.97603977464
105.016531786932,-5.25958321148163,1233.58005016674
105.01589653431,-5.25887739005956,1233.80962126004
105.007644131778,-5.24970804272334,1236.78948021112
104.998736692668,-5.23981045194016,1240.00079064521
104.989809406449,-5.22989036682249,1243.21398312205
104.980862209692,-5.21994771475304,1246.42905929664
104.962907830893,-5.19999441927575,1252.86486936871
104.956938252648,-5.19335983636308,1255
104.940255386112,-5.17481747920123,1260.95463912357
104.923504112301,-5.15619755730178,1266.91556486065
104.906684027792,-5.13749960874806,1272.88278717215
104.898248054043,-5.12812122853307,1275.86876266185
104.889794724885,-5.11872316678387,1278.85631604003
104.888080013363,-5.11681677419337,1279.46176837359
104.886364586967,-5.11490957088734,1280.0672855322
104.86905847186,-5.09566782060297,1286.16558487831
104.851679451015,-5.07634338509411,1292.27046329956
104.816700929392,-5.03744444013261,1304.5
104.79406553981,-5.01226857608435,1312.37329995064
104.771307577988,-4.98695364190768,1320.25731532995
104.748426086125,-4.96149854118446,1328.15206802809
104.725420096357,-4.93590216604474,1336.05757999491
104.672856253035,-4.87740947604708,1354
104.660001744508,-4.86310288641812,1358.36264868231
104.626712904309,-4.82604969419426,1369.61505306817
104.593166662167,-4.78870425853325,1380.88870621486
104.559360133617,-4.75106327887404,1392.1836683677
104.525290390559,-4.71312340512922,1403.5
104.487421016008,-4.67094547630762,1416.00091043435
104.449227275784,-4.62839908001385,1428.52728207025
104.421727887089,-4.59776135112895,1437.49595584382
104.373885551794,-4.54445027736763,1453
104.328007238363,-4.49331735483866,1467.75058586692
104.28166456704,-4.4416566945914,1482.53582354711
104.250197950296,-4.40657338750339,1492.51001140198
104.218515602635,-4.37124487107811,1502.5
104.138351185308,-4.28183397889912,1527.54507831142
104.088899887007,-4.22666415048392,1542.83118695309
104.0590455809,-4.19335217389796,1552
104.014589362698,-4.14373976174386,1565.57126913744
103.969719446971,-4.0936568365311,1579.170417641
103.932669321415,-4.05229559385424,1590.32581136295
103.89533492113,-4.01061101036218,1601.5
103.811040584952,-3.91647295457689,1626.48639000535
103.742449129317,-3.83984962879347,1646.57372505332
103.727234794278,-3.82285111598278,1651
103.682824147809,-3.77322707699355,1663.8601754062
103.638019835307,-3.72315512347475,1676.74440637374
103.59647312165,-3.67671664378013,1688.61198033775
103.554585191429,-3.62988992298703,1700.5
103.465768318682,-3.53057874959311,1725.4548124004
103.382827033368,-3.43781056007414,1748.45502649824
103.377218024162,-3.43153607543818,1750
103.331169640331,-3.38001998927514,1762.63439076853
103.284716877834,-3.32804375818623,1775.29117016255
103.240024071858,-3.27802951301077,1787.3853461322
103.194953864742,-3.22758585024032,1799.5
103.101359968909,-3.1228110594782,1824.39975341869
103.055895327395,-3.07190452271709,1836.37139519048
103.010049074119,-3.02056382596521,1848.36269448377
103.008826579019,-3.01919472756463,1848.68134029567
103.007603811455,-3.01782531920121,1849
102.98363455313,-2.99098056854551,1855.23500903794
102.959560507087,-2.96401661024176,1861.47531612652
102.911095328723,-2.90972799025139,1873.9718514899
102.863237281626,-2.85611228076749,1886.22570701501
102.814964358553,-2.80202469573671,1898.5
102.766074296135,-2.74723851609718,1910.84442848281
102.716757356693,-2.69196686099604,1923.2092043829
102.667007957668,-2.63620343143032,1935.59437804998
102.616820415347,-2.57994181785973,1948
102.568843832753,-2.52615224562175,1959.77676083581
102.52046345615,-2.4719036508171,1971.5719790383
102.517641338575,-2.46873903658707,1972.25753325194
102.514817841012,-2.46557285382309,1972.94314986794
102.489516239531,-2.43719948493604,1979.07486614926
102.464103555418,-2.40869986547511,1985.21157586195
102.438579057266,-2.38007317271581,1991.35328510815
102.412942006996,-2.35131857668461,1997.5
102.361173762657,-2.2932501259395,2009.84502897631
102.308945367289,-2.23465885193131,2022.2100063482
102.203083452408,-2.11588013878377,2047
102.145346941699,-2.05108807548103,2060.36870830591
102.09520944898,-1.99481769576486,2071.89234040359
101.986983278055,-1.87333502163457,2096.5
101.867906046625,-1.73964502226725,2123.16098513565
101.764359503451,-1.62337000491278,2146
101.758883052739,-1.61721982895839,2147.19913328747
101.647902669621,-1.49257544948204,2171.31202186828
101.534911211883,-1.36565213055279,2195.5
101.476268329335,-1.29977108554202,2207.91232549126
101.417076075454,-1.23326799569738,2220.34447117778
101.360969179472,-1.17022704922364,2232.04013039989
101.298314933896,-1.09982492429868,2245
101.177422887747,-0.963970416425721,2269.71064065429
101.054223080963,-0.825506968797003,2294.5
101.003136988223,-0.768087570254117,2304.66492071891
100.951647999055,-0.710213148308007,2314.84316635167
100.928764482199,-0.684491061553923,2319.34536379588
100.802260074628,-0.542287947923284,2344
100.655776211203,-0.377614515987995,2372.0612614952
100.542023392724,-0.249730290784691,2393.5
100.530534856932,-0.236814322190616,2395.64836841572
100.515400028227,-0.219798963452247,2398.47391666304
100.500231143223,-0.202745262570649,2401.3004964165
100.469790733828,-0.168522320941434,2406.95675270202
100.439212677094,-0.134144458978742,2412.61714179685
100.40849601365,-0.0996106305807882,2418.28166823218
100.341123671435,-0.023865611079824,2430.63099049315
100.273079303103,0.0526350672972506,2443
100.134643704619,0.208273731819199,2467.84827539613
100.065151350753,0.286400320499148,2480.16420665138
99.9949536555869,0.36531837680181,2492.5
99.8525218729049,0.525437469192273,2517.20988262419
99.7071336967755,0.688868245107516,2542
99.6240774277094,0.782224972161717,2555.96968856544
99.5400345789301,0.876684728959964,2569.96536136428
99.5380065442568,0.878964054316608,2570.30136722411
99.5359779312463,0.88124402578634,2570.63738807489
99.531918969191,0.885805908160749,2571.3094747533
99.5237940937665,0.894937438339302,2572.65382804564
99.5075164801085,0.913231622071677,2575.34325459725
99.4748493389469,0.949944978468476,2580.72498936814
99.4090636650519,1.02387564567356,2591.5
99.3327474383369,1.10963467881585,2603.89554466347
99.2556114365029,1.19630786552861,2616.31173760945
99.1489031176286,1.31619700838138,2633.30425228385
99.100135515115,1.37098321339666,2641
99.0213301907513,1.45950675565203,2653.34395023328
98.9416641147734,1.54898730608988,2665.70856565713
98.8611224787862,1.63944055434773,2678.09389820886
98.7796901073831,1.73088255030573,2690.5
98.7470955280211,1.76748022401048,2695.43330787115
98.673201298415,1.85044222861684,2706.54938086619
98.5985622413429,1.93422945793823,2717.68249439006
98.4470020552138,2.10432961282388,2740
98.4128325910597,2.14267193129083,2744.97932763395
98.3357983551302,2.22910385764234,2756.13924688407
98.2580728847347,2.31629697754165,2767.30765889383
98.17964603641,2.40426171361549,2778.48457336147
98.1005074488835,2.49300869107538,2789.67
98.039098510615,2.56186193466367,2798.28585062775
97.891327662218,2.72750340492103,2818.79348811137
97.7410377184769,2.89590323175859,2839.33
97.6591396561143,2.98764079466978,2850.3872878975
97.5145610444053,3.1495368596206,2869.68099414036
97.44138677309,3.23144927420448,2879.33733150893
97.3676119377894,3.31401526011272,2889
97.3667254833632,3.31500723000267,2889.1000846569
97.3658388892556,3.31599935341848,2889.20017366278
97.3640652818608,3.31798406097081,2889.40036472264
97.3605163894003,3.32195531996381,2889.80079904268
97.3534118861693,3.32990522155669,2890.60187654757
97.3391759452956,3.34583462375944,2892.20486752515
97.3105958339421,3.37781234353418,2895.41419742546
97.2529987152997,3.4422476408143,2901.84628168333
97.1948113107345,3.50733093041572,2908.29632769777
97.1360241658573,3.57307217024819,2914.76441081194
97.0234653975242,3.69890887621235,2927.01472392131
96.9086708468162,3.82719364279777,2939.33
96.787189962126,3.96289194239859,2952.17095087527
96.7255031647907,4.03177449766693,2958.61750086836
96.6631717177648,4.10136031394662,2965.08152815299
96.5436386655609,4.23475740129424,2977.33921702579
96.4216927644473,4.37078088122349,2989.66
96.2926911074496,4.51459942656453,3002.49571543133
96.160949818139,4.66138992916359,3015.39890143113
96.0337585779679,4.80302921347489,3027.66381416945
95.9039496702409,4.94749857153089,3039.99
95.7666843544316,5.10017035181426,3052.81908434385
95.6264446980522,5.25604527142454,3065.71352997519
95.4907806724556,5.40673046821309,3077.98700900047
95.3522590891467,5.56048116099888,3090.32
95.2057609980061,5.72296275688901,3103.14955388861
95.0560096400954,5.88891874538786,3116.04247592231
94.9109505408531,6.04954220548076,3128.32235675033
94.7627518919449,6.2135038248697,3140.66
94.6060722940989,6.38669252444408,3153.48051912725
94.4458127673186,6.56366820660042,3166.3623986169
94.2902420637947,6.7352971332869,3178.6481624524
94.1311943667965,6.9105856542827,3190.99
93.7907212714653,7.2852060780547,3216.69183982688
93.623343169317,7.46905140985671,3228.97873402073
93.4520820324736,7.65693662118477,3241.32
93.0942922748058,8.04869828900608,3266.37483646147
92.7188162054476,8.45867920975116,3291.65
92.5817064865802,8.60808560338487,3300.62894076405
92.4820732565177,8.71655020350566,3307.07193322699
92.3211373707149,8.89156312253518,3317.33618064189
91.9776053719644,9.2643487269521,3338.6688674973
91.9231457643929,9.32334440359932,3341.98
91.6857848837387,9.58014411034218,3356.19208780315
91.4412062608689,9.84417816702472,3370.47067351015
91.250182423484,10.0499826966099,3381.37088028597
91.0545563607227,10.2603609985181,3392.31
91.053574520133,10.2614158867798,3392.36434000005
90.8711960892759,10.4571889605383,3402.36247766525
90.2614838320425,11.1091074787987,3434.44472730291
90.0993315898732,11.2817991239796,3442.64
89.6067196383763,11.8046019746251,3466.70910756626
89.1591528825631,12.277146982103,3487.5369695979
89.0388982668392,12.403704601491,3492.97
88.9013018140692,12.5482973419142,3499.1039710572
88.1345149736936,13.3497595418822,3531.7293278752
87.8471429080639,13.6481944695075,3543.3
87.2954615421857,14.2180640400562,3564.56143118921
86.7002770627528,14.8282517086794,3586.15679406558
86.4849345126306,15.0478127038356,3593.64
86.370848058264,15.1638694769988,3597.53542656682
85.3357543476973,16.2082840324044,3630.78033222899
84.8903789381635,16.6528143599355,3643.97
84.1602073411781,17.3750864794579,3664.23116754033
83.2079407876563,18.3045723859635,3688.25154454241
82.950503111337,18.553372827836,3694.3
82.7941647544382,18.7039437302295,3697.88393367011
81.1434550107444,20.2692146396717,3731.82301655774
80.4167543814359,20.9437865161653,3744.63
79.0138915853461,22.2202448263799,3765.97595971175
76.5062911125361,24.4152381814166,3794.08314579437
76.4059855898301,24.5006901975343,3794.96
75.7385326131513,25.0646594057505,3800.34253176438
70.8082407510679,28.9785347017054,3818.05380107375
65.5001403807572,32.6987700405824,3800.34253176438
64.7187943823182,33.2041412113027,3794.96
64.5999790335683,33.2800600410548,3794.08314579437
61.5062802348603,35.1717517827736,3765.97595971175
59.6669460825534,36.2204976974497,3744.63
58.6818844549591,36.7595254269031,3731.82301655774
56.3592792290984,37.9696227841351,3697.88393367011
56.1330380243308,38.0830168443662,3694.3
55.7580871779613,38.2692227490735,3688.25154454241
54.3448283496236,38.9519733684774,3664.23116754033
53.2327155777633,39.4683722347194,3643.97
52.5420640483301,39.7799913650661,3630.78033222899
50.900439485764,40.4933335486197,3597.53542656682
50.716355557743,40.5709592651754,3593.64
50.3671773844196,40.7169097129455,3586.15679406558
49.3903992148836,41.1162719184442,3564.56143118921
48.4696258999533,41.4808726764025,3543.3
47.9841085503646,41.6685544893624,3531.7293278752
46.6688471934084,42.1613895887003,3499.1039710572
46.4297841686676,42.2485513847048,3492.97
46.2200925121271,42.3243990195803,3487.5369695979
45.4334422616964,42.6039330965971,3466.70910756626
44.5563133814878,42.906402621725,3442.64
44.2650048448169,43.0047330705802,3434.44472730291
43.1582356985183,43.3687916394395,3402.36247766525
42.82368693837,43.4758983772983,3392.36434000005
42.8218815511242,43.4764727070971,3392.31
42.4612449013769,43.5904116741574,3381.37088028597
42.1073226783706,43.700713397322,3370.47067351015
41.6516332770797,43.8405349614488,3356.19208780315
41.2066740821652,43.9746954710256,3341.98
41.1042074794429,44.0052607456092,3338.6688674973
40.4546280472889,44.1961758623443,3317.33618064189
40.148414870247,44.284475726981,3307.07193322699
39.9582376249485,44.3387712550512,3300.62894076405
39.6957730129268,44.4130229455035,3291.65
38.9725739006697,44.6135527881119,3266.37483646147
38.2774503422629,44.8007284062862,3241.32
37.9426738456015,44.888944496774,3228.97873402073
37.614219810734,44.9742847482105,3216.69183982688
36.942262453184,45.1451687133342,3190.99
36.6266236276843,45.2237312726515,3178.6481624524
36.3168228151129,45.2997870514317,3166.3623986169
35.996595032808,45.3773108967769,3153.48051912725
35.6824603251522,45.4522866020229,3140.66
35.3843729502948,45.5224542218006,3128.32235675033
35.0917075600486,45.5904232706594,3116.04247592231
34.788656644187,45.6598455935331,3103.14955388861
34.4912944221427,45.7270209097465,3090.32
34.2093162902167,45.789861079859,3077.98700900047
33.9324020857176,45.8507615954591,3065.71352997519
33.6453722807521,45.9130419370278,3052.81908434385
33.3636735721139,45.9733327601571,3039.99
33.096595289715,46.0297356498942,3027.66381416945
32.834266269201,46.0844193645024,3015.39890143113
32.5618952540698,46.1404481740289,3002.49571543133
32.2945465423691,46.194705340277,2989.66
32.0412426664138,46.2454396604631,2977.33921702579
31.7924113561821,46.2946432854671,2965.08152815299
31.6624463496139,46.3200929936005,2958.61750086836
31.5336847900658,46.3451386456025,2952.17095087527
31.2797062190197,46.3940502586362,2939.33
31.0392160757648,46.4397662159623,2927.01472392131
30.8029519782959,46.4841141883051,2914.76441081194
30.6793775110232,46.5070874333316,2908.29632769777
30.556943991032,46.5296983053444,2901.84628168333
30.4356358621949,46.5519540663849,2895.41419742546
30.3753990124429,46.5629510047386,2892.20486752515
30.3453840696552,46.5684171193584,2890.60187654757
30.3304023670073,46.5711421350925,2889.80079904268
30.3229179452047,46.572502638414,2889.40036472264
30.3191773401042,46.5731823896672,2889.20017366278
30.3173074388069,46.5735221402829,2889.1000846569
30.3154378049368,46.5738618075926,2889
30.1597432535611,46.6020260190484,2879.33733150893
30.0051316746342,46.6297565838498,2869.68099414036
29.6991137492156,46.6839461536521,2850.3872878975
29.525455212933,46.7142869628784,2839.33
29.2061991027418,46.7692928128535,2818.79348811137
28.8915754296213,46.82252403796,2798.28585062775
28.7606209983123,46.8443954304544,2789.67
28.5916812394749,46.8723642790549,2778.48457336147
28.424066100564,46.8998396868153,2767.30765889383
28.2577605597228,46.9268310944076,2756.13924688407
28.0927498287863,46.9533477273765,2744.97932763395
28.0194991035219,46.9650345124902,2740
27.6941658852958,47.0163145023824,2717.68249439006
27.5336958582083,47.0412331637213,2706.54938086619
27.3746651404577,47.0656844423518,2695.43330787115
27.3044662418665,47.0764005357996,2690.5
27.1289507648363,47.10298717543,2678.09389820886
26.9551676764121,47.1290213710039,2665.70856565713
26.7830925442642,47.1545159032766,2653.34395023328
26.6127013996596,47.1794832024051,2641
26.5071708032195,47.1948081667196,2633.30425228385
26.2760319831798,47.2280046414401,2616.31173760945
26.1087571423614,47.2517133569198,2603.89554466347
25.9431036782401,47.2749316801729,2591.5
25.800184726263,47.2947554615654,2580.72498936814
25.7291735666185,47.3045336038609,2575.34325459725
25.6937792870706,47.3093896228568,2572.65382804564
25.6761098757407,47.3118094169097,2571.3094747533
25.6672820901536,47.3130172659916,2570.63738807489
25.6628699258782,47.3136206792839,2570.30136722411
25.6584589133781,47.3142237520242,2569.96536136428
25.4755713787626,47.3390671084943,2555.96968856544
25.2946544748237,47.3633338301063,2542
24.9775493774031,47.4051281487973,2517.20988262419
24.6663930184873,47.4452254084035,2492.5
24.5128614607081,47.4646779446173,2480.16420665138
24.3607591131898,47.4837332704997,2467.84827539613
24.0574261026309,47.5210936910622,2443
23.9081726457504,47.5391638516451,2430.63099049315
23.7602925651999,47.556864618796,2418.28166823218
23.6928376409194,47.564871685038,2412.61714179685
23.6256668559782,47.5728033043779,2406.95675270202
23.5587785130799,47.5806602293277,2401.3004964165
23.5254397288676,47.5845609143837,2398.47391666304
23.4921709247419,47.5884432040814,2395.64836841572
23.466914025227,47.5913837405933,2393.5
23.2166856641643,47.6201994392678,2372.0612614952
22.8940662055576,47.656502730884,2344
22.6151068053245,47.6871242778891,2319.34536379588
22.5646124030861,47.6925910089104,2314.84316635167
22.450961134999,47.7048101609751,2304.66492071891
22.3381497901471,47.7168224222722,2294.5
22.0658943155836,47.745334684764,2269.71064065429
21.7984733781348,47.772684111335,2245
21.6597777420331,47.7866128925424,2232.04013039989
21.5355189071834,47.7989436678983,2220.34447117778
21.4043697899172,47.8118064639492,2207.91232549126
21.2743809882901,47.8244018464394,2195.5
21.0237663502683,47.8482542916545,2171.31202186828
20.7774184947292,47.8711482131622,2147.19913328747
20.7652573388501,47.8722642216025,2146
20.5352354145557,47.8931221803278,2123.16098513565
20.2705218792673,47.9165371093733,2096.5
20.0297603275521,47.9372871869802,2071.89234040359
19.9181706453577,47.9467283442608,2060.36870830591
19.7896275785523,47.9574656676523,2047
19.5538301207745,47.9767778387771,2022.2100063482
19.4374457670676,47.9861267768839,2009.84502897631
19.3220548585601,47.9952765500028,1997.5
19.2648985779699,47.9997646950799,1991.35328510815
19.2079857457468,48.0042047811511,1985.21157586195
19.1513149022696,48.0085973018139,1979.07486614926
19.0948845992898,48.0129427449455,1972.94314986794
19.0885868965686,48.0134259431428,1972.25753325194
19.0822921839431,48.0139085589291,1971.5719790383
18.9743665576319,48.0221283361174,1959.77676083581
18.86731682454,48.0301789915587,1948
18.7553079236991,48.0384934800808,1935.59437804998
18.64425141888,48.0466271726817,1923.2092043829
18.5341359375423,48.0545837768149,1910.84442848281
18.4249502831081,48.0623669146508,1898.5
18.3171207230125,48.0699495845317,1886.22570701501
18.2101967560343,48.0773667783325,1873.9718514899
18.1018955012202,48.0847762436283,1861.47531612652
18.0480915498991,48.0884186357959,1855.23500903794
17.9945168756057,48.0920200419422,1849
17.9917836874158,48.0922030916986,1848.68134029567
17.9890510956901,48.0923860354154,1848.36269448377
17.8865639265906,48.0991997178044,1836.37139519048
17.7849129160041,48.1058660362596,1824.39975341869
17.5756024175582,48.1193050632888,1799.5
17.4747854103004,48.1256400586093,1787.3853461322
17.3747982583788,48.131834301631,1775.29117016255
17.2708590937571,48.138179879692,1762.63439076853
17.1678105547328,48.1443770478314,1750
17.1552575964891,48.1451255665684,1748.45502649824
16.9696121611663,48.1560333148873,1725.4548124004
16.7707704267585,48.1673798637986,1700.5
16.6769772970527,48.1726112628241,1688.61198033775
16.5839391641911,48.1777241314958,1676.74440637374
16.4835964541574,48.1831531475673,1663.8601754062
16.3841259951966,48.1884476654481,1651
16.3500470366568,48.1902416024985,1646.57372505332
16.1963949584471,48.1982033300378,1626.48639000535
16.0075409270326,48.2077053352335,1601.5
15.9238881739768,48.2118142938704,1590.32581136295
15.8408677269196,48.2158315542937,1579.170417641
15.7403192040373,48.2206161182107,1565.57126913744
15.6406919229957,48.2252695108323,1552
15.5737848180032,48.2283458309978,1542.83118695309
15.4629536219698,48.2333555294566,1527.54507831142
15.2832762219765,48.2412488282595,1502.5
15.2122612871987,48.244290701203,1492.51001140198
15.1417282850666,48.2472682944095,1482.53582354711
15.0378477519018,48.2515745064486,1467.75058586692
14.9350055632402,48.2557448098542,1453
14.8277586397189,48.2599953416178,1437.49595584382
14.7661132206338,48.2623930935178,1428.52728207025
14.6804936087955,48.2656683159114,1416.00091043435
14.5956006610403,48.2688525840935,1403.5
14.5192253100218,48.2716636377237,1392.1836683677
14.4434400938366,48.2744026827479,1380.88870621486
14.3682386566435,48.2770711239581,1369.61505306817
14.2936147308174,48.2796703367367,1358.36264868231
14.2647988237293,48.2806610277927,1354
14.1469679536943,48.2846367608476,1336.05757999491
14.0953968874873,48.2863387610086,1328.15206802809
14.0441054815569,48.2880085511235,1320.25731532995
13.9930916222094,48.2896465765826,1312.37329995064
13.9423532163478,48.2912532762048,1304.5
13.8639485531213,48.2936919806859,1292.27046329956
13.8249940726282,48.2948837223923,1286.16558487831
13.7862035391031,48.2960573219193,1280.0672855322
13.7823585521642,48.2961729377091,1279.46176837359
13.7785151730701,48.2962883765489,1278.85631604003
13.7595678408888,48.296855594884,1275.86876266185
13.7406595467277,48.2974185295145,1272.88278717215
13.7029596266596,48.2985316383799,1266.91556486065
13.6654145181574,48.2996278835183,1260.95463912357
13.6280233355307,48.3007074432066,1255
13.6146439159403,48.3010907790365,1252.86486936871
13.5744038522059,48.3022343168994,1246.42905929664
13.5543513259776,48.302798908156,1243.21398312205
13.5343436175312,48.3033587511232,1240.00079064521
13.5143805873147,48.3039138732321,1236.78948021112
13.4958857805033,48.3044250741106,1233.80962126004
13.4944620963368,48.3044643017461,1233.58005016674
13.4845195095903,48.3047377643844,1231.97603977464
13.4745880057847,48.3050100637724,1230.37249886094
13.4646675677024,48.3052812032712,1228.76942721957
13.4597114929129,48.3054163391104,1227.96806731163
13.4547581781133,48.3055511862331,1227.16682464455
13.3879188623854,48.3073499267672,1216.32268603573
13.3215805022211,48.3090967707505,1205.5
13.2459140354884,48.3110425315537,1193.08182241803
13.1709015220399,48.312922344406,1180.69249676883
13.0965351151123,48.3147376851888,1168.33192261882
13.0228070890285,48.3164899951036,1156
12.8786535565977,48.3197796631892,1131.66158906888
12.8047487819682,48.3213962090333,1119.06540313811
12.7314958620613,48.3229516787459,1106.5
12.6608536526034,48.3244075693101,1094.30565081738
12.5908202269401,48.3258081352534,1082.1409665081
12.5188150396741,48.3272037302192,1069.5546440837
12.4474490021683,48.3285425202429,1057
12.3786540303626,48.329791224852,1044.82116506304
12.3104562789369,48.3309885411276,1032.67290433428
12.2401509829364,48.3321806007591,1020.07004160769
12.1704760320223,48.3333196510884,1007.5
12.1034068998205,48.3343763081733,995.323620858176
12.0369250252656,48.3353851928877,983.178802118096
11.9683498857309,48.3363856657959,970.572443581608
11.9003952546084,48.3373368406977,958
11.8676641389971,48.3377806903864,951.91554374812
11.8350781927229,48.3382133399768,945.839249902263
11.7703382734186,48.3390455764696,933.711083816563
11.7367816502468,48.3394626442049,927.395103104456
11.7033792741375,48.3398680954832,921.087941193903
11.6370333720467,48.3406447299915,908.5
11.6051570139101,48.3410042927333,902.423247724747
11.5734235434569,48.341353490993,896.354941210249
11.5103817537662,48.3420213026359,884.243595131338
11.4776151791372,48.3423547927323,877.918955197763
11.445001251133,48.3426774842863,871.60348931928
11.3802274374637,48.343291025976,859
11.3490844221849,48.3435730643404,852.91138122816
11.3180826005297,48.3438454718119,846.831503704974
11.2564990322801,48.3443618781844,834.697897215213
11.2246049921931,48.3446164001721,828.384305116467
11.1928606959269,48.3448609701495,822.080138932514
11.129817485885,48.3453207757369,809.5
11.0694278534309,48.345728917239,797.373209296456
11.0394400721134,48.3459198414386,791.323321138095
11.0095891614286,48.3461021520138,785.282411049003
10.9473238551158,48.3464575694707,772.621532191134
10.9164137944535,48.3466215249085,766.3058592348
10.9010139867443,48.346700118778,763.151704332378
10.8856508338274,48.3467764772212,760
10.8256866049255,48.3470549368041,747.624980525305
10.7799801379579,48.3472462544215,738.10585056905
10.7349953525061,48.3474168701617,728.662576868828
10.6907168977644,48.3475676777942,719.29425629553
10.6471298351582,48.347699533144,710
10.6186750676216,48.3477767278882,703.893262828064
10.5905120729664,48.3478462208943,697.818265601651
10.5900329617032,48.3478473436452,697.714649662011
10.5350454672434,48.3479629840033,685.762506287605
10.5341067361441,48.3479647306683,685.557420936635
10.5072692009908,48.3480114358713,679.679239165515
10.4806982885041,48.3480515271955,673.830777988988
10.4649798157819,48.3480723632467,670.357470241551
10.4493541245463,48.3480909538283,666.894602614602
10.4338204752636,48.3481073373701,663.442128107172
10.4260879356329,48.3481147133402,661.719773662561
10.4183781325489,48.3481215516781,660
10.3659534265311,48.3481543889205,647.44308825296
10.3630933212202,48.3481554951789,646.754516626808
10.3145233528962,48.3481634564833,635.004994961893
10.3089142287662,48.3481630589418,633.641205778202
10.2640625578695,48.3481500721914,622.6840416075
10.2558111535104,48.3481457841491,620.658098913648
10.2145465011622,48.3481154853577,610.478581138349
10.2126144629809,48.3481137050787,610
10.2037553970177,48.3481051275954,607.803266391352
10.1659514237977,48.3480608805623,598.386997236882
10.163581360474,48.3480576939383,597.794365946859
10.1154629592435,48.347982469089,585.703166460287
10.0682362717605,48.3478891247046,573.724799718285
10.0146609317683,48.3477598281654,560
9.98829954949603,48.347687076538,553.192741540924
9.96751478346737,48.3476254684353,547.800018114301
9.95586807551686,48.3475893094984,544.768301784382
9.94427658568827,48.3475521546289,541.743844590016
9.93273996091177,48.3475140192819,538.726620490491
9.92125785097049,48.3474749187021,535.716603569497
9.91655151995414,48.347458561823,534.480806121155
9.91420178237667,48.3474503234431,533.863362308618
9.91302776926594,48.3474461893246,533.554754032585
9.91185432611303,48.3474420452751,533.246221472873
9.90659792282158,48.3474233356564,531.863248856533
9.90135294543815,48.3474044280023,530.481796516729
9.89873473090647,48.3473949003604,529.791639667362
9.89611936029128,48.347385323747,529.101861948018
9.89350682942195,48.3473756983401,528.412463046378
9.89220162758136,48.3473708673944,528.067905554689
9.89154929233338,48.3473684473708,527.895662281578
9.89089713411444,48.3473660243169,527.723442650462
9.87852937375099,48.3473193747938,524.453026404614
9.8758676486803,48.3473091617529,523.748093657487
9.84566184902648,48.3471889594518,515.721110339925
9.82424819946256,48.3470989544982,510
9.79161464610108,48.3469541465118,501.231837635871
9.75305654610332,48.3467711520916,490.793867695779
9.71513063207641,48.3465785860799,480.443297181012
9.67782299200778,48.3463769943473,470.179032946135
9.64112009891046,48.346166896949,460
9.62359242266858,48.3460624438683,455.110153799645
9.60620150119279,48.3459561736723,450.239855181777
9.58894589865709,48.3458481390909,445.388987165494
9.57182419824539,48.3457383916391,440.55743370145
9.55483500184708,48.3456269816458,435.745079662605
9.53797692975819,48.3455139582815,430.951810835079
9.52124862038839,48.3453993695861,426.177513909115
9.50464872997306,48.345283262495,421.42207647015
9.49467521154821,48.3452123544305,418.556340878194
9.48474785073776,48.3451409181696,415.697432495386
9.47486635988484,48.3450689635177,412.845326953464
9.46994272577381,48.3450327948171,411.421817664446
9.46503045230722,48.3449965001339,410
9.42978119483202,48.3447299219741,399.307878836069
9.39506813976342,48.3444568714459,388.697138499809
9.3608803362513,48.3441777413934,378.166853394176
9.32720711473792,48.3438929068341,367.716111905669
9.30250795423051,48.3436777318407,360
9.29403804389203,48.3436027254737,357.344016141245
9.27137966178746,48.3433990136001,350.213610508655
9.26136302215615,48.3433075393542,347.049681671167
9.24068980000723,48.3431159961859,340.49665633665
9.21043011406289,48.3428289500182,330.84840112145
9.18059247883191,48.3425381332697,321.268118876023
9.14576275172972,48.3421888951678,310
9.11575544805051,48.341879576114,300.217481876511
9.08617537808226,48.3415670187534,290.505624974055
9.05701438059282,48.3412514623138,280.863666446062
9.02826449032194,48.3409331353453,271.290854387338
8.99461185443691,48.3405514178223,260
8.96569011473088,48.3402155146299,250.221496159884
8.93718480037023,48.3398773493036,240.514923480173
8.90908787116577,48.3395371321627,230.879491175603
8.88139148196986,48.3391950637375,221.314420010072
8.86506640392633,48.3389903217806,215.644922069009
8.84887938221947,48.3387850288993,210
8.83340421449196,48.3385866391586,204.581591531031
8.8179681644626,48.3383866815224,199.16578174378
8.78721286123269,48.3379821178466,188.341950740003
8.77067095323683,48.3377611277133,182.501932901358
8.75417400348769,48.3375383742029,176.664936727765
8.72131429153198,48.337087644506,165
8.71418005178991,48.3369885480557,162.460614540196
8.68628864572504,48.3365968916972,152.509498489537
8.65852585764658,48.3362003391737,142.567164179106
8.64202022484902,48.3359614097882,136.638571687629
8.6189120006016,48.3356229327789,128.316210957766
8.5958927131787,48.3352811522353,120
8.57430970058276,48.3349565207431,112.178010498598
8.54296949162436,48.334477935013,100.775120697231
8.5270112388359,48.3342309672844,94.9483509011809
8.51110546258556,48.3339826128058,89.126912393105
8.49525192333948,48.3337328894705,83.3107978594423
8.47945038297181,48.3334818149919,77.5
8.46509056316364,48.3332517691695,72.2074135776759
8.45077358155581,48.3330206282206,66.9192339716901
8.43649926076213,48.3327884051812,61.6354556803995
8.42226742434234,48.3325551129679,56.3560732113143
8.40788772032204,48.3323176116336,51.0103056534594
8.39443870615523,48.3320938579333,46
8.39355128692362,48.3320790385716,45.6690413893526
8.37925794344019,48.3318394068571,40.3322747310044
8.37212737396544,48.3317191980537,37.6655762291114
8.36856610502635,48.3316589961208,36.332647874741
8.36678647328836,48.3316288708593,35.6662888829499
8.36500750957583,48.3315987294344,35
8.36083329375211,48.3315278968213,33.125
8.35666159168262,48.3314569557769,31.25
8.34832571978697,48.3313147493287,27.5
8.33999987587663,48.3311721119537,23.75
8.33584070879878,48.3311006322493,21.875
8.33376206299781,48.3310648522442,20.9375
8.33272297440931,48.3310469522161,20.46875
8.33168404198206,48.3310290455091,20
8.32639507776415,48.3309377413724,17.3283812080545
8.32111062579484,48.3308462726505,14.6567624161089
8.31387019828192,48.330720554342,10.9925718120812
8.30663823308119,48.3305945287478,7.32838120805445
8.29941471544142,48.3304681971982,3.66419060402677
8.29580611985655,48.3304049171046,1.83209530201384
8.29400261206904,48.3303732485504,0.916047651006011
8.29310105557619,48.3303574071555,0.458023825503005
8.29219963064563,48.3303415610188,0
