99.87,-0.72,81
99.8666495353569,-0.71623578395819,83.3107978594423
99.8582026002176,-0.706745692232891,89.126912393105
99.8497277401428,-0.697224172566767,94.9483509011809
99.8412248251471,-0.687671079118434,100.775120697231
99.8245257777476,-0.668909410266607,112.178010498598
99.813025449543,-0.655988475638679,120
99.800759642257,-0.642207401623367,128.316210957766
99.7884462930381,-0.628372808201984,136.638571687629
99.7796510767424,-0.6184909302394,142.567164179106
99.764857171254,-0.601869100924287,152.509498489537
99.7499944897952,-0.585169855314458,162.460614540196
99.7461927799256,-0.580898350156797,165
99.7286822093141,-0.561223800073335,176.664936727765
99.7198910360106,-0.551346131873271,182.501932901358
99.7110758122544,-0.541441394901401,188.341950740003
99.6946859838287,-0.523025754289264,199.16578174378
99.6864598227731,-0.513782767780495,204.581591531031
99.6782127291244,-0.504516223752239,210
99.6695858748843,-0.494822936256995,215.644922069009
99.660885024975,-0.485046465854854,221.314420010072
99.646122589166,-0.468458971594974,230.879491175603
99.6311454088146,-0.451630072226766,240.514923480173
99.6159492368421,-0.434554994820595,250.221496159884
99.6005297190133,-0.417228846206934,260
99.5825862154087,-0.397066485959565,271.290854387338
99.5672553600238,-0.379839739597603,280.863666446062
99.5517038733691,-0.362364979661619,290.505624974055
99.5359274350411,-0.344637351835653,300.217481876511
99.5199216166112,-0.326651880653304,310
99.5013415982901,-0.305773711616658,321.268118876023
99.4854229605273,-0.287886017157532,330.84840112145
99.4692775721847,-0.269743444193942,340.49665633665
99.4582462236675,-0.257347474077955,347.049681671167
99.452901016914,-0.251341031835863,350.213610508655
99.4408091069825,-0.237753248889006,357.344016141245
99.4362888060544,-0.232673738247914,360
99.4231063954826,-0.217860493334971,367.716111905669
99.4051325921085,-0.197663033514527,378.166853394176
99.3868820175773,-0.17715449123954,388.697138499809
99.3683488601094,-0.156328339953547,399.307878836069
99.3495271517309,-0.135177878145637,410
99.3469013376232,-0.132227175676207,411.421817664446
99.3442693970934,-0.129269587788276,412.845326953464
99.3389870598338,-0.123333669365727,415.697432495386
99.3336799831737,-0.117369946826529,418.556340878194
99.3283480097779,-0.111378243497537,421.42207647015
99.3194729981156,-0.101405111093713,426.177513909115
99.3105287027555,-0.0913541137223907,430.951810835079
99.3015143882347,-0.0812244255900618,435.745079662605
99.292429309126,-0.0710152097430133,440.55743370145
99.2832727098728,-0.0607256178827341,445.388987165494
99.2740438246197,-0.0503547901776492,450.239855181777
99.2647418770406,-0.039901855071171,455.110153799645
99.2553660801628,-0.0293659290859311,460
99.2357308972355,-0.00730114782807274,470.179032946135
99.2157689796583,0.0151308002870108,480.443297181012
99.1954729029546,0.0379382487288375,490.793867695779
99.17483502634,0.0611297730432271,501.231837635871
99.1573654422388,0.0807609516660787,510
99.1459007742236,0.0936441834615292,515.721110339925
99.1297269901769,0.111819183910684,523.748093657487
99.1283016556587,0.113420876642367,524.453026404614
99.1216785836218,0.120863425391958,527.723442650462
99.1213293353732,0.121255886182879,527.895662281578
99.1209799912845,0.121648454656298,528.067905554689
99.1202810154451,0.122433914809631,528.412463046378
99.1188819121215,0.124006129060697,529.101861948018
99.1174812713466,0.125580070730646,529.791639667362
99.1160790908232,0.127155742396807,530.481796516729
99.1132701014029,0.130312285957982,531.863248856533
99.1104549253118,0.133475780554246,533.246221472873
99.1098264542034,0.134182011517103,533.554754032585
99.1091976744663,0.134888589237842,533.863362308618
99.1079391882892,0.136302785869469,534.480806121155
99.1054185033726,0.139135350344916,535.716603569497
99.0992685207908,0.146046254571866,538.726620490491
99.0930890130509,0.152990331054019,541.743844590016
99.0868797871046,0.159967796351748,544.768301784382
99.0806406482899,0.166978868829402,547.800018114301
99.0695054192235,0.179491779816348,553.192741540924
99.0553810289057,0.195363644907699,560
99.0266700791975,0.227626591268494,573.724799718285
99.0013553487311,0.256072986351985,585.703166460287
98.9755567810266,0.285062892341028,597.794365946859
98.9742859232854,0.286490952820823,598.386997236882
98.9540129957182,0.309271534962302,607.803266391352
98.9492616570599,0.314610569863578,610
98.948225429529,0.31577496805925,610.478581138349
98.9260912589119,0.34064681830397,620.658098913648
98.9216647077848,0.345620849267865,622.6840416075
98.8976004268656,0.372661292220174,633.641205778202
98.8945905868766,0.376043359721634,635.004994961893
98.8685245766948,0.40533280204915,646.754516626808
98.8669894491617,0.407057760879339,647.44308825296
98.8388472113837,0.438679833594177,660
98.8346978973277,0.443342186385421,661.719773662561
98.8305361535585,0.448018497518854,663.442128107172
98.8221751750254,0.457413220977072,666.894602614602
98.8137638638002,0.466864465574288,670.357470241551
98.8053018054216,0.476372695662803,673.830777988988
98.790995485986,0.492447634242345,679.679239165515
98.7765432576262,0.508686409839876,685.557420936635
98.7760377004076,0.509254460695358,685.762506287605
98.7464188871694,0.542534306391797,697.714649662011
98.7461607714464,0.542824324299735,697.818265601651
98.7309869331927,0.559873526024699,703.893262828064
98.7156531923125,0.577102252419305,710
98.6921596478858,0.603498909016915,719.29425629553
98.668286834683,0.630321334425722,728.662576868828
98.6440263296057,0.657578957850113,738.10585056905
98.6193694676652,0.685281477783072,747.624980525305
98.5870100723344,0.721637279686423,760
98.578717585163,0.730953765510591,763.151704332378
98.5704048615975,0.740292932459715,766.3058592348
98.5537184267532,0.759039618276434,772.621532191134
98.5200996332955,0.796808582720858,785.282411049003
98.5039796092365,0.814918250521528,791.323321138095
98.4877839112176,0.833112703538491,797.373209296456
98.4551634836035,0.869758189218977,809.5
98.4211019407236,0.908021549456055,822.080138932514
98.4039478409994,0.927291346403795,828.384305116467
98.3867107737499,0.946654048623963,834.697897215213
98.353422203993,0.984046827303623,846.831503704974
98.3366614380905,1.00287361860123,852.91138122816
98.3198223342482,1.02178809969372,859
98.2847925254069,1.06113424154961,871.60348931928
98.2671515291328,1.08094841538027,877.918955197763
98.2494257084424,1.10085749942549,884.243595131338
98.2153154070565,1.13916806637189,896.354941210249
98.198142014411,1.1584556165144,902.423247724747
98.1808891040001,1.17783210439083,908.5
98.1449726812755,1.21816809228376,921.087941193903
98.1268866436902,1.23847900682172,927.395103104456
98.1087146211682,1.25888604605266,933.711083816563
98.0736487682898,1.2982634576118,945.839249902263
98.0559953149541,1.31808686488759,951.91554374812
98.0382608108722,1.33800084188226,958
98.0014336426165,1.37935241654545,970.572443581608
97.9642595530263,1.42109149816725,983.178802118096
97.9282098718407,1.46156608229961,995.323620858176
97.8918313142544,1.50240784519586,1007.5
97.8540281537456,1.5448467322643,1020.07004160769
97.8158713225737,1.58768025878644,1032.67290433428
97.7788469838807,1.62924011988737,1044.82116506304
97.7414869682487,1.67117435112983,1057
97.7027184474239,1.71468689453188,1069.5546440837
97.6635899598152,1.75860065135889,1082.1409665081
97.6255205082246,1.80132308644157,1094.30565081738
97.5871075483268,1.84442817816554,1106.5
97.5472615061941,1.88913831963473,1119.06540313811
97.5070468699412,1.93425879101487,1131.66158906888
97.4285658318167,2.02230410679273,1156
97.388404999302,2.0673541091022,1168.33192261882
97.3478816472265,2.11280714335445,1180.69249676883
97.3069910033433,2.15866838346402,1193.08182241803
97.2657282100349,2.20494309207714,1205.5
97.2295392013256,2.2455244312084,1216.32268603573
97.1930644669463,2.28642298868818,1227.16682464455
97.1903609038631,2.28945432337375,1227.96806731163
97.1876557649439,2.2924874070133,1228.76942721957
97.1822407542674,2.2985588269105,1230.37249886094
97.1768194241591,2.30463726000019,1231.97603977464
97.1713917638637,2.31072271789771,1233.58005016674
97.1605174097869,2.3229147544585,1236.78948021112
97.1496176052773,2.33513503027634,1240.00079064521
97.1386922633939,2.3473836392022,1243.21398312205
97.1277412967922,2.35966067550336,1246.42905929664
97.1057621398217,2.38430040738216,1252.86486936871
97.0985041914672,2.39243665956375,1254.98512808606
97.0984532529957,2.39249376176033,1255
97.0780245165093,2.41539390621724,1260.95463912357
97.0575076031396,2.43839180910568,1266.91556486065
97.0369019554975,2.46148807078701,1272.88278717215
97.0265656801254,2.47307327592434,1275.86876266185
97.0162070099842,2.48468329813597,1278.85631604003
97.0141056723947,2.48703844755803,1279.46176837359
97.0120034121213,2.48939461935263,1280.0672855322
96.9907921049906,2.51316717298158,1286.16558487831
96.9694866534945,2.53704402095161,1292.27046329956
96.9265908734904,2.58511322700047,1304.5
96.8988216452396,2.61622884311495,1312.37329995064
96.8708937966353,2.64752001803577,1320.25731532995
96.8428059953325,2.67898818110346,1328.15206802809
96.8145568936902,2.71063477726869,1336.05757999491
96.7499816314202,2.78296771952963,1354
96.7341829291418,2.80066250537976,1358.36264868231
96.6932572016588,2.84649645350872,1369.61505306817
96.6519968354883,2.89270001503444,1380.88870621486
96.610397786002,2.9392775080935,1392.1836683677
96.5684559414539,2.98623331874145,1403.5
96.521814209528,3.03844427387893,1416.00091043435
96.4747491166083,3.09112198441655,1428.52728207025
96.4408474815879,3.129061942036,1437.49595584382
96.3818369193954,3.1950925865138,1453
96.3252131228079,3.25844136558624,1467.75058586692
96.2679805476814,3.3224598948139,1482.53582354711
96.2290991691478,3.36594475199542,1492.51001140198
96.1899343761407,3.40974109159467,1502.5
96.0907616997336,3.52061661398513,1527.54507831142
96.0295302392033,3.58905531857609,1542.83118695309
95.9925438683896,3.63038823669488,1552
95.93743892464,3.69195914441463,1565.57126913744
95.8817867083524,3.75412941931599,1579.170417641
95.8358071460282,3.80548483397709,1590.32581136295
95.7894506719049,3.8572525563005,1601.5
95.6846966577946,3.97420195763831,1626.48639000535
95.5993647420379,4.06943392375684,1646.57372505332
95.5804259113195,4.09056575493745,1651
95.5251199657168,4.15226683094831,1663.8601754062
95.4692881816201,4.21454085460411,1676.74440637374
95.4174836615815,4.27231043973714,1688.61198033775
95.3652222383992,4.33057719580781,1700.5
95.2543050123293,4.45419803647181,1725.4548124004
95.1505955839422,4.56973297063019,1748.45502649824
95.1435775444461,4.57754937579887,1750
95.0859395114893,4.64173517508745,1762.63439076853
95.0277556013693,4.70651228043358,1775.29117016255
94.9717382436298,4.7688613740883,1787.3853461322
94.9152100509249,4.83176297010853,1799.5
94.7977002687179,4.96246910057867,1824.39975341869
94.7405583196113,5.02600199844616,1836.37139519048
94.6828968568286,5.09009491456292,1848.36269448377
94.6813587576296,5.09180432641649,1848.68134029567
94.6798202869783,5.09351413835134,1849
94.6496566818467,5.12703451907672,1855.23500903794
94.6193501004822,5.1607088200876,1861.47531612652
94.55830386793,5.22852337189596,1873.9718514899
94.4979777154852,5.29551778279372,1886.22570701501
94.437083391201,5.36312252604713,1898.5
94.375364078371,5.43162174491925,1910.84442848281
94.3130582492567,5.50074976257025,1923.2092043829
94.2501573160965,5.57051519710353,1935.59437804998
94.1866525132225,5.64092682989662,1948
94.1258982159762,5.70826637615612,1959.77676083581
94.0645856555684,5.77620219606884,1971.5719790383
94.0610077192165,5.78016593379755,1972.25753325194
94.057427871854,5.78413171063293,1972.94314986794
94.0253413401389,5.81967387658088,1979.07486614926
93.9931008415699,5.85538023949157,1985.21157586195
93.9607052354253,5.89125193341857,1991.35328510815
93.9281533690244,5.92729010325024,1997.5
93.8623811263337,6.00008635336079,2009.84502897631
93.7959683067487,6.07356390424611,2022.2100063482
93.6611821100661,6.22260125542775,2047
93.5875714852934,6.30394493106728,2060.36870830591
93.5235920062055,6.37461659035526,2071.89234040359
93.3853040323862,6.52727549202255,2096.5
93.2328592900697,6.69541077643802,2123.16098513565
93.1000455724157,6.84176200853926,2146
93.0930146382527,6.84950610543321,2147.19913328747
92.9503889925024,7.00652171213807,2171.31202186828
92.8048949406153,7.1665419419024,2195.5
92.7292689057435,7.24965630583412,2207.91232549126
92.6528545134913,7.33359325513563,2220.34447117778
92.5803485534522,7.41319583917532,2232.04013039989
92.499295117523,7.50213452889918,2245
92.3426412202764,7.67388288876758,2269.71064065429
92.1826394107007,7.84910015616915,2294.5
92.1161858254708,7.92181229034456,2304.66492071891
92.0491439713907,7.99513142432423,2314.84316635167
92.0193274270129,8.02772784325937,2319.34536379588
91.8542632189127,8.20804723381175,2344
91.6626309225795,8.41710042402125,2372.0612614952
91.5134425759539,8.5796312534155,2393.5
91.4983567570428,8.59605538522567,2395.64836841572
91.4784777211128,8.6176948858461,2398.47391666304
91.4585480118933,8.63938603531889,2401.3004964165
91.4185357492346,8.68292403783255,2406.95675270202
91.3783183007259,8.72667092481908,2412.61714179685
91.3378939807319,8.77062824172711,2418.28166823218
91.2491426602767,8.8670845721498,2430.63099049315
91.1593843127236,8.96456256445218,2443
90.9763892295882,9.16306632161734,2467.84827539613
90.8843329014229,9.26280624263494,2480.16420665138
90.7912077221629,9.36362273982874,2492.5
90.6018353410966,9.5683795208872,2517.20988262419
90.4079420462028,9.77766297489481,2542
90.2969039842628,9.89734718175973,2555.96968856544
90.1843425192531,10.0185472635794,2569.96536136428
90.1816237428223,10.0214731123299,2570.30136722411
90.1789040699234,10.0243998508778,2570.63738807489
90.1734620328079,10.0302559990521,2571.3094747533
90.162567179873,10.0419789915476,2572.65382804564
90.1407342514086,10.0654678560385,2575.34325459725
90.0968946368058,10.1126178662348,2580.72498936814
90.0085133564059,10.2076131806135,2591.5
89.9058219678819,10.3178884152115,2603.89554466347
89.8018481642893,10.4294290709909,2616.31173760945
89.6577123635518,10.5838667094149,2633.30425228385
89.5917223253134,10.6544997416275,2641
89.4849292002245,10.7687079848568,2653.34395023328
89.3767699407478,10.8842518038868,2665.70856565713
89.2672156760975,11.0011560233439,2678.09389820886
89.1562366317526,11.1194461467734,2690.5
89.1117548845057,11.1668199941385,2695.43330787115
89.0107818622943,11.2742762029314,2706.54938086619
88.9086067567815,11.382895239224,2717.68249439006
88.7005547625948,11.6037025482474,2740
88.6535421565161,11.6535287862686,2744.97932763395
88.5474150190527,11.7659135905687,2756.13924688407
88.4401397379221,11.8793811343641,2767.30765889383
88.3316950038646,11.9939485318678,2778.48457336147
88.2220589153653,12.1096333029023,2789.67
88.1368400961897,12.1994548781267,2798.28585062775
87.931249150221,12.4157908399722,2818.79348811137
87.7213798395928,12.6360988712883,2839.33
87.6066810733979,12.7562736767776,2850.3872878975
87.4036133791449,12.9686348320352,2869.68099414036
87.3005483106537,13.076218566235,2879.33733150893
87.1964386624047,13.18475604047,2889
87.1951271379708,13.186122464859,2889.1000846569
87.1938153525988,13.1874891391649,2889.20017366278
87.191190998692,13.1902232378309,2889.40036472264
87.18593915578,13.1956944375117,2889.80079904268
87.1754229099481,13.2066488633539,2890.60187654757
87.1543400207393,13.2286059581268,2892.20486752515
87.1119713823565,13.2727142251565,2895.41419742546
87.0264123498451,13.3617160370917,2901.84628168333
86.9397374106629,13.4517824675965,2908.29632769777
86.8519216548928,13.5429351008653,2914.76441081194
86.6830752989007,13.7179147573367,2927.01472392131
86.5098954560283,13.8969957614356,2939.33
86.3255232153204,14.0872126055755,2952.17095087527
86.2314560032742,14.1840862713402,2958.61750086836
86.1360951121824,14.2821703544002,2965.08152815299
85.9523295899917,14.4708352503921,2977.33921702579
85.7636139994463,14.664100819361,2989.66
85.5625750908441,14.8694448850201,3002.49571543133
85.3557297669942,15.0801302774478,3015.39890143113
85.1545021922156,15.2845141754134,3027.66381416945
84.9475308281955,15.4941298959346,3039.99
84.7268496482559,15.7169514645779,3052.81908434385
84.4993831553318,15.9458833174307,3065.71352997519
84.277332329636,16.1686320574973,3077.98700900047
84.0484833939605,16.397435647778,3090.32
83.8040315869744,16.6409734547502,3103.14955388861
83.5514647713675,16.8916477146558,3116.04247592231
83.3040982604147,17.1362175286357,3128.32235675033
83.048484426568,17.3879517047165,3140.66
82.7749101891319,17.6562488445002,3153.48051912725
82.4913603159271,17.9330902664148,3166.3623986169
82.2122978481417,18.2043076844588,3178.6481624524
81.9228901977869,18.4842653881076,3190.99
81.2882601545939,19.0934321870941,3216.69183982688
80.9680501489523,19.398293354804,3228.97873402073
80.634257974617,19.7142793518895,3241.32
79.9147870551996,20.3890286600768,3266.37483646147
79.1227235707447,21.1216998347736,3291.65
78.8225883151836,21.3965136301538,3300.62894076405
78.6004320011663,21.5989223767527,3307.07193322699
78.2338085931662,21.9310773275838,3317.33618064189
77.4148467919539,22.6645280569298,3338.6688674973
77.2798879674064,22.7842589128208,3341.98
76.6728077672197,23.3188361289964,3356.19208780315
76.0104451924553,23.8945802052692,3370.47067351015
75.4617879922158,24.3655148041172,3381.37088028597
74.8652493714316,24.8713744946623,3392.31
74.8621545404378,24.873982067873,3392.36434000005
74.2673161948239,25.371936382899,3402.36247766525
71.8502727770522,27.3288907137921,3434.44472730291
71.0096222297361,27.9844702692288,3442.64
65.8519572611816,31.7253327312343,3464.589761968
60.2740257819829,35.2415027026608,3442.64
59.2782441754079,35.813753329095,3434.44472730291
56.2641355877128,37.4480028546377,3402.36247766525
55.4863383733543,37.8464299928134,3392.36434000005
55.4822531122991,37.8484979585786,3392.31
54.6872583839046,38.2460539520922,3381.37088028597
53.9426506604838,38.6096977051562,3370.47067351015
53.0262630593958,39.0458236702716,3356.19208780315
52.1692712476073,39.4424548755604,3341.98
51.9765043625308,39.5301930693309,3338.6688674973
50.7889405475,40.0589010565593,3317.33618064189
50.2472829783871,40.2933754657405,3307.07193322699
49.9160130099002,40.4347415101795,3300.62894076405
49.4647819100029,40.6248344688732,3291.65
48.2534549783627,41.1212443070992,3266.37483646147
47.1270361058238,41.5649947907086,3241.32
46.5959084491203,41.7683620637629,3228.97873402073
46.0812710217194,41.9618740052731,3216.69183982688
45.0463937166166,42.3405846956927,3190.99
44.567851055366,42.5110572366862,3178.6481624524
44.1024760883083,42.6740526043509,3166.3623986169
43.6256479728049,42.8382337006494,3153.48051912725
43.1617952514182,42.9952256808284,3140.66
42.7250174774994,43.1406205973699,3128.32235675033
42.2992225290949,43.2801052553064,3116.04247592231
41.8613184657795,43.4212529922049,3103.14955388861
41.4344451398378,43.556613719332,3090.32
41.0321092384677,43.6821917982272,3077.98700900047
40.6392220318454,43.8029592481575,3065.71352997519
40.2341985002918,43.9255450594928,3052.81908434385
39.838789269819,44.0433611059811,3039.99
39.4657396221271,44.1528415541546,3027.66381416945
39.1009997060041,44.2583226206532,3015.39890143113
38.7239819712122,44.3657426535409,3002.49571543133
38.3555167567138,44.4691526649686,2989.66
38.007820760957,44.565316288149,2977.33921702579
37.6675585976355,44.6580991304078,2965.08152815299
37.4903332053892,44.7059084703541,2958.61750086836
37.3150750647336,44.7528404860855,2952.17095087527
36.970311948667,44.8441617326412,2939.33
36.6449669683668,44.9291263989222,2927.01472392131
36.326359080514,45.011196135492,2914.76441081194
36.1601071887196,45.053576513815,2908.29632769777
35.9956494987356,45.095200848552,2901.84628168333
35.832953673962,45.1360877241829,2895.41419742546
35.7522565591738,45.1562602654193,2892.20486752515
35.7120690183843,45.1662797741036,2890.60187654757
35.692015294596,45.1712729563696,2889.80079904268
35.6819984185828,45.1737654191697,2889.40036472264
35.6769924738358,45.1750106203151,2889.20017366278
35.6744901243765,45.1756329635523,2889.1000846569
35.6719881900414,45.1762551353193,2889
35.4731196697393,45.2254910318998,2879.33733150893
35.2757350531038,45.2739346747014,2869.68099414036
34.8853475078505,45.3685052297498,2850.3872878975
34.6639787107039,45.4214017934429,2839.33
34.2573206483218,45.5172049731062,2818.79348811137
33.8569454716318,45.609805442493,2798.28585062775
33.6904082484562,45.6478220365261,2789.67
33.4756572968073,45.6964120381887,2778.48457336147
33.2626920778834,45.7441180998043,2767.30765889383
33.0514896139146,45.7909588050334,2756.13924688407
32.8420273872337,45.8369522465361,2744.97932763395
32.7490742226862,45.8572159799692,2740
32.3365060928439,45.9460701936965,2717.68249439006
32.1331742890535,45.9892119775419,2706.54938086619
31.9317728555514,46.0315230808166,2695.43330787115
31.8429041720419,46.0500599680344,2690.5
31.6207972696036,46.0960335501676,2678.09389820886
31.4010045184057,46.1410300067129,2665.70856565713
31.183489667645,46.1850737916768,2653.34395023328
30.9682173026379,46.2281886001308,2641
30.8349457960212,46.2546440957927,2633.30425228385
30.5431944051182,46.3119305788554,2616.31173760945
30.3321785521437,46.3528280925411,2603.89554466347
30.1233093361123,46.392867695949,2591.5
29.9431854004502,46.4270448427047,2580.72498936814
29.8537155834065,46.4439001169368,2575.34325459725
29.8091275896095,46.4522701471155,2572.65382804564
29.7868701822579,46.4564408491096,2571.3094747533
29.7757506086536,46.4585226328453,2570.63738807489
29.7701931022097,46.4595626342701,2570.30136722411
29.7646371151844,46.460602042588,2569.96536136428
29.5343372895512,46.5034149615985,2555.96968856544
29.3066334626732,46.5452253761448,2542
28.9077907295148,46.6172187307899,2517.20988262419
28.5167555710358,46.6862753525136,2492.5
28.3239265323986,46.7197744173594,2480.16420665138
28.1329673029827,46.7525888969369,2467.84827539613
27.752362517421,46.8169276190529,2443
27.5651933575916,46.8480489228616,2430.63099049315
27.379813850615,46.8785367758359,2418.28166823218
27.2952758126784,46.8923292851707,2412.61714179685
27.2111075560308,46.905992628847,2406.95675270202
27.1273067251956,46.9195281597819,2401.3004964165
27.0855433615142,46.9262484140017,2398.47391666304
27.0438709804573,46.9329372146616,2395.64836841572
27.0122364912413,46.9380036324299,2393.5
26.6989255426249,46.9876603216898,2372.0612614952
26.2952445859735,47.0502469378892,2344
25.9464354695935,47.1030682746163,2319.34536379588
25.8833212205523,47.112501658209,2314.84316635167
25.7412919011971,47.1335911713027,2304.66492071891
25.60034808801,47.1543295732109,2294.5
25.2603442922046,47.2035806153436,2269.71064065429
24.9265762902108,47.2508630280021,2245
24.7535467389757,47.2749606570363,2232.04013039989
24.5985717181189,47.2963043229741,2220.34447117778
24.4350479233382,47.3185803544183,2207.91232549126
24.2730159610634,47.3404054269547,2195.5
23.9607488216984,47.3817725303716,2171.31202186828
23.6539580746375,47.4215264771527,2147.19913328747
23.6388171842878,47.4234656992613,2146
23.3525069740769,47.4597341169491,2123.16098513565
23.0231835328001,47.5005094135486,2096.5
22.7238126977196,47.5367043133317,2071.89234040359
22.5851080184659,47.5531933725788,2060.36870830591
22.4253692164829,47.5719630535278,2047
22.1324540384983,47.6057707921425,2022.2100063482
21.9879285363017,47.6221610932899,2009.84502897631
21.8446697355072,47.6382185788991,1997.5
21.7737218973943,47.6461012703605,1991.35328510815
21.7030842806252,47.653903691987,1985.21157586195
21.6327549574863,47.6616266845574,1979.07486614926
21.5627320161683,47.6692710786526,1972.94314986794
21.5549178418677,47.6701213699264,1972.25753325194
21.5471074752037,47.6709706890483,1971.5719790383
21.4132104460718,47.6854442957467,1959.77676083581
21.2804283112067,47.6996357166805,1948
21.1415249359862,47.7143092556563,1935.59437804998
21.0038328371834,47.7286813458997,1923.2092043829
20.8673370586025,47.742758270963,1910.84442848281
20.7320228877818,47.7565461637333,1898.5
20.5984177329615,47.7699967867971,1886.22570701501
20.4659625578443,47.7831718003102,1873.9718514899
20.3318294891438,47.7963516974476,1861.47531612652
20.2652028706488,47.802837868815,1855.23500903794
20.1988671198076,47.8092558235272,1849
20.1954830928886,47.809582159704,1848.68134029567
20.1920998225219,47.8099083194039,1848.36269448377
20.0652216665163,47.8220651392805,1836.37139519048
19.9394036935473,47.8339767680886,1824.39975341869
19.6804090791129,47.8580470930144,1799.5
19.555698678682,47.8694217728527,1787.3853461322
19.4320390127596,47.8805624058528,1775.29117016255
19.3035171759904,47.8919953587221,1762.63439076853
19.1761222204887,47.9031816181542,1750
19.1606052207163,47.9045341754825,1748.45502649824
18.931168970167,47.9242811761385,1725.4548124004
18.685515480885,47.944901073245,1700.5
18.5696743298345,47.9544372909369,1688.61198033775
18.4547866029496,47.9637765399654,1676.74440637374
18.3309022024746,47.9737150189389,1663.8601754062
18.2081185758838,47.9834300264595,1651
18.1660579092698,47.9867270685367,1646.57372505332
17.9764534925151,48.0013939755142,1626.48639000535
17.7434883766147,48.0189767415678,1601.5
17.6403241385739,48.0266087074851,1590.32581136295
17.5379564407657,48.0340882479025,1579.170417641
17.4139982110139,48.0430207175329,1565.57126913744
17.2911997943962,48.0517351328541,1552
17.2087450580719,48.0575114881921,1542.83118695309
17.0721833246388,48.0669457325947,1527.54507831142
16.8508556226845,48.0818851507354,1502.5
16.7634006886262,48.0876687788187,1492.51001140198
16.676551489305,48.0933454061871,1482.53582354711
16.5486627547439,48.1015830784597,1467.75058586692
16.4220783425677,48.1095944508474,1453
16.2900999730641,48.1177965677078,1437.49595584382
16.2142517682611,48.1224407961303,1428.52728207025
16.1089213606972,48.1288060889656,1416.00091043435
16.0045027075747,48.1350197542764,1403.5
15.9105759581504,48.1405270067425,1392.1836683677
15.8173892992114,48.1459140894421,1380.88870621486
15.7249345731295,48.1511833190547,1369.61505306817
15.6332037388441,48.1563369629295,1358.36264868231
15.5977857256487,48.1583070210474,1354
15.4529798944859,48.1662468371927,1336.05757999491
15.3896136510236,48.1696632893741,1328.15206802809
15.3265976472564,48.1730258737513,1320.25731532995
15.2639291757669,48.1763353237287,1312.37329995064
15.2016055562672,48.1795923617298,1304.5
15.1053113428403,48.1845576687734,1292.27046329956
15.0574744205812,48.1869940755882,1286.16558487831
15.009842641129,48.189400087018,1280.0672855322
15.0051215012732,48.1896374806479,1279.46176837359
15.0004023729817,48.1898745777522,1278.85631604003
14.9771382629681,48.1910405516422,1275.86876266185
14.9539229893853,48.1921993462358,1272.88278717215
14.9076383814469,48.1944955467284,1266.91556486065
14.8615474050262,48.1967634759628,1260.95463912357
14.8156489278126,48.1990034271413,1255
14.8155344743378,48.1990089896541,1254.98512808606
14.7992262642042,48.1998004055491,1252.86486936871
14.7498360725106,48.2021830280636,1246.42905929664
14.7252253784265,48.2033622885036,1243.21398312205
14.7006707145416,48.2045335756205,1240.00079064521
14.6761719025401,48.205696934528,1236.78948021112
14.6517287648417,48.2068524100605,1233.58005016674
14.6395280183152,48.2074272055077,1231.97603977464
14.6273411241039,48.2080000467985,1230.37249886094
14.6151680602152,48.2085709394597,1228.76942721957
14.6090867077509,48.208855656778,1227.96806731163
14.6030088046408,48.2091398890037,1227.16682464455
14.5210005869729,48.2129433637347,1216.32268603573
14.4396182947623,48.2166596035006,1205.5
14.3468063056026,48.2208270224968,1193.08182241803
14.2548110355018,48.2248833975018,1180.69249676883
14.1636224744818,48.2288311541355,1168.33192261882
14.0732307710386,48.2326726604859,1156
13.8965371593997,48.2399756429869,1131.66158906888
13.8059707422612,48.2436131465684,1119.06540313811
13.7162172030882,48.2471473358564,1106.5
13.6296757899437,48.2504884456638,1094.30565081738
13.5438931824576,48.253735751998,1082.1409665081
13.4557088942021,48.2570070456621,1069.5546440837
13.3683208582999,48.260181883,1057
13.2840938984912,48.2631788495475,1044.82116506304
13.2006106056806,48.2660883201498,1032.67290433428
13.1145603911625,48.2690236703642,1020.07004160769
13.0292946992453,48.2718686113283,1007.5
12.947230226453,48.2745469227525,995.323620858176
12.8658963074464,48.2771435108266,983.178802118096
12.782013994737,48.2797611113417,970.572443581608
12.6989032193858,48.2822942152724,958
12.658876442353,48.2834927240227,951.91554374812
12.6190301061776,48.284671978852,945.839249902263
12.5398742772614,48.2869736108436,933.711083816563
12.4988499709637,48.2881450324803,927.395103104456
12.4580172957586,48.2892964413339,921.087941193903
12.376921911671,48.2915401766939,908.5
12.337963359979,48.2925977340183,902.423247724747
12.2991822442857,48.2936373638551,896.354941210249
12.2221478766692,48.2956636782495,884.243595131338
12.1821128786867,48.2966963824651,877.918955197763
12.142267344031,48.29771036245,871.60348931928
12.0631397359933,48.2996830621558,859
12.0250996228225,48.3006120533501,852.91138122816
11.987234675439,48.3015242759646,846.831503704974
11.9120258473916,48.3032992132466,834.697897215213
11.8730794831097,48.3041990342333,828.384305116467
11.834318803729,48.3050814791789,822.080138932514
11.7573496388613,48.3067951008376,809.5
11.6836307356949,48.3083881070379,797.373209296456
11.6470278721831,48.3091615270895,791.323321138095
11.6105946127057,48.3099198072818,785.282411049003
11.5346074973066,48.3114642204186,772.621532191134
11.4968896783458,48.3122122005756,766.3058592348
11.4780991669077,48.3125802240259,763.151704332378
11.4593540520508,48.3129443035364,760
11.3862025907432,48.3143359132168,747.624980525305
11.3304600420374,48.315365151442,738.10585056905
11.2756107791796,48.3163515660681,728.662576868828
11.2216354239546,48.3172967700235,719.29425629553
11.1685151316723,48.3182023105099,710
11.133843363563,48.3187801498592,703.893262828064
11.0995321911268,48.3193417086035,697.818265601651
11.0989485301292,48.3193511727981,697.714649662011
11.0319715686262,48.3204175849024,685.762506287605
11.0308283228411,48.3204354498355,685.557420936635
10.9981462419871,48.3209413600196,679.679239165515
10.9657933281476,48.3214330459504,673.830777988988
10.9466565096592,48.3217196043035,670.357470241551
10.9276341918995,48.322001298984,666.894602614602
10.9087254456262,48.3222782002916,663.442128107172
10.899313371935,48.3224148751312,661.719773662561
10.8899293469996,48.3225503774971,660
10.8262816941747,48.3234492653444,647.44308825296
10.822809707275,48.3234972888945,646.754516626808
10.763855193548,48.3242967672713,635.004994961893
10.7570475766717,48.324387143085,633.641205778202
10.7026182589789,48.3250952731203,622.6840416075
10.6926059542081,48.3252227356314,620.658098913648
10.6425403364371,48.3258470551321,610.478581138349
10.6401964417354,48.3258757507942,610
10.6294491116523,48.3260067172389,607.803266391352
10.5835918622991,48.3265542743294,598.386997236882
10.5807171503428,48.3265879922097,597.794365946859
10.5223591868811,48.3272569842499,585.703166460287
10.4650939807531,48.3278847372988,573.724799718285
10.4001441498837,48.3285623110403,560
10.368191277076,48.3288822262896,553.192741540924
10.3430003095383,48.3291281992422,547.800018114301
10.3288855325813,48.3292636151702,544.768301784382
10.314838343852,48.3293966674855,541.743844590016
10.3008583055133,48.3295273849725,538.726620490491
10.2869449833248,48.3296557960517,535.716603569497
10.2812423265198,48.3297079429448,534.480806121155
10.2783951928034,48.3297338724969,533.863362308618
10.2769726729996,48.3297468014048,533.554754032585
10.2755508506194,48.3297597064405,533.246221472873
10.2691819237418,48.3298172982787,531.863248856533
10.2628269774194,48.3298744131314,530.481796516729
10.259654733883,48.329902792528,529.791639667362
10.2564859699178,48.3299310536831,529.101861948018
10.253320680355,48.3299591969294,528.412463046378
10.2517393368503,48.3299732244407,528.067905554689
10.2509489901367,48.3299802271865,527.895662281578
10.2501588600093,48.3299872225992,527.723442650462
10.2351749495325,48.3301188578674,524.453026404614
10.2319502890958,48.3301469322987,523.748093657487
10.1953586368908,48.3304591889954,515.721110339925
10.169420622254,48.3306735010089,510
10.1298964600301,48.3309888516166,501.231837635871
10.0832035247371,48.3313439478242,490.793867695779
10.0372832653756,48.3316747322012,480.443297181012
9.99211847263354,48.3319822418964,470.179032946135
9.94769242064453,48.3322674689481,460
9.92647882102028,48.3323976301395,455.110153799645
9.90543221213653,48.3325229114196,450.239855181777
9.88455082026459,48.3326434143078,445.388987165494
9.86383289550155,48.3327592381904,440.55743370145
9.84327671138171,48.3328704803688,435.745079662605
9.82288056449568,48.3329772361075,430.951810835079
9.80264277411683,48.3330795986796,426.177513909115
9.78256168183474,48.3331776594128,421.42207647015
9.77049723370833,48.3332348920605,418.556340878194
9.75848909698811,48.3332906046828,415.697432495386
9.74653691682028,48.3333448164613,412.845326953464
9.74058169952636,48.3333713654659,411.421817664446
9.73464033958412,48.3333975463433,410
9.69205283009323,48.3335762526289,399.307878836069
9.65011802384572,48.333736858018,388.697138499809
9.60882246144895,48.3338801187695,378.166853394176
9.56815303336386,48.3340067600301,367.716111905669
9.53832506356997,48.3340905284083,360
9.52809692652788,48.3341174773216,357.344016141245
9.50073640865099,48.3341851091153,350.213610508655
9.48864173709927,48.3342129375025,347.049681671167
9.46368095193459,48.3342663607039,340.49665633665
9.42714856224656,48.3343348144067,330.84840112145
9.39112926995597,48.3343909811723,321.268118876023
9.34908810310543,48.3344423155728,310
9.31287168139065,48.3344742547011,300.217481876511
9.27717437607085,48.334494610584,290.505624974055
9.24198618461011,48.3345038662063,280.863666446062
9.20729734722046,48.334502485556,271.290854387338
9.16669711645699,48.3344876222665,260
9.13180802608255,48.3344634355857,250.221496159884
9.09742448685327,48.3344292769315,240.514923480173
9.06353665768714,48.3343855841413,230.879491175603
9.03013493863351,48.3343327774252,221.314420010072
9.0104483699035,48.3342971243574,215.644922069009
8.99092930972918,48.3342584581265,210
8.97226957640079,48.3342184066892,204.581591531031
8.95365728902031,48.3341754505866,199.16578174378
8.91657437405466,48.334080914299,188.341950740003
8.89662958312785,48.3340251391524,182.501932901358
8.8767393181802,48.3339660825521,176.664936727765
8.83712152863413,48.3338382348078,165
8.82852019627563,48.3338086805301,162.460614540196
8.79489374641838,48.3336869854231,152.509498489537
8.76142327076914,48.3335561214352,142.567164179106
8.74152471381935,48.333473718686,136.638571687629
8.71366686673842,48.3333525892447,128.316210957766
8.68591686416767,48.3332252405254,120
8.65989893933697,48.3330997772376,112.178010498598
8.62212010050575,48.3329071542173,100.775120697231
8.60288388423001,48.332804320768,94.9483509011809
8.5837112929194,48.3326986356047,89.126912393105
8.56460203440099,48.3325901287408,83.3107978594423
8.55702241914904,48.3325462130756,81
8.54555581822891,48.332478829901,77.5
8.52824768046112,48.3323749603351,72.2074135776759
8.51099147609679,48.3322688170857,66.9192339716901
8.49378698879634,48.3321604220584,61.6354556803995
8.47663400338024,48.3320497969672,56.3560732113143
8.45930310071671,48.3319354338674,51.0103056534594
8.44202465044687,48.3318188247463,45.6690413893526
8.42479843220822,48.3316999916137,40.3322747310044
8.41620484126176,48.3316397478658,37.6655762291114
8.41191291342037,48.3316094203838,36.332647874741
8.4097681649225,48.3315942053886,35.6662888829499
8.4076242261428,48.3315789562801,35
8.40260640684083,48.3315431104565,33.125
8.39759162011387,48.331507068204,31.25
8.38757113349456,48.3314343959122,27.5
8.37756274453602,48.3313609423976,23.75
8.37256307989712,48.331323923614,21.875
8.37006437885279,48.3313053413784,20.9375
8.36881531100146,48.3312960320699,20.46875
8.36756643154099,48.331286710642,20
8.36121606437658,48.3312391033652,17.3283812080545
8.3548711291829,48.3311911876252,14.6567624161089
8.34617771655692,48.3311249698991,10.9925718120812
8.33749449108494,48.3310581756798,7.32838120805445
8.32882143500125,48.3309908071257,3.66419060402677
8.32448871493941,48.3309569081456,1.83209530201384
8.32232330593543,48.3309399050971,0.916047651006011
8.32124083906929,48.3309313901979,0.458023825503005
8.32015853058101,48.3309228663877,0
