122.37,4.08,574
122.351519408221,4.10320599692485,585.703166460287
122.3322486725,4.12740228472849,597.794365946859
122.33129948291,4.1285940347777,598.386997236882
122.316159154741,4.14760275767394,607.803266391352
122.312611090714,4.15205718782113,610
122.311837305287,4.15302863082413,610.478581138349
122.29531051831,4.17377630675208,620.658098913648
122.292005724495,4.17792496157993,622.6840416075
122.274041767382,4.20047490548049,633.641205778202
122.271795170966,4.20329491105252,635.004994961893
122.252341340333,4.22771290815437,646.754516626808
122.251195757892,4.22915075367802,647.44308825296
122.230197268003,4.25550517041774,660
122.227110114851,4.25937954073324,661.719773662561
122.224013844783,4.26326530118673,663.442128107172
122.21779380881,4.27107117257302,666.894602614602
122.211536864049,4.27892315201099,670.357470241551
122.205242712756,4.28682160900237,673.830777988988
122.194602790904,4.30017303414675,679.679239165515
122.18385594065,4.31365801266546,685.557420936635
122.183480031189,4.31412968654727,685.762506287605
122.161460242667,4.34175775539685,697.714649662011
122.161268378984,4.34199847369567,697.818265601651
122.149990198972,4.35614808273476,703.893262828064
122.138594976089,4.37044382237511,710
122.121139356416,4.39234116789068,719.29425629553
122.103406344886,4.41458475770297,728.662576868828
122.085389919216,4.43718205424757,738.10585056905
122.067083889438,4.46014072567038,747.624980525305
122.04306654233,4.49025943121953,760
122.036912983088,4.49797571276147,763.151704332378
122.030744632689,4.50571032579699,766.3058592348
122.01836335988,4.52123478759737,772.621532191134
121.993421120399,4.55250636206782,785.282411049003
121.981462780502,4.56749797955774,791.323321138095
121.969449171899,4.58255805431835,797.373209296456
121.945254718324,4.61288531146934,809.5
121.919995166492,4.64454400985496,822.080138932514
121.90727538628,4.66048475008719,828.384305116467
121.894495071201,4.67650039556019,834.697897215213
121.869816279474,4.70742388021937,846.831503704974
121.857391937145,4.72299069607928,852.91138122816
121.844910478511,4.73862814835189,859
121.818948776578,4.77115139796232,871.60348931928
121.80587603408,4.78752660504928,877.918955197763
121.792741489756,4.8039781871797,884.243595131338
121.767469306042,4.83562974172785,896.354941210249
121.75474710779,4.85156188880423,902.423247724747
121.741967017168,4.86756553827698,908.5
121.71536517385,4.90087402249889,921.087941193903
121.701971233328,4.9176430817925,927.395103104456
121.688514737979,4.93448933928186,933.711083816563
121.662551452398,4.96698972783595,945.839249902263
121.64948217083,4.98334803217456,951.91554374812
121.636353969926,4.99977900385,958
121.609095624437,5.03389148725648,970.572443581608
121.581585230068,5.06831462088759,983.178802118096
121.55491151814,5.10168622084136,995.323620858176
121.527999062054,5.13535188308406,1007.5
121.500037593041,5.17032482993574,1020.07004160769
121.471819587236,5.2056134837786,1032.67290433428
121.444443983718,5.23984366889887,1044.82116506304
121.416825102686,5.27437303980727,1057
121.38817019235,5.31019231493538,1069.5546440837
121.359254621122,5.34633186416475,1082.1409665081
121.331126912313,5.38148132759692,1094.30565081738
121.302750682448,5.41693592991815,1106.5
121.273321424591,5.45370044489016,1119.06540313811
121.243625734543,5.49079178553766,1131.66158906888
121.185689934123,5.56313883528364,1156
121.156051362075,5.60014081304396,1168.33192261882
121.126151236267,5.63746306846318,1180.69249676883
121.095986242317,5.675109531824,1193.08182241803
121.065553009711,5.71308419701335,1205.5
121.038867147101,5.74637742493133,1216.32268603573
121.011975529468,5.77992216162504,1227.16682464455
121.00998247998,5.78240809319625,1227.96806731163
121.007988296254,5.78489541068523,1228.76942721957
121.003996522399,5.78987420776974,1230.37249886094
121.000000200464,5.79485856166681,1231.97603977464
120.995999323013,5.79984848115948,1233.58005016674
120.987983871885,5.80984505196572,1236.78948021112
120.979950109047,5.81986399100747,1240.00079064521
120.971897974418,5.82990536920977,1243.21398312205
120.963827407657,5.83996925779385,1246.42905929664
120.947630736277,5.86016485094281,1252.86486936871
120.942245148262,5.86687970213641,1255
120.927193208843,5.88564560851014,1260.95463912357
120.912077889837,5.90448885195172,1266.91556486065
120.896898806898,5.92340988513882,1272.88278717215
120.889285232509,5.93289971590612,1275.86876266185
120.88165557159,5.94240916545217,1278.85631604003
120.880107884997,5.94433811677627,1279.46176837359
120.878559535729,5.94626787618118,1280.0672855322
120.862938006349,5.96573651047211,1286.16558487831
120.847248881964,5.98528755176139,1292.27046329956
120.815666166696,6.02463883167091,1304.5
120.795224415483,6.05010474041721,1312.37329995064
120.774668907984,6.07570917450079,1320.25731532995
120.753998729588,6.10145320679751,1328.15206802809
120.733212955818,6.12733792117099,1336.05757999491
120.685710065898,6.18648125463927,1354
120.674090723135,6.20094523299535,1358.36264868231
120.6439959891,6.23840285818842,1369.61505306817
120.613661901405,6.2761512517601,1380.88870621486
120.583085698329,6.3141936377568,1392.1836683677
120.552264575237,6.35253328762797,1403.5
120.517998042345,6.39514997628699,1416.00091043435
120.483429382877,6.43813291744648,1428.52728207025
120.458534682768,6.46908123966903,1437.49595584382
120.415213188156,6.52292524606517,1453
120.373657369153,6.57456036270558,1467.75058586692
120.33166826026,6.62671948888353,1482.53582354711
120.303150443233,6.66213620030847,1492.51001140198
120.274431177363,6.69779627352494,1502.5
120.201737507103,6.78802756326737,1527.54507831142
120.156875696745,6.84369021531929,1542.83118695309
120.12978509367,6.87729481109878,1552
120.089434518943,6.92733612187503,1565.57126913744
120.048696557731,6.97784363283569,1579.170417641
120.015049277158,7.01954917041474,1590.32581136295
119.981135593199,7.06157492441519,1601.5
119.904534199426,7.15646198391321,1626.48639000535
119.842171491604,7.23367297112691,1646.57372505332
119.828334980465,7.25079917748153,1651
119.787938348762,7.30079043704411,1663.8601754062
119.747171778042,7.35122453317289,1676.74440637374
119.709358596853,7.39799133743678,1688.61198033775
119.671224503736,7.44514177703444,1700.5
119.590332651925,7.54511507604566,1725.4548124004
119.514749903572,7.63847176117532,1748.45502649824
119.509637053698,7.64478500196675,1750
119.467654951512,7.69661427562857,1762.63439076853
119.425291453039,7.74889742428862,1775.29117016255
119.384520920903,7.79919839745865,1787.3853461322
119.343394135428,7.84992269679135,1799.5
119.257950835898,7.95525293749582,1824.39975341869
119.216426763988,8.00641596345804,1836.37139519048
119.17454177649,8.05800646295524,1848.36269448377
119.173424738845,8.05938210077174,1848.68134029567
119.172307443402,8.06075804368755,1849
119.150403913526,8.08772961125611,1855.23500903794
119.128401208099,8.11481849495635,1861.47531612652
119.084095604465,8.16935117046687,1873.9718514899
119.04033140737,8.22319811129068,1886.22570701501
118.99617412178,8.27750908813821,1898.5
118.951438288058,8.33251143244892,1910.84442848281
118.906297551623,8.38799085279927,1923.2092043829
118.860746434163,8.44395338843679,1935.59437804998
118.814779355359,8.50040518170923,1948
118.770823425145,8.55436651447649,1959.77676083581
118.726483805289,8.60877836388278,1971.5719790383
118.723896966992,8.6119521923202,1972.25753325194
118.721308816817,8.61512755972454,1972.94314986794
118.698114087888,8.64358171150866,1979.07486614926
118.674813732072,8.67215971174845,1985.21157586195
118.651407029754,8.70086234725825,1991.35328510815
118.627893254577,8.72969041159094,1997.5
118.580400694911,8.787898630391,2009.84502897631
118.532470011933,8.84661926909106,2022.2100063482
118.435269952189,8.96562424643489,2047
118.382229829579,9.03051938625597,2060.36870830591
118.33615473626,9.08686761605795,2071.89234040359
118.23664735693,9.20848132062428,2096.5
118.127083808838,9.34225689952248,2123.16098513565
118.031742692009,9.45855630128607,2146
118.026698471572,9.4647064683814,2147.19913328747
117.924439508445,9.58932251077745,2171.31202186828
117.820253703725,9.71616173114684,2195.5
117.766151663824,9.78197710083517,2207.91232549126
117.71152249797,9.84839860541973,2220.34447117778
117.659722036072,9.91134801238065,2232.04013039989
117.601855148314,9.98163154956849,2245
117.554958452104,10.0385614349915,2255.42223487233
117.490135996785,10.1172083262025,2269.71064065429
117.376197107328,10.2553222617566,2294.5
117.328925411088,10.3125769950662,2304.66492071891
117.281265652959,10.3702737206464,2314.84316635167
117.260079070928,10.3959130479922,2319.34536379588
117.142901176209,10.5376165541244,2344
117.00710177777,10.7016221421819,2372.0612614952
116.90156108961,10.8289213820205,2393.5
116.890897821174,10.8417750358712,2395.64836841572
116.876849034481,10.8587073951523,2398.47391666304
116.862767320177,10.8756768748052,2401.3004964165
116.83450463788,10.9097276763957,2406.95675270202
116.806108822191,10.9439284137253,2412.61714179685
116.777578912942,10.9782800667659,2418.28166823218
116.714984020707,11.053610585832,2430.63099049315
116.651738483707,11.1296717858206,2443
116.522984753709,11.2843514648926,2467.84827539613
116.458311528,11.3619637677903,2480.16420665138
116.392954098932,11.4403399427273,2492.5
116.260257662514,11.5992902595094,2517.20988262419
116.124688959238,11.7614319320215,2542
116.047188977324,11.8540085010258,2555.96968856544
115.968729079216,11.9476463486512,2569.96536136428
115.966835278257,11.9499054361405,2570.30136722411
115.964940914237,11.9521651448915,2570.63738807489
115.961150495987,11.9566864271951,2571.3094747533
115.953562891424,11.9657364581388,2572.65382804564
115.938360552125,11.983866442541,2575.34325459725
115.907846887254,12.0202465606908,2580.72498936814
115.846379851564,12.093491099978,2591.5
115.775043361813,12.1784289255809,2603.89554466347
115.702907697301,12.2642444566183,2616.31173760945
115.603062350409,12.3829012400866,2633.30425228385
115.557410271552,12.4371064568357,2641
115.48361169074,12.5246675223628,2653.34395023328
115.40897228256,12.6131453315632,2665.70856565713
115.333477110414,12.7025543420099,2678.09389820886
115.257110861321,12.7929093285488,2690.5
115.226533912943,12.8290630910949,2695.43330787115
115.157192336368,12.9109999921108,2706.54938086619
115.087121643119,12.993725357341,2717.68249439006
114.944744825334,13.1615873666012,2740
114.912628489533,13.1994100019578,2744.97932763395
114.840199111157,13.28465062056,2756.13924688407
114.767086354967,13.3706140469515,2767.30765889383
114.693279846574,13.4573097437812,2778.48457336147
114.618768985577,13.5447473482572,2789.67
114.560927151768,13.6125645777746,2798.28585062775
114.421654766002,13.7756412989242,2818.79348811137
114.27988510724,13.9413283811419,2839.33
114.202577990155,14.0315432848343,2850.3872878975
114.066014699713,14.1906746765593,2869.68099414036
113.996853832667,14.27115044178,2879.33733150893
113.927095958014,14.3522424890437,2889
113.926261700037,14.3532118184143,2889.1000846569
113.925427307761,14.3541812925167,2889.20017366278
113.923758120175,14.3561206750455,2889.40036472264
113.920418131951,14.3600011783031,2889.80079904268
113.913731695889,14.3677691448584,2890.60187654757
113.900332925968,14.3833329761836,2892.20486752515
113.873431317676,14.4145726983244,2895.41419742546
113.819207968951,14.4775041491171,2901.84628168333
113.764416923628,14.5410456200553,2908.29632769777
113.709049015772,14.6052060386116,2914.76441081194
113.603003376837,14.7279508486963,2927.01472392131
113.494806512744,14.8529936318324,2939.33
113.380259021709,14.9851631300237,2952.17095087527
113.322074045682,15.0522150688662,2958.61750086836
113.263268270091,15.1199245089996,2965.08152815299
113.150461060774,15.2496480015425,2977.33921702579
113.035329786086,15.3818210952639,2989.66
112.913486330281,15.5214530384009,3002.49571543133
112.789002510586,15.6638469708999,3015.39890143113
112.668768829305,15.801124485702,3027.66381416945
112.546012149184,15.9410227308303,3039.99
112.416152074484,16.0887286443918,3052.81908434385
112.28342425809,16.2393888735937,3065.71352997519
112.15497691529,16.3848924442857,3077.98700900047
112.023775029182,16.5332119823403,3090.32
111.884965940828,16.6897943172675,3103.14955388861
111.743020805513,16.8495537880302,3116.04247592231
111.605474045364,17.0040130129986,3128.32235675033
111.464902658518,17.1615107973329,3140.66
111.316236715157,17.3276817161634,3153.48051912725
111.164123312107,17.4972819894089,3166.3623986169
111.01641454341,17.6615583385502,3178.6481624524
110.865361083758,17.8291312324421,3190.99
110.541867025739,18.1865516783342,3216.69183982688
110.382776764862,18.3615949184916,3228.97873402073
110.219961332889,18.5402335745324,3241.32
109.879721264684,18.9118836846036,3266.37483646147
109.52256396312,19.2995796254445,3291.65
109.392128650004,19.440541049164,3300.62894076405
109.297342640158,19.5427646621822,3307.07193322699
109.144234347501,19.7075093172969,3317.33618064189
108.817422338801,20.0575902210555,3338.6688674973
108.765617162116,20.1128867128673,3341.98
108.539844951011,20.3532409633287,3356.19208780315
108.30725301718,20.5997730208277,3370.47067351015
108.125635379491,20.7915078605433,3381.37088028597
107.939692887052,20.9871075291553,3392.31
107.938759794759,20.9880872893756,3392.36434000005
107.765463669677,21.1697392950868,3402.36247766525
107.186599414994,21.7719998500993,3434.44472730291
107.032807398638,21.9308320138264,3442.64
106.566095357264,22.4097941800253,3466.70910756626
106.142844345194,22.8401693982146,3487.5369695979
106.029272068013,22.9550047542712,3492.97
105.89940607548,23.0859775725883,3499.1039710572
105.177569813205,23.8073737497494,3531.7293278752
104.907990161425,24.0739093829154,3543.3
104.392175843704,24.5795090744461,3564.56143118921
103.838601795759,25.1156775229466,3586.15679406558
103.639165238669,25.307202917747,3593.64
103.533704489824,25.4081283146515,3597.53542656682
102.583940656143,26.306048871644,3630.78033222899
102.179783335171,26.6821257882853,3643.97
101.524152882587,27.2845431171764,3664.23116754033
100.68440242491,28.0422785779335,3688.25154454241
100.460818709415,28.2414018371936,3694.3
100.325823872063,28.3610939465782,3697.88393367011
98.9421642133134,29.564754179405,3731.82301655774
98.3617644356046,30.0571230996998,3744.63
97.304309930299,30.9352582162066,3765.97595971175
95.6868473758905,32.231521616671,3794.08314579437
95.6311437241231,32.2751609869891,3794.96
95.2808710368264,32.5480524717748,3800.34253176438
92.5604823989668,34.5793034787763,3835.00544199814
91.5130214309817,35.3205113817402,3845.29
87.8645907627858,37.7312381367357,3869.90796215946
87.0966773729265,38.2058429259249,3873.11357344114
86.1122810854345,38.7981095432943,3876.32157748084
83.1036863305746,40.4993431085149,3880.36802846175
79.9424331404577,42.1185699645452,3876.32157748084
78.8374792313916,42.6459188397928,3873.11357344114
77.9495190809242,43.0557440753785,3869.90796215946
73.3932412689511,44.9720869273016,3845.29
71.973863389955,45.5084260159532,3835.00544199814
68.0324731043388,46.8572204044994,3800.34253176438
67.4969260324309,47.0252007907783,3794.96
67.4111487145851,47.0517766689399,3794.08314579437
64.8461034871997,47.8053950896727,3765.97595971175
63.0896632530196,48.2768920015769,3744.63
62.0982750208453,48.5275731457357,3731.82301655774
59.6553993059607,49.0992135719067,3697.88393367011
59.4110219110608,49.1528717236319,3694.3
59.0039003446878,49.2408647507284,3688.25154454241
57.4483180713135,49.5611740007312,3664.23116754033
56.2047051610684,49.7994245920338,3643.97
55.4254012912279,49.9408034220657,3630.78033222899
53.5561698542497,50.255520976418,3597.53542656682
53.3453554497802,50.2888840855115,3593.64
52.9449179581481,50.3510805678833,3586.15679406558
51.821390165232,50.5174244296558,3564.56143118921
50.7587401602356,50.6637994458594,3543.3
50.1973991057455,50.7368704691171,3531.7293278752
48.6745173152124,50.920483704054,3499.1039710572
48.3975191695956,50.9516038501289,3492.97
48.1545319667506,50.9783298715913,3487.5369695979
47.2429528075593,51.0738428144384,3466.70910756626
46.2269354983368,51.1715177018609,3442.64
45.8896973269321,51.2019058005461,3434.44472730291
44.609803088939,51.3080852649143,3402.36247766525
44.2234663335794,51.3373044025677,3392.36434000005
44.2213822705423,51.3374584771545,3392.31
43.8052585225088,51.3674616157527,3381.37088028597
43.3972527937725,51.3954120429379,3370.47067351015
42.8725201067231,51.4292291165031,3356.19208780315
42.3608429862186,51.4599039741048,3341.98
42.243116311744,51.4666408717544,3338.6688674973
41.4977560961986,51.5065159668065,3317.33618064189
41.1469985153731,51.5236237905049,3307.07193322699
40.9293628480981,51.5337067370323,3300.62894076405
40.6292710207034,51.546942520852,3291.65
39.8040722183983,51.5793574644338,3266.37483646147
39.0133740473091,51.6049522068268,3241.32
38.6334794430056,51.6153512667973,3228.97873402073
38.2613564428917,51.6243448471042,3216.69183982688
37.5019702043483,51.6390397721611,3190.99
37.1461778561691,51.6442370904336,3178.6481624524
36.79755034098,51.6482859508887,3166.3623986169
36.4378100102645,51.651381198017,3153.48051912725
36.0855399955822,51.6533468387473,3140.66
35.7518477680009,51.6542367714044,3128.32235675033
35.424785291106,51.6541913821799,3116.04247592231
35.086710966742,51.6531896327308,3103.14955388861
34.7555794863227,51.6512674215981,3090.32
34.4421321423439,51.6485897134235,3077.98700900047
34.1348439209435,51.6451542396093,3065.71352997519
33.8168919101421,51.6407546704795,3052.81908434385
33.5054076135873,51.6356110061604,3039.99
33.2106091941821,51.6299825957432,3027.66381416945
32.9215497839449,51.6237454515684,3015.39890143113
32.6219513414065,51.6165298280102,3002.49571543133
32.3284035944011,51.6087179085447,2989.66
32.0507618683771,51.6006529436938,2977.33921702579
31.7784850988597,51.5921047512575,2965.08152815299
31.6364580117508,51.587394457033,2958.61750086836
31.4958708902839,51.5825621213858,2952.17095087527
31.2189327890441,51.5725486021936,2939.33
30.9571524885487,51.5624796221318,2927.01472392131
30.7004010512662,51.5520337523062,2914.76441081194
30.5662811373787,51.5463523552449,2908.29632769777
30.4335152665816,51.540576292682,2901.84628168333
30.3020837233621,51.5347092188853,2895.41419742546
30.2368622402872,51.5317426619834,2892.20486752515
30.2043740293283,51.5302513188288,2890.60187654757
30.1881604274884,51.5295036545115,2889.80079904268
30.1800612364264,51.5291293270758,2889.40036472264
30.1760135413579,51.5289420399007,2889.20017366278
30.1739901686893,51.5288483654941,2889.1000846569
30.1719671125029,51.5287546705586,2889
30.0027737921469,51.5207941977874,2879.33733150893
29.8349674450488,51.5126557626821,2869.68099414036
29.5034520330386,51.4958649267721,2850.3872878975
29.3156904291451,51.4859348002035,2839.33
28.9712003719659,51.4669243612843,2818.79348811137
28.6325893702801,51.4472384200928,2798.28585062775
28.4919088844725,51.4387677062626,2789.67
28.3106462870352,51.4276004754098,2778.48457336147
28.1310550483527,51.4162550097049,2767.30765889383
27.9531134442412,51.4047374045252,2756.13924688407
27.7768001088694,51.3930535826796,2744.97932763395
27.6986095745772,51.3877854883155,2740
27.3519089916276,51.3637845233472,2717.68249439006
27.1812432082075,51.3515845807025,2706.54938086619
27.0123324161798,51.3392594157826,2695.43330787115
26.9378433415508,51.3337447481741,2690.5
26.7517919194497,51.3197584976989,2678.09389820886
26.5678453550224,51.3056321406113,2665.70856565713
26.38597002759,51.2913728110583,2653.34395023328
26.2061330063982,51.2769873883923,2641
26.0948811895413,51.2679456950574,2633.30425228385
25.8515564483725,51.2477899682104,2616.31173760945
25.6757582682781,51.2329026795786,2603.89554466347
25.5019087906362,51.2179117907703,2591.5
25.3521144130524,51.2047806245607,2580.72498936814
25.2777545608331,51.1981883080507,2575.34325459725
25.2407079077551,51.1948856689129,2572.65382804564
25.2222177679197,51.1932327540606,2571.3094747533
25.2129809783009,51.1924059009079,2570.63738807489
25.2083646515233,51.1919923757852,2570.30136722411
25.2037497026572,51.1915787851116,2569.96536136428
25.0125587768504,51.1742781368152,2555.96968856544
24.8237202962811,51.1568714896275,2542
24.4934321723097,51.1256629790128,2517.20988262419
24.1702087170765,51.0941792245916,2492.5
24.0110399607415,51.0783317784093,2480.16420665138
23.8535594013416,51.062428875985,2467.84827539613
23.5401143092612,51.0301131681319,2443
23.386185179647,51.0139195405933,2430.63099049315
23.2338675030141,50.9976850950593,2418.28166823218
23.164452847967,50.9902171965494,2412.61714179685
23.0953707086015,50.9827418340837,2406.95675270202
23.0266188257231,50.9752593547385,2401.3004964165
22.9923660280834,50.9715155529259,2398.47391666304
22.9581949563281,50.9677700994471,2395.64836841572
22.9322596310801,50.9649202980772,2393.5
22.6756154835083,50.9363912165128,2372.0612614952
22.3455429345172,50.8988199964248,2344
22.0608818156253,50.8656205542675,2319.34536379588
22.0094289136551,50.8595407307389,2314.84316635167
21.8937027287289,50.8457776964275,2304.66492071891
21.7789446590183,50.8320086924982,2294.5
21.5024537884181,50.7983383087816,2269.71064065429
21.345224476267,50.7788778726185,2255.42223487233
21.2315090444055,50.7646612955315,2245
21.0912338925932,50.7469599111592,2232.04013039989
20.9657037206872,50.7309650755573,2220.34447117778
20.8333600386438,50.7139441923105,2207.91232549126
20.7023363643558,50.6969332021812,2195.5
20.4501450966695,50.6637422036437,2171.31202186828
20.2027839493974,50.6306118372297,2147.19913328747
20.1905865323578,50.6289634104252,2146
19.9601222954727,50.5975558962164,2123.16098513565
19.6954715878553,50.5608760023972,2096.5
19.4552975600535,50.527019159905,2071.89234040359
19.3441512576994,50.5111672632495,2060.36870830591
19.2162530524083,50.4927819583219,2047
18.9820112993827,50.4587088728614,2022.2100063482
18.866572417326,50.441725812363,2009.84502897631
18.7522346379879,50.4247800677857,1997.5
18.6956426361134,50.4163467334383,1991.35328510815
18.6393197212451,50.4079232514324,1985.21157586195
18.5832640761642,50.3995097590811,1979.07486614926
18.5274738995363,50.3911063907145,1972.94314986794
18.5212493397715,50.3901669798777,1972.25753325194
18.5150280771958,50.38922769756,1971.5719790383
18.408414923242,50.3730739369523,1959.77676083581
18.3027661428114,50.3569592395739,1948
18.1923286773609,50.3400000331031,1935.59437804998
18.0829367299897,50.3230862502899,1923.2092043829
17.9745762705343,50.306218820235,1910.84442848281
17.8672335121697,50.2893986293835,1898.5
17.761324195529,50.272694450884,1886.22570701501
17.6564025808713,50.2560395331192,1873.9718514899
17.5502290768964,50.2390778117748,1861.47531612652
17.4975194254052,50.2306167601409,1855.23500903794
17.4450589282522,50.2221690389413,1849
17.4423832376469,50.2217374587749,1848.68134029567
17.439708194629,50.2213059138346,1848.36269448377
17.3394253696379,50.2050780648521,1836.37139519048
17.2400490770555,50.1889008114243,1824.39975341869
17.0356991890885,50.1553339536043,1799.5
16.937404234605,50.13904323251,1787.3853461322
16.8400034505259,50.1228078638907,1775.29117016255
16.7388425869102,50.1058477673954,1762.63439076853
16.638638706842,50.0889495566309,1750
16.626438402315,50.0868854129283,1748.45502649824
16.4461635406612,50.0562151965927,1725.4548124004
16.2533960705292,50.0230668616825,1700.5
16.1625834991264,50.00732410333,1688.61198033775
16.0725748509501,49.9916405471325,1676.74440637374
15.975580777951,49.9746503587064,1663.8601754062
15.8795130206942,49.9577308301028,1651
15.846618866301,49.9519165116632,1646.57372505332
15.6984291346382,49.9255898692319,1626.48639000535
15.5165584555518,49.892981898766,1601.5
15.4360937932349,49.87845030938,1590.32581136295
15.3562947947603,49.8639752645541,1579.170417641
15.2597244119846,49.846373087747,1565.57126913744
15.1641214254936,49.828855527338,1552
15.099963021182,49.8170483976648,1542.83118695309
14.9937663909433,49.7974143853162,1527.54507831142
14.8218176898644,49.765384094609,1502.5
14.7539306923264,49.7526564478634,1492.51001140198
14.6865454236556,49.7399770092488,1482.53582354711
14.587375211951,49.7212336130394,1467.75058586692
14.4892834017149,49.7025964408488,1453
14.3870825135205,49.6830751474692,1437.49595584382
14.3283800917144,49.6718146748871,1428.52728207025
14.2468994780484,49.6561269697094,1416.00091043435
14.1661694056588,49.6405173652335,1403.5
14.0935893910621,49.6264271257944,1392.1836683677
14.0216170598336,49.6124019750172,1380.88870621486
13.9502452385397,49.5984417816306,1369.61505306817
13.8794668634733,49.5845464067739,1358.36264868231
13.8521479874292,49.5791694360402,1354
13.7405085285855,49.557117078746,1336.05757999491
13.6916825688096,49.5474323558144,1328.15206802809
13.643142683133,49.5377801981693,1320.25731532995
13.5948865084187,49.5281605416939,1312.37329995064
13.5469117068487,49.5185733207916,1304.5
13.4728183321943,49.5037202141804,1292.27046329956
13.4360242552305,49.4963233580238,1286.16558487831
13.3993971527773,49.4889462549207,1280.0672855322
13.3957672675358,49.488214404953,1279.46176837359
13.392139018866,49.4874827495793,1278.85631604003
13.3742539842234,49.4838741604287,1275.86876266185
13.3564086725908,49.4802703072756,1272.88278717215
13.3208367232691,49.4730767924061,1266.91556486065
13.2854221790035,49.4659021702393,1260.95463912357
13.2501640581894,49.4587464061058,1255
13.237550618346,49.4561833516349,1252.86486936871
13.1996229596074,49.4484665604443,1246.42905929664
13.1807275946464,49.4446165583786,1243.21398312205
13.1618776671409,49.4407721441537,1240.00079064521
13.1430730231077,49.4369333117012,1236.78948021112
13.1243135092415,49.433100054923,1233.58005016674
13.1149506282202,49.431185515462,1231.97603977464
13.1055989725566,49.4292723676197,1230.37249886094
13.0962585232764,49.427360610626,1228.76942721957
13.09159249509,49.4264052534515,1227.96806731163
13.086929261403,49.4254502436995,1227.16682464455
13.0240234149379,49.4125454362866,1216.32268603573
12.9616242867782,49.3997041422036,1205.5
12.8904937701968,49.3850168166182,1193.08182241803
12.8200229724413,49.3704139913517,1180.69249676883
12.7502033037771,49.3558952636334,1168.33192261882
12.6810263192328,49.3414602258375,1156
12.5458954230604,49.3131190542015,1131.66158906888
12.4766801040056,49.2985287346688,1119.06540313811
12.4081178318907,49.2840267747023,1106.5
12.3420391671351,49.2700036497404,1094.30565081738
12.2765687387984,49.2560645533044,1082.1409665081
12.2092952286508,49.2416948045986,1069.5546440837
12.1426590468008,49.2274144101915,1057
12.0784613400042,49.2136125080987,1044.82116506304
12.0148575249698,49.1998955778403,1032.67290433428
11.9493262157878,49.1857184487059,1020.07004160769
11.8844205464823,49.1716320912365,1007.5
11.8219780997313,49.1580384038284,995.323620858176
11.7601169818479,49.1445306921669,983.178802118096
11.6963441205788,49.1305632144591,970.572443581608
11.6331843657878,49.1166876201612,958
11.6027755475187,49.1099920323055,951.91554374812
11.5725098501119,49.1033182302435,945.839249902263
11.5124040785859,49.090035686025,933.711083816563
11.481262239858,49.0831386970188,927.395103104456
11.4502721990711,49.0762651058907,921.087941193903
11.3887434057067,49.0625877802891,908.5
11.3591935502339,49.0560047929778,902.423247724747
11.3297839381548,49.0494438246379,896.354941210249
11.2713817549546,49.0363876263644,884.243595131338
11.2410387484973,49.0295899007085,877.918955197763
11.2108453025371,49.0228159380413,871.60348931928
11.1509030079882,49.0093389389357,859
11.122094443354,49.0028481784727,852.91138122816
11.0934238805778,48.9963797081753,846.831503704974
11.0364931014248,48.9835092989645,834.697897215213
11.0070201558788,48.9768326942431,828.384305116467
10.9776933204452,48.9701799588116,822.080138932514
10.9194739724213,48.9569457146469,809.5
10.8637336358783,48.9442409414758,797.373209296456
10.8360649040696,48.9379220866368,791.323321138095
10.8085292685956,48.9316254672894,785.282411049003
10.7511151915198,48.9184702945877,772.621532191134
10.7226243670782,48.9119290923071,766.3058592348
10.7084325685401,48.9086675422052,763.151704332378
10.6942763468151,48.9054120091402,760
10.639039398691,48.892688429749,747.624980525305
10.5969536313847,48.8829721015145,738.10585056905
10.5555470890664,48.87339394791,728.662576868828
10.5148049381993,48.8639514242733,719.29425629553
10.4747127557043,48.8546420420164,710
10.4485469167125,48.8485569827067,703.893262828064
10.4226551179843,48.8425283677353,697.818265601651
10.4222146938698,48.8424257572115,697.714649662011
10.3716782821489,48.8306377890511,685.762506287605
10.3708157274511,48.8304363522883,685.557420936635
10.3461586906512,48.8246746632399,679.679239165515
10.3217517127042,48.8189649214168,673.830777988988
10.3073157396456,48.8155847479159,670.357470241551
10.2929667365437,48.8122227001085,666.894602614602
10.278703992797,48.8088786513394,663.442128107172
10.2716047466227,48.8072133369513,661.719773662561
10.2645268021561,48.8055524753121,660
10.2163939293604,48.7942435318212,647.44308825296
10.2137685480618,48.793625968542,646.754516626808
10.169193742265,48.783129301278,635.004994961893
10.1640471090069,48.7819159600731,633.641205778202
10.1229018518871,48.7722054360908,622.6840416075
10.1153339158928,48.7704173544455,620.658098913648
10.077494674974,48.7614677052419,610.478581138349
10.0757233205469,48.7610483669004,610
10.0676013932015,48.7591252000606,607.803266391352
10.0329494011676,48.750911990624,598.386997236882
10.0307772928219,48.7503967223568,597.794365946859
9.98668671801465,48.739926430105,585.703166460287
9.94441871283045,48.7298690529335,574
9.94342957243448,48.729633460544,573.724799718285
9.89437700036505,48.7179367787316,560
9.87024865953823,48.7121736900848,553.192741540924
9.85122809913469,48.7076261195728,547.800018114301
9.84057132978675,48.7050764956542,544.768301784382
9.82996606121695,48.7025379609996,541.743844590016
9.81941195634381,48.7000104525389,538.726620490491
9.8089086808844,48.6974939076376,535.716603569497
9.80460383420619,48.6964621341756,534.480806121155
9.80245460641062,48.6959469374911,533.863362308618
9.80138079015374,48.6956895114269,533.554754032585
9.80030750518567,48.6954322001262,533.246221472873
9.79549987984598,48.6942794566128,531.863248856533
9.79070290432297,48.6931290146621,530.481796516729
9.78830840017727,48.6925546548755,529.791639667362
9.78591654650501,48.691980868225,529.101861948018
9.78352733932837,48.6914076539616,528.412463046378
9.78233372692638,48.6911212612392,528.067905554689
9.78173716830617,48.6909781184398,527.895662281578
9.78114077465794,48.6908350113328,527.723442650462
9.76983113626972,48.6881204804258,524.453026404614
9.76739727949331,48.6875361249301,523.748093657487
9.73978096784774,48.6809010600434,515.721110339925
9.72020706974499,48.6761931998316,510
9.6903836016287,48.6690120723128,501.231837635871
9.65515567122887,48.6605170582424,490.793867695779
9.62051580287945,48.6521505813864,480.443297181012
9.58645076979195,48.6439101017297,470.179032946135
9.55294772058431,48.6357931402562,460
9.53695157526992,48.6319133200085,455.110153799645
9.52108242399086,48.6280615230788,450.239855181777
9.50533890478708,48.6242374841862,445.388987165494
9.48971967418068,48.6204409411142,440.55743370145
9.47422340687102,48.6166716346691,435.745079662605
9.45884879543667,48.61292930864,430.951810835079
9.44359455004263,48.6092137097592,426.177513909115
9.42845939815328,48.6055245876623,421.42207647015
9.41936687483968,48.6033071149855,418.556340878194
9.41031714239685,48.6010991739487,415.697432495386
9.40130992862596,48.5989007107473,412.845326953464
9.39682218119455,48.5978050164795,411.421817664446
9.39234496235109,48.5967116716624,410
9.3602180714888,48.5888597473617,399.307878836069
9.32858871500144,48.5811183050737,388.697138499809
9.29744650772315,48.5734853118671,378.166853394176
9.26678133807222,48.5659587803422,367.716111905669
9.24429380237098,48.5604327861446,360
9.23658332815889,48.5585367597868,357.344016141245
9.21595911828716,48.5534619818563,350.213610508655
9.20684291611033,48.5512173573234,347.049681671167
9.18803039536374,48.5465823649936,340.49665633665
9.16049982777906,48.5397923808672,330.84840112145
9.13335973948084,48.5330904923838,321.268118876023
9.10168703341313,48.525259020958,310
9.0744066760856,48.5185047042469,300.217481876511
9.04752109897463,48.5118400600614,290.505624974055
9.02102260946896,48.5052635271142,280.863666446062
8.99490370398962,48.4987735773569,271.290854387338
8.96433829656996,48.4911691573322,260
8.93807631028272,48.4846271052595,250.221496159884
8.91219835505952,48.4781732215316,240.514923480173
8.88669687451504,48.4718059461759,230.879491175603
8.86156449964918,48.465523753029,221.314420010072
8.84675331537423,48.4618181962179,215.644922069009
8.83206927881133,48.4581420395864,210
8.8180327639073,48.454625746115,204.581591531031
8.80403351580698,48.4511166028707,199.16578174378
8.77614625909935,48.4441196936602,188.341950740003
8.76114987098781,48.440353518198,182.501932901358
8.74619627763272,48.4365955936406,176.664936727765
8.71641678309581,48.4291044058207,165
8.7099523611041,48.4274769396667,162.460614540196
8.6846832624843,48.4211107820546,152.509498489537
8.65953645328979,48.4147683561465,142.567164179106
8.6445888059706,48.4109949744261,136.638571687629
8.62366520467062,48.4057088307131,128.316210957766
8.60282608737745,48.4004391672614,120
8.58329079174419,48.3954947963343,112.178010498598
8.55493017447455,48.3883091445474,100.775120697231
8.54049190882343,48.3846475031817,94.9483509011809
8.52610299820157,48.380996056843,89.126912393105
8.51176320676885,48.3773547688541,83.3107978594423
8.49747230014414,48.3737236026883,77.5
8.48448688716574,48.3704221643235,72.2074135776759
8.47154173052627,48.3671290799424,66.9192339716901
8.45863665578359,48.363844322197,61.6354556803995
8.44577148947434,48.3605678638419,56.3560732113143
8.43277417517474,48.3572558656078,51.0103056534594
8.41981749219524,48.3539523350401,45.6690413893526
8.4069012630268,48.3506572441009,40.3322747310044
8.40045826320303,48.3490128547027,37.6655762291114
8.39724053238734,48.3481914475044,36.332647874741
8.39563260805744,48.3477809405911,35.6662888829499
8.39402531065892,48.3473705647299,35
8.39025261890066,48.3464072055278,33.125
8.38648232920926,48.3454443000606,31.25
8.3789489468865,48.3435198491703,27.5
8.37142514543847,48.3415972097396,23.75
8.3676668318512,48.3406365685977,21.875
8.36578857084757,48.3401564175435,20.9375
8.36484966416909,48.3399163843797,20.46875
8.36391090665894,48.3396763794523,20
8.35913123762403,48.3384542446549,17.3283812080545
8.35435585539379,48.337232949696,14.6567624161089
8.34781326284345,48.3355592781107,10.9925718120812
8.34127870849856,48.3338871827446,7.32838120805445
8.33475217759391,48.3322166615295,3.66419060402677
8.33149191632745,48.3313819905831,1.83209530201384
8.32986253593626,48.3309648024124,0.916047651006011
8.32904803320073,48.3307562451385,0.458023825503005
8.32823365540037,48.3305477124003,0
