101.9,-4.61,33
101.899862147974,-4.60984649994687,33.125
101.89779371118,-4.60754325707677,35
101.896910980625,-4.60656031380871,35.6662888829499
101.89602792077,-4.60557700004849,36.332647874741
101.894260812475,-4.60360926027515,37.6655762291114
101.890722636736,-4.59966932626093,40.3322747310044
101.883630410063,-4.59177159660427,45.6690413893526
101.876516942106,-4.58384996714902,51.0103056534594
101.869382143602,-4.57590433669666,56.3560732113143
101.862320849515,-4.56804032081086,61.6354556803995
101.855238612094,-4.56015273812736,66.9192339716901
101.848135344166,-4.55224148980954,72.2074135776759
101.841010958082,-4.5443064764817,77.5
101.833171442328,-4.53557468185233,83.3107978594423
101.825306291894,-4.52681403771446,89.126912393105
101.817415389089,-4.51802441062506,94.9483509011809
101.809498615516,-4.50920566633815,100.775120697231
101.793951435599,-4.49188629922621,112.178010498598
101.783244942391,-4.47995872746063,120
101.771826303711,-4.4672371893925,128.316210957766
101.760363907594,-4.45446627940141,136.638571687629
101.752176820156,-4.44534419748409,142.567164179106
101.738406390218,-4.43000042259743,152.509498489537
101.724572673726,-4.41458523259387,162.460614540196
101.721034279564,-4.4106421842927,165
101.704737154025,-4.39248054797022,176.664936727765
101.69655557477,-4.38336246874777,182.501932901358
101.688351871089,-4.37421941988022,188.341950740003
101.673099708079,-4.35722001473144,199.16578174378
101.665444886246,-4.34868787355174,204.581591531031
101.657770812327,-4.34013400221537,210
101.649743737077,-4.33118636914781,215.644922069009
101.641648200022,-4.32216212281268,221.314420010072
101.627913673315,-4.30685130163846,230.879491175603
101.613980507893,-4.29131816259738,240.514923480173
101.599844805088,-4.27555832417776,250.221496159884
101.585502568807,-4.25956729495844,260
101.568814241982,-4.24095929569591,271.290854387338
101.554557134052,-4.22506118638173,280.863666446062
101.540096101351,-4.20893474831212,290.505624974055
101.525427182819,-4.19257552773086,300.217481876511
101.510546319358,-4.17597896023541,310
101.493273867524,-4.15671383168999,321.268118876023
101.478476945599,-4.14020877988759,330.84840112145
101.463470614434,-4.12346916094334,340.49665633665
101.453218318307,-4.112032118201,347.049681671167
101.448250830192,-4.10649042606081,350.213610508655
101.437013951348,-4.0939542518347,357.344016141245
101.432813484076,-4.08926795263951,360
101.420564412031,-4.07560169807678,367.716111905669
101.403864670814,-4.05696879761466,378.166853394176
101.386909532735,-4.0380497047713,388.697138499809
101.36969368329,-4.01883843862479,399.307878836069
101.352211666774,-3.99932885876461,410
101.34977405173,-3.99660842583865,411.421817664446
101.347330789964,-3.9938816656965,412.845326953464
101.342427256026,-3.98840908473697,415.697432495386
101.337500921822,-3.98291095485497,418.556340878194
101.332551643722,-3.97738711445615,421.42207647015
101.324313994945,-3.96819292628936,426.177513909115
101.316012507171,-3.95892719646936,430.951810835079
101.307646509263,-3.9495891698317,435.745079662605
101.299215321101,-3.94017808106997,440.55743370145
101.290718253435,-3.93069315456931,445.388987165494
101.282154607738,-3.92113360423679,450.239855181777
101.273523676047,-3.91149863332838,455.110153799645
101.264824740813,-3.9017874342726,460
101.246608758148,-3.88145070624786,470.179032946135
101.228092004397,-3.86077678589822,480.443297181012
101.209267715433,-3.83975805888506,490.793867695779
101.190128932628,-3.81838669118396,501.231837635871
101.17393029425,-3.80029727906717,510
101.163300696383,-3.78842637226636,515.721110339925
101.14830632861,-3.77168020954926,523.748093657487
101.146985006943,-3.77020447426457,524.453026404614
101.140845409432,-3.76334729304984,527.723442650462
101.140521663114,-3.76298570372383,527.895662281578
101.140197828688,-3.76262401557067,528.067905554689
101.139549895383,-3.76190034263773,528.412463046378
101.138252970056,-3.76045180924451,529.101861948018
101.136954631354,-3.75900169051026,529.791639667362
101.13565487719,-3.75754998408249,530.481796516729
101.133051114173,-3.75464179879937,531.863248856533
101.130441664142,-3.75172723440154,533.246221472873
101.129859126653,-3.75107657901453,533.554754032585
101.129276305472,-3.75042560540669,533.863362308618
101.128109811295,-3.74912270269198,534.480806121155
101.125773410444,-3.74651306937819,535.716603569497
101.1200732059,-3.74014615802133,538.726620490491
101.114345865178,-3.73374880624427,541.743844590016
101.10859121282,-3.72732081642175,544.768301784382
101.102809071922,-3.72086198929441,547.800018114301
101.09249004886,-3.7093349978347,553.192741540924
101.079402047316,-3.69471427996022,560
101.052801512742,-3.66499652187797,573.724799718285
101.029351710875,-3.63879642795143,585.703166460287
101.005457732723,-3.61209787018395,597.794365946859
101.004280801599,-3.61078273867606,598.386997236882
100.985507541239,-3.58980432104816,607.803266391352
100.981108041475,-3.58488784901608,610
100.980148565456,-3.58381561796906,610.478581138349
100.959655404751,-3.56091331858903,620.658098913648
100.955557395537,-3.55633336332206,622.6840416075
100.93328129037,-3.53143636722079,633.641205778202
100.930495357355,-3.5283225241094,635.004994961893
100.906370776681,-3.50135721215967,646.754516626808
100.90495011824,-3.49976919965182,647.44308825296
100.878908930573,-3.47065902025865,660
100.87507411128,-3.46637204948314,661.719773662561
100.871227924673,-3.46207231651797,663.442128107172
100.863501267505,-3.45343435886659,666.894602614602
100.855728587593,-3.44474472863956,670.357470241551
100.847909511308,-3.43600300471941,673.830777988988
100.834691381848,-3.42122463255749,679.679239165515
100.821339894607,-3.40629651421473,685.557420936635
100.820872869173,-3.4057743276198,685.762506287605
100.793514623074,-3.37518337448592,697.714649662011
100.793276234338,-3.37491680536714,697.818265601651
100.779262908608,-3.35924657899502,703.893262828064
100.765103556191,-3.34341234544837,710
100.743412564758,-3.31915418500755,719.29425629553
100.721375403019,-3.29450717832705,728.662576868828
100.698984501079,-3.26946278999524,738.10585056905
100.676232075912,-3.24401224374403,747.624980525305
100.64637862256,-3.21061587003603,760
100.638729437055,-3.20205840887572,763.151704332378
100.631061914177,-3.19348023225457,766.3058592348
100.615671609847,-3.17626145325882,772.621532191134
100.584668221522,-3.14157221396623,785.282411049003
100.569804189289,-3.12493991953308,791.323321138095
100.554871634272,-3.10823020847147,797.373209296456
100.524799179879,-3.07457652380651,809.5
100.493403623422,-3.03943900581132,822.080138932514
100.477594274801,-3.02174416512335,828.384305116467
100.461709885346,-3.00396452154795,834.697897215213
100.431037677016,-2.96963035617535,846.831503704974
100.415596266842,-2.95234426345078,852.91138122816
100.400084049864,-2.93497814791614,859
100.367818892783,-2.89885450050882,871.60348931928
100.3515724115,-2.88066392970932,877.918955197763
100.335249323341,-2.86238676687685,884.243595131338
100.303842612158,-2.82721799743866,896.354941210249
100.288032518247,-2.80951295863185,902.423247724747
100.272150659007,-2.79172679725182,908.5
100.239093054391,-2.75470303764895,921.087941193903
100.222448962077,-2.73606081498284,927.395103104456
100.205727336059,-2.71733093469065,933.711083816563
100.173464786823,-2.68119138765252,945.839249902263
100.157224882835,-2.66299879916888,951.91554374812
100.14091194594,-2.64472364023874,958
100.107041661723,-2.60677682882074,970.572443581608
100.072858997404,-2.56847679759049,983.178802118096
100.039716692737,-2.53133937380568,995.323620858176
100.006278473424,-2.49386735031406,1007.5
99.9715376491231,-2.45493242345865,1020.07004160769
99.936478888324,-2.41563796327834,1032.67290433428
99.9024674911969,-2.37751436946126,1044.82116506304
99.8681545623726,-2.33904980431336,1057
99.8325552594419,-2.29914010748149,1069.5546440837
99.7966329085606,-2.25886508633009,1082.1409665081
99.7616900617257,-2.21968526000543,1094.30565081738
99.7264391798305,-2.18015710780495,1106.5
99.6898808947908,-2.13915985119903,1119.06540313811
99.6529923945834,-2.09778918094056,1131.66158906888
99.5810256209575,-2.017069274555,1156
99.5442101674861,-1.97577169776001,1168.33192261882
99.5070705304892,-1.93410756269656,1180.69249676883
99.4696025802591,-1.8920722217281,1193.08182241803
99.4318021160838,-1.84966094890651,1205.5
99.3986567215287,-1.81247022700188,1216.32268603573
99.3652562754657,-1.77499116644288,1227.16682464455
99.3627808493216,-1.77221337461064,1227.96806731163
99.3603040170909,-1.76943399329296,1228.76942721957
99.355346129773,-1.763870457037,1230.37249886094
99.3503826042335,-1.75830054725033,1231.97603977464
99.3454134311976,-1.75272425351306,1233.58005016674
99.3354581056313,-1.7415524726145,1236.78948021112
99.3254800782679,-1.73035503030962,1240.00079064521
99.3154792741655,-1.71913184242174,1243.21398312205
99.305455618048,-1.70788282440765,1246.42905929664
99.2853394485829,-1.68530695977691,1252.86486936871
99.2786506153451,-1.67780009015425,1255
99.2599563912611,-1.65681915899147,1260.95463912357
99.2411835952662,-1.63574942021867,1266.91556486065
99.2223317477875,-1.61459033568645,1272.88278717215
99.2128760281679,-1.60397711870147,1275.86876266185
99.2034003640388,-1.59334136149999,1278.85631604003
99.2014782174394,-1.59118387027833,1279.46176837359
99.1995552492174,-1.58902545052835,1280.0672855322
99.180154209321,-1.56724856303616,1286.16558487831
99.1606693573875,-1.54537696326651,1292.27046329956
99.1214461183814,-1.50134727359147,1304.5
99.0960593556936,-1.47284826941475,1312.37329995064
99.0705315383833,-1.4441898918298,1320.25731532995
99.0448615240281,-1.41537086132954,1328.15206802809
99.019048157648,-1.38638988470842,1336.05757999491
98.9600561436799,-1.32015515526036,1354
98.9456266714564,-1.30395335206882,1358.36264868231
98.9082538150781,-1.26198874905567,1369.61505306817
98.8705840828505,-1.21968888166541,1380.88870621486
98.8326140206357,-1.17704989056578,1392.1836683677
98.7943401195199,-1.13406785698687,1403.5
98.7517880331371,-1.08627928223673,1416.00091043435
98.7088611231254,-1.03806761947693,1428.52728207025
98.6779474036842,-1.00334682006299,1437.49595584382
98.62415200416,-0.942923988143458,1453
98.5725495175168,-0.884961474981138,1467.75058586692
98.5204092782652,-0.826392362612129,1482.53582354711
98.4849972217835,-0.786612626537717,1492.51001140198
98.4493350831989,-0.746550893563873,1502.5
98.3590679588578,-0.645143194372075,1527.54507831142
98.3033609773252,-0.582558104174999,1542.83118695309
98.2697212769823,-0.544763976322418,1552
98.2196159449065,-0.488469534949409,1565.57126913744
98.1690294251102,-0.431633133389639,1579.170417641
98.1272476133444,-0.384688346004786,1590.32581136295
98.0851347857783,-0.337370909787748,1601.5
97.9900129355383,-0.23049098612235,1626.48639000535
97.9125711507321,-0.143474870957959,1646.57372505332
97.8953888411861,-0.124168122606644,1651
97.8452235255399,-0.0678001117993273,1663.8601754062
97.7945981579328,-0.0109149805877916,1676.74440637374
97.7476397536556,0.0418498020824726,1688.61198033775
97.70028211148,0.0950630874550492,1700.5
97.599822256553,0.207943612737691,1725.4548124004
97.5059522117851,0.313417563517309,1748.45502649824
97.499602165332,0.320552485927403,1750
97.4474606293658,0.379138246667334,1762.63439076853
97.3948440841219,0.438256601076815,1775.29117016255
97.3442047056792,0.495152242679881,1787.3853461322
97.2931214226694,0.552545249496239,1799.5
97.1869881085565,0.671782843585791,1824.39975341869
97.1354065116267,0.729730375806149,1836.37139519048
97.0833747958835,0.788181466089899,1848.36269448377
97.081987128024,0.789740305843166,1848.68134029567
97.0805991385635,0.791299505234556,1849
97.0533886341007,0.821866118946653,1855.23500903794
97.0260543943083,0.852571071664368,1861.47531612652
96.9710113131065,0.914399672652221,1873.9718514899
96.9166385677565,0.975472382560161,1886.22570701501
96.8617750406519,1.03709321208174,1898.5
96.8061901445711,1.09952084123135,1910.84442848281
96.7500994668411,1.16251281996664,1923.2092043829
96.6934960059544,1.22607669485723,1935.59437804998
96.6363726244337,1.2902201505112,1948
96.5817455352706,1.35155631484137,1959.77676083581
96.5266385552351,1.41342692424382,1971.5719790383
96.5234234362345,1.41703651501822,1972.25753325194
96.5202066758708,1.42064793281646,1972.94314986794
96.4913779202431,1.45301291812123,1979.07486614926
96.4624169838782,1.485524993795,1985.21157586195
96.4333229431177,1.51818514942228,1991.35328510815
96.4040948652469,1.55099438369641,1997.5
96.3450577546659,1.61726062402494,2009.84502897631
96.2854719307927,1.68413663910333,2022.2100063482
96.1646228462755,1.81975138570095,2047
96.0986700940234,1.89375054174017,2060.36870830591
96.0413733195784,1.95803051580269,2071.89234040359
95.9176151955577,2.09684819685572,2096.5
95.7813242802957,2.24968384085252,2123.16098513565
95.6627018760058,2.3826698363207,2146
95.656425278798,2.38970546372995,2147.19913328747
95.5291687655155,2.53232899620731,2171.31202186828
95.3994854659454,2.67762721676035,2195.5
95.332130926056,2.75307295473697,2207.91232549126
95.2641114757841,2.82924992671796,2220.34447117778
95.1996058240228,2.90147877464825,2232.04013039989
95.1275360660971,2.98216209954884,2245
94.9883663171787,3.13791779859036,2269.71064065429
94.8463885564555,3.29674928185969,2294.5
94.7874706725193,3.36264049485921,2304.66492071891
94.7280610096258,3.42906908459433,2314.84316635167
94.7016484876998,3.458597971898,2319.34536379588
94.555536870839,3.62190196352862,2344
94.3861389414362,3.81112890629905,2372.0612614952
94.2544341620489,3.95817033886071,2393.5
94.2411248017226,3.97302551769033,2395.64836841572
94.223589061366,3.99259680688415,2398.47391666304
94.2060113666694,4.01221360984853,2401.3004964165
94.1707294844921,4.05158439670941,2406.95675270202
94.1352778810138,4.09113917226107,2412.61714179685
94.099655270294,4.13087924102007,2418.28166823218
94.0214861179976,4.2180640130611,2430.63099049315
93.942486228272,4.30614750977429,2443
93.7816016016382,4.48544219724592,2467.84827539613
93.700758344639,4.57549016275264,2480.16420665138
93.619038397855,4.66648240295504,2492.5
93.4530525703985,4.85119933785834,2517.20988262419
93.2833758802106,5.03987731839545,2542
93.1863312284467,5.14772090941495,2555.96968856544
93.0880490700202,5.2568874818049,2569.96536136428
93.0856763666105,5.25952229527887,2570.30136722411
93.0833029364131,5.26215788453717,2570.63738807489
93.0785538942414,5.26743139180148,2571.3094747533
93.0690470728626,5.27798773111083,2572.65382804564
93.0499984023393,5.29913778735885,2575.34325459725
93.0117603098531,5.34158804143322,2580.72498936814
92.9347159414148,5.42709421305982,2591.5
92.8452716286617,5.52631954578772,2603.89554466347
92.75479253033,5.62664538532897,2616.31173760945
92.6295017989164,5.76549104899064,2633.30425228385
92.5721933998293,5.82896789378926,2641
92.4795220100248,5.93157134084475,2653.34395023328
92.3857564814384,6.03533166862903,2665.70856565713
92.2908759157731,6.14026913032693,2678.09389820886
92.1948588298371,6.24640448829458,2690.5
92.1564017111585,6.28889732413206,2695.43330787115
92.0691637435553,6.38525384391474,2706.54938086619
91.9809713246291,6.48261280782739,2717.68249439006
91.8016550013867,6.68040328533015,2740
91.7611844625377,6.72501248003516,2744.97932763395
91.6698887100453,6.82560205689797,2756.13924688407
91.5776947185985,6.92712101283352,2767.30765889383
91.4845876294984,7.02958306101361,2778.48457336147
91.3905522190157,7.1330022099299,2789.67
91.3175256575408,7.21327076814457,2798.28585062775
91.1415881900062,7.40649057821183,2818.79348811137
90.9623420705219,7.60309899170817,2839.33
90.8645316310332,7.7102771485129,2850.3872878975
90.6916296679174,7.8995510297913,2869.68099414036
90.6040059523894,7.99537880708942,2879.33733150893
90.5155843954977,8.09201480339276,2889
90.5144979187922,8.0932018098834,2889.1000846569
90.5134112505084,8.09438901581091,2889.20017366278
90.5112373389879,8.09676402618805,2889.40036472264
90.5068872146078,8.10151644251612,2889.80079904268
90.4981777482499,8.11103086936773,2890.60187654757
90.4807218468989,8.13009819533734,2892.20486752515
90.4456613786925,8.16838750476147,2895.41419742546
90.3749393712239,8.24559097460879,2901.84628168333
90.3034034043641,8.32363973866437,2908.29632769777
90.2310381348725,8.40254865338945,2914.76441081194
90.0922199881999,8.553792331892,2927.01472392131
89.9502841554443,8.70825755360896,2939.33
89.7996775934849,8.87196197603125,2952.17095087527
89.7230397368571,8.95518589808653,2958.61750086836
89.6454889310206,9.03934642177446,2965.08152815299
89.4964497693322,9.20093182237909,2977.33921702579
89.3439602758152,9.36604204833502,2989.66
89.1821520781089,9.54099949140781,3002.49571543133
89.0163701706269,9.71999007248905,3015.39890143113
88.8557856827358,9.89311069670989,3027.66381416945
88.6913473250265,10.0701182760806,3039.99
88.5168463365102,10.2576566075592,3052.81908434385
88.3378932391674,10.4496525514503,3065.71352997519
88.1641153895653,10.6357739752274,3077.98700900047
87.98598465374,10.8262229313946,3090.32
87.7968155617615,11.0280969863187,3103.14955388861
87.6025930605056,11.2349538999579,3116.04247592231
87.413608501109,11.4358272032231,3128.32235675033
87.2196445003603,11.641571499891,3140.66
87.0135742935314,11.8596821264138,3153.48051912725
86.8016921589055,12.0834259788636,3166.3623986169
86.5949036717531,12.3012765872722,3178.6481624524
86.3823265637,12.5246878092307,3190.99
85.9231119162445,13.0054083866054,3216.69183982688
85.6951769989214,13.2430350394697,3228.97873402073
85.4603823906111,13.4871178819554,3241.32
84.9644556646575,14.000299097842,3266.37483646147
84.4355387820754,14.5439961282441,3291.65
84.2400677324132,14.7439620587065,3300.62894076405
84.0972030917311,14.8897766481176,3307.07193322699
83.8649204776832,15.1262453901687,3317.33618064189
83.3624604358156,15.6351386111878,3338.6688674973
83.2819302748721,15.7163621170098,3341.98
82.9279788117034,16.0722391292056,3356.19208780315
82.5579427014591,16.4423111841006,3370.47067351015
82.2649006404804,16.7339274118657,3381.37088028597
81.9608734960426,17.035099208846,3392.31
81.9593371335467,17.0366175562046,3392.36434000005
81.6720772698874,17.319870698711,3402.36247766525
80.6818801841889,18.2863760343022,3434.44472730291
80.4098138994822,18.5492040291923,3442.64
79.5568045334255,19.3654583284167,3466.70910756626
78.741110657208,20.1347605589716,3487.5369695979
78.5141439989936,20.3468329273001,3492.97
78.2498947137783,20.5926412719922,3499.1039710572
76.6686167570976,22.0384912833772,3531.7293278752
76.014265821514,22.6240438987193,3543.3
74.6156410973673,23.8501357188289,3564.56143118921
72.7508313027993,25.430154132872,3586.15679406558
71.9014674450393,26.1288555166946,3593.64
71.3822324289636,26.5494982492494,3597.53542656682
67.129384836182,29.8092914751568,3611.94798067053
62.5965211251323,32.9239231417313,3597.53542656682
62.0020812983773,33.3054703882759,3593.64
61.0089462530625,33.9293024878057,3586.15679406558
58.7342639986911,35.2949382732722,3564.56143118921
56.9388333197593,36.312137928204,3543.3
56.0712938517912,36.7849070645476,3531.7293278752
53.8994442804418,37.9162704615261,3499.1039710572
53.5258377481573,38.103509005857,3492.97
53.2024558753207,38.2638550981372,3487.5369695979
52.0210608946844,38.836204867248,3466.70910756626
50.7529789173917,39.4274498633817,3442.64
50.3413989616943,39.614293106192,3434.44472730291
48.8138997542732,40.2864677262244,3402.36247766525
48.3620100039931,40.4789926774918,3392.36434000005
48.3595824792698,40.4800191990615,3392.31
47.8769651295203,40.6824749303242,3381.37088028597
47.4075539424126,40.8763015192452,3370.47067351015
46.8088486019527,41.1191360917181,3356.19208780315
46.2299162053471,41.3493279630852,3341.98
46.0973428478307,41.4014065014808,3338.6688674973
45.2629759357299,41.72379244954,3317.33618064189
44.87305858562,41.8712947779175,3307.07193322699
44.6319205489012,41.9615181946954,3300.62894076405
44.3003580029145,42.084337660022,3291.65
43.3937356994004,42.4129269342716,3266.37483646147
42.5311023804412,42.7158432437423,3241.32
42.1184527666077,42.857435077936,3228.97873402073
41.7152552184943,42.9937344028898,3216.69183982688
40.8951655238222,43.2647731406342,3190.99
40.5120214553684,43.3885844554842,3178.6481624524
40.1371831682263,43.507991487145,3166.3623986169
39.7509405233686,43.6292634177092,3153.48051912725
39.3731899139764,43.7461447213647,3140.66
39.0157426076389,43.855183931015,3128.32235675033
38.665715431999,43.9604988148986,3116.04247592231
38.304186693001,44.0677659987586,3103.14955388861
37.9503166550744,44.1712855363123,3090.32
37.6155249119158,44.2678884042312,3077.98700900047
37.2874521071933,44.3612999956622,3065.71352997519
36.9481061362786,44.4566241978995,3052.81908434385
36.6157407041019,44.5487159746649,3039.99
36.3012263212748,44.6347091295963,3027.66381416945
35.9928576528198,44.717939646298,3015.39890143113
35.673244453541,44.8030800021922,3002.49571543133
35.3600603886957,44.8854024616161,2989.66
35.0638051641626,44.9622731851038,2977.33921702579
34.7732202035667,45.0367309230794,2965.08152815299
34.6216156398591,45.0752084196859,2958.61750086836
34.4715264984301,45.113053015244,2952.17095087527
34.1757986811835,45.1868994079816,2939.33
33.8961587582136,45.2558523974904,2927.01472392131
33.6217864106779,45.3226825175382,2914.76441081194
33.4784160820254,45.3572803908001,2908.29632769777
33.33645987313,45.3913188740239,2901.84628168333
33.1958959209054,45.4248101155786,2895.41419742546
33.1261293109895,45.4413542310761,2892.20486752515
33.0913737003628,45.4495765463058,2890.60187654757
33.074027676788,45.4536753464609,2889.80079904268
33.0653625928008,45.4557216668797,2889.40036472264
33.0610320305589,45.4567440583837,2889.20017366278
33.0588672441014,45.4572550621102,2889.1000846569
33.0567027873155,45.4577659378772,2889
32.8803771853947,45.4992157426743,2879.33733150893
32.7053044979628,45.5400427284769,2869.68099414036
32.3588638890458,45.619872026243,2850.3872878975
32.1623094872819,45.6645980112457,2839.33
31.8010398288651,45.7457420671018,2818.79348811137
31.4451078880774,45.8243469040695,2798.28585062775
31.2969868202947,45.8566679623723,2789.67
31.1059236001083,45.8980216306475,2778.48457336147
30.9163830175641,45.9386708174389,2767.30765889383
30.7283469002259,45.9786293764339,2756.13924688407
30.5417973951116,46.0179108249799,2744.97932763395
30.4589923572289,46.0352319211063,2740
30.091297878225,46.111294205319,2717.68249439006
29.9099788873166,46.1482919862286,2706.54938086619
29.7303151478107,46.1846206427523,2695.43330787115
29.6510174865998,46.2005502083854,2690.5
29.4527762262611,46.2400935892239,2678.09389820886
29.2565239731482,46.2788471458146,2665.70856565713
29.0622314671073,46.316829494768,2653.34395023328
28.8698700565199,46.354058715511,2641
28.7507467936207,46.3769266200596,2633.30425228385
28.4898741984362,46.4265077124562,2616.31173760945
28.3011125631892,46.4619580140924,2603.89554466347
28.1142060099021,46.4967089169608,2591.5
27.9529705998926,46.5264069206558,2580.72498936814
27.8728653469023,46.5410652959184,2575.34325459725
27.8329399126588,46.5483473819001,2572.65382804564
27.8130088794333,46.5519767180624,2571.3094747533
27.8030512695812,46.5537884679606,2570.63738807489
27.7980744395723,46.5546936144265,2570.30136722411
27.7930989255012,46.5555982756407,2569.96536136428
27.5868209032362,46.5928880815093,2555.96968856544
27.3827932092021,46.6293564655875,2542
27.0252441762481,46.6922743641901,2517.20988262419
26.6744784958979,46.7527767505375,2492.5
26.5014295374382,46.7821812300103,2480.16420665138
26.3300084012606,46.811020600902,2467.84827539613
25.9881975668685,46.8676710780292,2443
25.8200345060422,46.8951251094452,2430.63099049315
25.6534333823085,46.9220538760891,2418.28166823218
25.5774436649221,46.9342473761853,2412.61714179685
25.5017769534986,46.9463335971231,2406.95675270202
25.4264312747857,46.9583136092653,2401.3004964165
25.3888782083709,46.9642641183688,2398.47391666304
25.3514046675895,46.9701884708732,2395.64836841572
25.3229560949643,46.9746769892374,2393.5
25.0411281195833,47.018721975125,2372.0612614952
24.6778230079697,47.0743753121593,2344
24.3637326677268,47.1214719343929,2319.34536379588
24.3068839053788,47.1298955953418,2314.84316635167
24.1789356056084,47.1487419705396,2304.66492071891
24.0519398874125,47.1672940525314,2294.5
23.7454803534141,47.2114325107528,2269.71064065429
23.4445003086052,47.253916319554,2245
23.2884137682369,47.2756113808368,2232.04013039989
23.1485823181904,47.2948521474977,2220.34447117778
23.0010052215246,47.3149591998487,2207.91232549126
22.8547419264436,47.3346853886682,2195.5
22.5727730010377,47.3721478533323,2171.31202186828
22.2956328273221,47.408244127797,2147.19913328747
22.2819522930841,47.4100073857879,2146
22.0232044948438,47.4430284637058,2123.16098513565
21.7254612364542,47.4802555171091,2096.5
21.4546845100115,47.5133968805008,2071.89234040359
21.3291914312001,47.5285262811025,2060.36870830591
21.184639042043,47.5457730996836,2047
20.9194917786873,47.5769072105221,2022.2100063482
20.7886292061682,47.592034683646,2009.84502897631
20.6588889349084,47.6068769529314,1997.5
20.5946269596398,47.6141712437667,1991.35328510815
20.5306399818462,47.621396650933,1985.21157586195
20.4669263377274,47.6285538664293,1979.07486614926
20.4034843767171,47.6356435741793,1972.94314986794
20.3964042399385,47.636432498615,1972.25753325194
20.3893274801804,47.6372205876746,1971.5719790383
20.2679957041246,47.650661090681,1959.77676083581
20.1476530587479,47.6638588982668,1948
20.0217401284399,47.6775258127497,1935.59437804998
19.8969025085676,47.6909330267141,1923.2092043829
19.7731272548851,47.7040857344365,1910.84442848281
19.6504016270688,47.7169890101827,1898.5
19.5292046330007,47.7295969486155,1886.22570701501
19.4090298065407,47.7419665964113,1873.9718514899
19.2873113481766,47.7543613219415,1861.47531612652
19.2268433568146,47.7604688184818,1855.23500903794
19.166634099038,47.7665172085033,1849
19.1635624663868,47.7668248910714,1848.68134029567
19.1604915068145,47.7671324206551,1848.36269448377
19.0453156748843,47.7786045121088,1836.37139519048
18.9310833249854,47.7898638721486,1824.39975341869
18.6958783028881,47.8126749470564,1799.5
18.582594542212,47.8234831595577,1787.3853461322
18.470246927864,47.8340875882181,1775.29117016255
18.3534626051292,47.8449900640067,1762.63439076853
18.237682829359,47.8556773771205,1750
18.2235792645774,47.8569709856466,1748.45502649824
18.015008662265,47.8758924509112,1725.4548124004
17.7916260066266,47.8957237634199,1700.5
17.6862619509258,47.9049221387826,1688.61198033775
17.5817492122029,47.9139477813647,1676.74440637374
17.4690345382841,47.9235719657,1663.8601754062
17.3573032623452,47.9329998365712,1651
17.3190245274604,47.9362040820005,1646.57372505332
17.1464422031985,47.9504878290576,1626.48639000535
16.9343328289182,47.9676782953718,1601.5
16.8403833176975,47.9751640657578,1590.32581136295
16.7471465120182,47.9825151839286,1579.170417641
16.6342280706614,47.9913142793604,1565.57126913744
16.522347883644,47.9999204057809,1552
16.4472141208158,48.0056373289159,1542.83118695309
16.322759258316,48.0149965505317,1527.54507831142
16.1210053052161,48.0298761515357,1502.5
16.0412683025949,48.0356571287983,1492.51001140198
15.9620743511998,48.0413428526054,1482.53582354711
15.8454415202618,48.0496151456633,1467.75058586692
15.7299785830944,48.0576856144832,1453
15.6095747405866,48.0659755713546,1437.49595584382
15.5403687820256,48.0706823652268,1428.52728207025
15.444250772552,48.0771491352626,1416.00091043435
15.3489513588666,48.0834801088702,1403.5
15.2632161050178,48.0891070644231,1392.1836683677
15.178145640094,48.0946261524518,1380.88870621486
15.093732771254,48.1000393598219,1369.61505306817
15.0099704062356,48.1053486324165,1358.36264868231
14.9776263053299,48.1073821801013,1354
14.8453719075671,48.1156012399721,1336.05757999491
14.7874899086409,48.1191498105157,1328.15206802809
14.7299228888245,48.1226497612587,1320.25731532995
14.6726684568126,48.1261017237837,1312.37329995064
14.6157242447654,48.1295063205134,1304.5
14.5277320554879,48.1347110301026,1292.27046329956
14.4840150936376,48.1372715118456,1286.16558487831
14.440482764477,48.1398044542784,1280.0672855322
14.436167797153,48.1400546129996,1279.46176837359
14.4318546404886,48.1403045029093,1278.85631604003
14.4105914611127,48.14153402644,1275.86876266185
14.3893722433697,48.142757039742,1272.88278717215
14.3470651886072,48.1451836645492,1266.91556486065
14.3049324641723,48.1475846338126,1260.95463912357
14.2629730683564,48.1499602010284,1255
14.2479591832411,48.1508064619832,1252.86486936871
14.2028037617934,48.1533397066431,1246.42905929664
14.1803020688296,48.1545953688653,1243.21398312205
14.1578508440389,48.1558437767737,1240.00079064521
14.1354499295765,48.1570849694421,1236.78948021112
14.1130991682359,48.1583189857102,1233.58005016674
14.1019425458132,48.1589333147801,1231.97603977464
14.0907984030065,48.1595458642095,1230.37249886094
14.0796667203431,48.1601566387884,1228.76942721957
14.0741055454633,48.1604613620033,1227.96806731163
14.0685474783349,48.1607656432952,1227.16682464455
13.9935487766677,48.1648449620967,1216.32268603573
13.9191141236739,48.1688447298979,1205.5
13.8342153090503,48.1733473780464,1193.08182241803
13.7500527959817,48.1777485028382,1180.69249676883
13.6666177111185,48.1820502130236,1168.33192261882
13.5839013188995,48.1862545689074,1156
13.4221809480375,48.194301220099,1131.66158906888
13.3392737611192,48.1983374911257,1119.06540313811
13.2571003528751,48.2022785993752,1106.5
13.1778579938608,48.2060231031179,1094.30565081738
13.0993009129757,48.2096809417106,1082.1409665081
13.0185345581002,48.2133853185871,1069.5546440837
12.9384875867871,48.2170003654603,1057
12.8613267892255,48.2204319972684,1044.82116506304
12.78483816951,48.2237823315239,1032.67290433428
12.7059882173289,48.2271825383786,1020.07004160769
12.6278476498042,48.230498529057,1007.5
12.5526318354881,48.2336399941459,995.323620858176
12.4780768993692,48.2367050707572,983.178802118096
12.4011768922206,48.2398156834214,970.572443581608
12.3249751078847,48.242847105777,958
12.2882725150767,48.2442890982582,951.91554374812
12.2517332739286,48.2457129904455,945.839249902263
12.1791408523758,48.2485072564071,933.711083816563
12.1415149227297,48.249937476,927.395103104456
12.1040625408241,48.2513488298139,921.087941193903
12.0296740241911,48.2541157876276,908.5
11.9939343785271,48.2554279922784,902.423247724747
11.9583554966586,48.2567232278093,896.354941210249
11.8876760564549,48.2592635355403,884.243595131338
11.8509406070948,48.2605666490087,877.918955197763
11.8143768827329,48.261851987069,871.60348931928
11.7417602061646,48.2643701492633,859
11.7068472030521,48.2655644818836,852.91138122816
11.6720930339094,48.2667428300101,846.831503704974
11.6030572371787,48.2690522847467,834.697897215213
11.5673045458105,48.2702319978342,828.384305116467
11.5317202885066,48.2713950955252,822.080138932514
11.4610527288646,48.2736722134619,809.5
11.3933618234373,48.2758126293135,797.373209296456
11.3597492364215,48.2768606476847,791.323321138095
11.3262905913149,48.2778940961435,785.282411049003
11.2565016887365,48.2800183226953,772.621532191134
11.2218575740612,48.2810570683836,766.3058592348
11.2045976203427,48.2815706801659,763.151704332378
11.1873788880327,48.2820804816273,760
11.120176645475,48.2840454756666,747.624980525305
11.0689588576462,48.2855166935103,738.10585056905
11.0185545704538,48.2869422593277,728.662576868828
10.9689463399055,48.2883237279989,719.29425629553
10.9201171954015,48.2896625943466,710
10.8882426446766,48.2905253880354,703.893262828064
10.8566967821192,48.2913705842716,697.818265601651
10.8561601370977,48.2913848875276,697.714649662011
10.7945730337218,48.2930097384534,685.762506287605
10.7935216964245,48.2930371895189,685.557420936635
10.7634657028564,48.2938179050439,679.679239165515
10.7337099370076,48.2945830844297,673.830777988988
10.716108172576,48.2950320957836,670.357470241551
10.6986108669672,48.2954757726876,666.894602614602
10.681217181432,48.2959141839885,663.442128107172
10.6725589345242,48.2961314363244,661.719773662561
10.6639262819785,48.2963473976214,660
10.605304507149,48.2977967899622,647.44308825296
10.6021064471231,48.2978750010169,646.754516626808
10.5477995089746,48.2991895473842,635.004994961893
10.5415281073672,48.2993397010569,633.641205778202
10.491382662356,48.3005280198699,622.6840416075
10.4821577293573,48.3007442473176,620.658098913648
10.4360262672067,48.3018144481324,610.478581138349
10.4338664323697,48.3018641008275,610
10.4239629204799,48.3020912547591,607.803266391352
10.381703511548,48.3030509693461,598.386997236882
10.3790542015978,48.3031106185045,597.794365946859
10.3252684200977,48.3043084180405,585.703166460287
10.2724831576331,48.3054595004019,573.724799718285
10.2126065233859,48.3067359236418,560
10.1831463868256,48.3073525112553,553.192741540924
10.1599192065831,48.3078333312654,547.800018114301
10.1469042094194,48.3081007030714,544.768301784382
10.1339511408612,48.3083653419895,541.743844590016
10.1210596029924,48.3086272770143,538.726620490491
10.1082292011325,48.3088865367968,535.716603569497
10.1029702900685,48.3089923888363,534.480806121155
10.1003446786496,48.3090451475908,533.863362308618
10.0990328324985,48.3090714852581,533.554754032585
10.0977216254959,48.3090977951592,533.246221472873
10.0918481411076,48.309215465775,531.863248856533
10.0859874694682,48.3093325810918,530.481796516729
10.083061926535,48.3093909313626,529.791639667362
10.0801395726361,48.3094491438242,529.101861948018
10.0772204030721,48.3095072188131,528.412463046378
10.075762010939,48.3095362048604,528.067905554689
10.0750331127798,48.3095506850406,527.895662281578
10.0743044131287,48.3095651566654,527.723442650462
10.0604852266474,48.3098387261648,524.453026404614
10.0575111661569,48.3098973848652,523.748093657487
10.0237617383327,48.3105576584635,515.721110339925
9.99983683023581,48.3110197344024,510
9.96337766558045,48.3117143340147,501.231837635871
9.92030166987736,48.3125201206584,490.793867695779
9.87793430077792,48.3132969374764,480.443297181012
9.83625989410243,48.314045846055,470.179032946135
9.79526322167966,48.3147678648997,460
9.77568579520695,48.3151075086691,455.110153799645
9.75626160650667,48.3154412060939,450.239855181777
9.73698903975033,48.3157690621241,445.388987165494
9.71786650062135,48.3160911796599,440.55743370145
9.69889241596788,48.3164076595964,435.745079662605
9.68006523346236,48.3167186008679,430.951810835079
9.66138342126774,48.3170241004902,426.177513909115
9.64284546770969,48.3173242536022,421.42207647015
9.63170773741864,48.3175031534683,418.556340878194
9.62062171064204,48.3176801538022,415.697432495386
9.60958706383389,48.3178552746612,412.845326953464
9.60408890677986,48.3179421365031,411.421817664446
9.59860347454875,48.318028535892,410
9.55926373998089,48.3186405129719,399.307878836069
9.52052388746041,48.3192300344358,388.697138499809
9.48237162583843,48.3197978867819,378.166853394176
9.44479498099072,48.3203448264859,367.716111905669
9.41723353441155,48.3207382036374,360
9.40778224716612,48.3208715818208,357.344016141245
9.38249894158976,48.3212245745944,350.213610508655
9.37132209031104,48.3213788524573,347.049681671167
9.3482546969895,48.3216938330224,340.49665633665
9.3144915402394,48.322146539148,330.84840112145
9.28120035688519,48.3225832343126,321.268118876023
9.24234059894908,48.3230808141452,310
9.20886239260015,48.3234989824443,300.217481876511
9.17586186949582,48.3239016695008,290.505624974055
9.14332987841554,48.3242893936014,280.863666446062
9.11125748868506,48.3246626543471,271.290854387338
9.07371698571995,48.3250882206416,260
9.04145498588102,48.3254441833369,250.221496159884
9.00965845290935,48.3257861779854,240.514923480173
8.97831837540606,48.3261146831303,230.879491175603
8.94742596132285,48.3264301597875,221.314420010072
8.92921746389466,48.3266122303512,215.644922069009
8.91116325244273,48.3267899195075,210
8.8939032824079,48.3269571489893,204.581591531031
8.87668689129265,48.3271213827226,199.16578174378
8.84238422748889,48.3274409467719,188.341950740003
8.8239342702435,48.3276086070486,182.501932901358
8.8055344001372,48.3277728725525,176.664936727765
8.76888415742116,48.328091321744,165
8.76092691817254,48.3281589223112,162.460614540196
8.72981788371951,48.3284179397512,152.509498489537
8.69885214616878,48.3286674309579,142.567164179106
8.68044220953361,48.3288118193113,136.638571687629
8.65466782760079,48.3290090298121,128.316210957766
8.62899253596737,48.3291997556454,120
8.6049191729735,48.3293733901385,112.178010498598
8.56996272646902,48.3296165764076,100.775120697231
8.55216308139566,48.3297363350643,94.9483509011809
8.53442195134761,48.3298529668174,89.126912393105
8.5167390694242,48.3299665003863,83.3107978594423
8.49911417029149,48.3300769642273,77.5
8.48309733960943,48.330175013873,72.2074135776759
8.46712827715255,48.3302705570534,66.9192339716901
8.45120678526251,48.3303636147661,61.6354556803995
8.4353326673336,48.3304542078345,56.3560732113143
8.41929360567872,48.3305435235881,51.0103056534594
8.40330279500922,48.3306303506087,45.6690413893526
8.38736003396103,48.3307147100299,40.3322747310044
8.37940660913755,48.3307559709477,37.6655762291114
8.37543437476606,48.3307763728488,36.332647874741
8.3734493757332,48.3307865168019,35.6662888829499
8.37146512162047,48.3307966228106,35
8.36681558510213,48.3308201696852,33.125
8.3665057152871,48.330821732313,33
8.36216884023248,48.3308435151884,31.25
8.35288371546801,48.3308896034807,27.5
8.34360972741386,48.3309348904807,23.75
8.33897690344317,48.3309572343663,21.875
8.33666153288691,48.3309683315574,20.9375
8.33550410783064,48.330973861484,20.46875
8.33434685620392,48.3309793789718,20
8.32845924501208,48.3310072698614,17.3283812080545
8.32257664187837,48.3310348369223,14.6567624161089
8.31451664062612,48.3310721206326,10.9925718120812
8.30646603165127,48.3311087987403,7.32838120805445
8.29842479865033,48.3311448732858,3.66419060402677
8.29440769305548,48.3311626848586,1.83209530201384
8.29240001709609,48.331171534331,0.916047651006011
8.29139639821497,48.3311759450026,0.458023825503005
8.29039292535734,48.331180346303,0
