-101.1325064680829,26.63353671782659,-189.0979163977554 
-99.87673217106672,21.58763010927202,293.5753027874236 
-99.37143557375498,17.45261883663848,2457.247913379822 
-97.75402059422537,12.4834037394931,-5620.27302869554 
-95.27701634305693,9.490543874766971,-2404.092588581078 
-90.35328595243372,5.228856390338454,-4624.792276263852 
-85.29090460954093,4.048797779806802,-2463.355367357527 
-76.88483387464949,5.622812654904203,-4035.131432183923 
-70.9450852847591,8.689407243480886,4704.408945798962 
-65.54840518052112,11.63300458098144,434.4033560392445 
-64.20090189654665,15.07996870099982,-6021.490416870927 
-65.03814758978162,20.38778655830169,-3750.391872826097
-68.24269490099769,26.42028215128488,-3906.029566553269 
-72.50913241179018,30.72477389741875,-11171.7090818006 
-77.1662543393343,32.46415283682529,-1933.596259003801
-83.9577357609987,34.43669846786739,1868.43159605425 
-89.95924137021454,34.27783945082498,518.8304856268421 
-95.54836997430195,32.80713150645062,1346.089664246879 
-99.47406392938458,31.48425161109796,-1056.782865765053
-101.0161934438848,29.24170495369535,855.8634232898742
-101.1325064680829,26.63353671782659,-189.0979163977554 
