-41.48394670312582,-0.6181827297527327,-4497.752850054618 
-44.21997109143142,-2.820992950088787,-6140.358491230879 
-44.63740953439537,-5.699655362113322,-5433.583899694733 
-44.29312503720958,-8.600479977386479,-5644.396394005591 
-42.46477155938395,-9.182004555243438,-6769.674012812259 
-39.19434084066172,-7.531977207368465,-2595.777571139268 
-36.35964864068416,-5.064935798576061,-2791.088986983539 
-35.44894189088417,-3.779150091877368,-7246.147945988094 
-35.47054538225478,-1.86676147848728,-10840.12908690196 
-36.804400150697,-0.1345082614804284,-5896.825844579823 
-39.21523858771521,-0.1505563503287778,-5393.669345391896 
-41.48394670312582,-0.6181827297527327,-4497.752850054618 
