# Epicenters of shear wave splitting measurements at recording station BFO
longitude	latitude	moment_magnitude	hypocentral_depth_km
-72.71	-35.85	8.78269713977175	44.8
-67.56	-13.83	8.21663716565984	637
97.45	-13.8	7.86878432233178	10
119.98	0.72	7.86398639799312	33
102.09	-4.72	7.85182588498178	33
122.59	-7.14	7.84554857341364	587
153.1	-5.23	7.81060285377913	30
-69.2	-19.99	7.75404991347691	115.6
144.78	12.96	7.7473355624232	61
-69.89	-22.25	7.72204193664956	40
145.53	18.51	7.71534198109455	212.4
107.41	-9.25	7.71215308968858	34
-75.68	-14.99	7.7099441333799	33
124.89	-2.07	7.70418534266543	33
-70.14	-20.4	7.66098318571427	40
126.64	10.81	7.62175326724756	28
-72.08	-17.54	7.60676665221327	33
143.73	22.34	7.60676665221327	126.5
99.87	-0.72	7.56130488711297	81
-70.9	-10.55	7.54908845823604	600.6
107.68	-5.93	7.54159393631382	291.2
123.57	-1.11	7.52825988422582	26
-79.57	-9.62	7.50220324203211	33
-76.4	-5.68	7.49630096087096	115
154.93	-6.72	7.48986968144271	30.9
-31.87	-55.28	7.47882286112981	10
142.65	22	7.46981676931709	276.1
126.28	1.07	7.46689809888908	22
124.25	6.03	7.46186781995348	31
123.91	-4.1	7.44967529614528	33
126.58	6.9	7.42869740208586	33
152.56	-4.76	7.42617608291919	40
149.57	-5.59	7.39122905862985	150
133.3	-0.69	7.37029960630725	23
-21.58	-60.93	7.36199115514902	10
-75.05	-37.77	7.35923875013556	41.7
122.09	1.27	7.34862255669309	30
139.56	28.86	7.31471390403025	394.8
123.41	6.72	7.30920365778394	607.1
103.98	-2.43	7.27573344784128	582.1
122.62	4.48	7.27086728868028	627.2
178.34	-17.24	7.27	590.9
135.02	-4	7.26355923652507	10
129.22	-6.39	7.26326304247918	208.2
145.36	18.9	7.24867714266243	223.2
119.74	15.77	7.23626000442994	33
155	-6.52	7.18863130108613	44
-26.89	-56.2	7.18570206234241	72.7
-66.45	-23.55	7.15100901893651	225
-179.09	-17.55	7.14078664932259	537.2
146.44	-6.98	7.14006191889511	126.9
-73.35	-38.37	7.13746522297276	24
147.87	-5.49	7.13392001156272	179.3
-74.71	-15.77	7.12816525355463	39
-25.33	-56.04	7.12306432750522	33
-72.22	-35.2	7.12103727380217	40.7
126.4	3.88	7.11669436954644	22
-65.72	-22	7.11178570915163	276
129.93	-6.53	7.10897179240698	201.7
167.3	-14.86	7.10892129451645	135
-26.47	-58.6	7.10531324335272	164.7
124.12	9.88	7.10284827219895	19
129.82	-6.53	7.10145244757344	155
126.42	1.59	7.10140062090999	45.1
-70.82	-11.04	7.0930932259918	609.5
85.09	-47.64	7.08895663398284	10
123.34	5.29	7.0822790945531	525
121.09	13.53	7.07617997398389	33
155.06	-6.62	7.07046914476334	50
-71.22	-30.93	7.0646434018449	58
121.94	5.4	7.0646434018449	33
125.15	12.61	7.06109084617486	33
-178.76	-17.66	7.05749415825039	565.5
129.18	-6.94	7.05139857195714	150
-74.56	-15.85	7.04523482217653	45.8
125.31	12.62	7.04073213467522	33
152.49	-4.75	7.03687168208796	73.7
-70.21	-23.91	7.03426915081538	42
-70.13	-14.68	7.03295905964523	257.4
169.72	-20.67	7.03091663012808	185.1
-63.09	-26.79	7.02932543956246	576.8
144.62	13.09	7.02564563705306	85.7
-74.53	-7.64	7.02348294050162	147
167.17	-14.93	7.01745085451669	103
167.38	-15.15	7.01606222041783	123.1
166.16	-11.04	7.0146668940806	110.2
122.54	1.24	7.01396670110427	24
144.98	12.69	6.98213448271133	37
154.55	-7.23	6.98166459406948	23.2
141.93	-2.96	6.97977737616806	10
107.3	-7.78	6.97644485225871	46
120.45	1	6.97500480127044	33
138.48	-3.52	6.9724268908209	66
-22.1	-58.22	6.96078635475815	19
126.62	7.23	6.95422618492656	33
-66.64	-23.22	6.95249764454104	238
-75.97	-14.44	6.95093308541025	24
127.46	2.87	6.93755545243038	25
128.85	2.35	6.93100117749155	31
-62.99	-28.31	6.92903381100029	608.5
166.97	-13.5	6.92752584064038	110
150.43	-5.97	6.92657935514693	28
130.38	-6.13	6.91654801065211	130
125.98	0.48	6.90757735541936	33
-107.35	18.99	6.89831984604297	33
-63.06	-28.5	6.89831984604297	605
126.76	-6.36	6.88582483332155	469.6
-47.06	-60.26	6.88031611207282	10
-63.17	-28.3	6.87322247774662	573
-69.39	-13.31	6.86862667244802	589
146.03	-5.93	6.86862667244802	24
-28.45	-55.51	6.86313169880426	16.5
147.12	-5.46	6.85921024398695	198
-71.89	-34.29	6.85499225558409	11
-73.12	-36.47	6.84611708851375	27.6
-63.47	-24.98	6.84208352351776	579.1
123.71	6.76	6.84030101341768	565.8
-63.22	-26.04	6.83991761501082	551.8
135.09	-4.15	6.83812167874091	33
-63.02	-20.65	6.83721951572198	562.4
104.24	-5.05	6.83683201222278	15
127.65	7.74	6.83553657536544	10
-73.58	-14.59	6.83397436120876	101
-113.44	-22.12	6.82763982256569	10
8.7	-53.53	6.82657045974486	11.7
145.29	18.73	6.82428486434716	602.2
169.16	-18.81	6.82225306895916	204
126.76	5.41	6.8167641907407	50
-72.11	-29.44	6.81439953472924	10
-176.94	-18.06	6.81257814691277	351.8
129.48	-4.12	6.80818803135556	33.9
-70.24	-22.92	6.80775962734951	26
-72.66	-16.66	6.79964415077439	87.2
-71.87	-30.06	6.79370487267185	19
-67.89	-22.32	6.79129462229388	162.6
139.15	28.36	6.78977796269897	486.7
152.79	-3.69	6.7854885560287	499.1
168.52	-17.03	6.78254126915985	220
154.93	-6.45	6.78113464458939	35
126.9	6.63	6.77987854867303	33
153.95	-3.98	6.77987854867303	386
167.38	-14.59	6.77559853606367	169
-14.7	-58.17	6.77270963527623	10
122.37	4.08	6.7714163683371	574
-72.42	-13.29	6.77028000153926	85
126.55	1.98	6.76766572053053	41.1
-178.9	-17.9	6.76766572053053	533.6
-71.71	-31.54	6.7666792471585	30.1
-71.64	-30.61	6.76568940122137	33
105.63	-6.55	6.76035229793836	38
127.99	-1.22	6.75696594758551	31
-28.98	-55.37	6.75146403086781	10
-29.88	-55.63	6.74656256536513	10
155.51	-6.76	6.74175624492597	38
128.19	4.01	6.7412172506879	70
151.77	-5.23	6.73577139130295	33
125.36	12.38	6.7264609538784	33
125.89	0.43	6.72456239196318	33
126.98	-1.03	6.71859646516812	11
124.66	-8.12	6.71684114359664	33
42.69	-42.5	6.71487822316545	10
-70.18	-22.95	6.71369405114825	45
127.21	-3.6	6.7131001439562	30.1
-155.93	19.88	6.71131107757605	38.9
142.43	-3.21	6.70689069164337	11
-71.65	-17.75	6.70075202378549	24
-66.6	-23.12	6.70013093740945	190.8
-63.07	-28.4	6.69469163652634	577.8
-76.68	-13.46	6.69278473838451	23
154.92	-6.49	6.69235927224681	43
100.57	-2.21	6.68850167722198	50.8
-71.36	-32.62	6.68806986557654	29
-63.09	-28.04	6.68305718330786	586.9
-26.86	-60.2	6.68217648405965	20
-70.63	-19.92	6.6801850609306	20
-26.29	-59.37	6.67480664643191	84
101.9	-4.61	6.67480664643191	33
167.26	-14.38	6.67367345651331	207.9
122.48	19.82	6.67070623660541	214
167.3	-14.7	6.66770829224942	164
167.13	-13.48	6.66561445677482	200
99.49	-1.48	6.66066913707892	20
127.52	-1.35	6.65924053391105	33
138.9	-2.69	6.65852358021097	33
-74.87	-40.32	6.65612083069842	9
-73.11	-32.67	6.64879057449744	11
-12.8	-58.15	6.64253699111727	22.9
122.84	-9.36	6.64152376294548	65.8
-71.5	-28.96	6.64101581605273	20
112.14	-6.04	6.63614534844679	634
170.35	-21.5	6.63197938226212	105.3
139.33	27.96	6.63171700829346	512
127.4	-3.12	6.63119154598117	17.4
145.91	-3.48	6.63119154598117	11.4
107.24	-10	6.62668618813491	9
118.63	-8.21	6.62507917390048	18
123.38	6.74	6.62481046886532	620
-128.83	-10.78	6.6229225184568	10
-68.79	-13.74	6.62129441863935	586
138.94	28.98	6.61828558079032	477
168	-16.2	6.61801049321181	181
108.16	-4.92	6.61773514401883	614
-36.4	-56.05	6.61690752176514	10
153.21	-4.71	6.61663112111923	73
-73.41	-37.69	6.61580033244416	21
144.83	-3.52	6.61496715300702	10
123.25	6.53	6.61132874310617	627.4
119.58	0.21	6.61076490718386	33
-70.96	-27.01	6.60592744415794	26.7
-70.18	-25.35	6.60535298036908	33
154.83	-4.55	6.60506532047994	500
153.27	-4.79	6.60448914187267	34
126.43	8.35	6.60420062201361	33
142.54	-3.21	6.60420062201361	13
153.18	-5.1	6.60362271831955	33
121.72	-7.12	6.60333333333333	483
151.71	-5.15	6.60217289228246	61.4
-24.72	-56.13	6.60042346306503	33
101.5	-2.52	6.59718846120209	9.7
140.84	10.93	6.59091033938569	24.9
-74.24	-8.15	6.58878701129161	164.6
123.17	6.14	6.58820798226462	617.9
150.88	-5.84	6.58634112849155	33
155.09	-6.68	6.58634112849155	24.4
127.36	1.88	6.58603393519525	96
-71.63	-31.75	6.58449306059185	34.3
145.87	16.01	6.58418389915874	142.7
144.7	20.99	6.57887700759074	30
103.07	-5.41	6.57793031577857	35
131.26	-0.63	6.57793031577857	24.1
-51.52	-53.65	6.57729746382255	33
110.33	-5.77	6.57379183354234	643
126.84	2.19	6.57379183354234	91.1
-67.03	-24.41	6.57218422444487	184.3
151.25	-5.34	6.57186162869606	39
-65.09	-15.36	6.5696909155841	549.9
149.71	-6.03	6.56599258338251	56
-103.94	10.34	6.56367765662171	67.1
-71.41	-30.99	6.56367765662171	34.8
153.7	-5.31	6.56301283507908	71.9
-70.59	-27.53	6.56067386381014	62
152.88	-5.16	6.5600021009691	27
126.2	1.25	6.55763858045934	33
151.2	-6.48	6.55763858045934	10
-65.43	-17.73	6.55422829775043	24
-70.09	-23.94	6.55388504974983	50
-56.11	-60.95	6.55388504974983	8
127.06	2.28	6.5535413943331	38.1
120.25	1.02	6.55285285737459	33
129.11	1.22	6.54728480779808	26
-27.06	-56.42	6.54049461826107	87.7
154.61	-6.47	6.53887138664278	31
-73.99	-16.09	6.53763888093074	62
-26.55	-56.66	6.5361821248784	33
126.87	3.86	6.53570709662647	20.8
99.75	-47.8	6.53065306465979	10
-68.23	-21.7	6.52923544465529	128
-71.71	-29.45	6.52803625203397	27
-69.17	-18.9	6.52690748002101	128.1
112.41	-8.19	6.52577429010241	151.6
-70.32	-19.39	6.52299819149962	27
119.82	-7.41	6.52261582264504	538.7
126.28	9.46	6.52042662466945	33
-70.55	-20.81	6.51674077024293	24.3
139.79	27.67	6.51375792513308	455.9
136.05	-0.88	6.50942553152969	33
-70.39	-34.93	6.50745661781811	1
145.46	17.44	6.50457973381985	149
126.42	4.76	6.50109755238475	39.7
-63.9	-19.28	6.50039606210668	596
122.17	9.51	6.49857250829686	19
-176.56	-17.1	6.49677923282717	377.1
125.42	12.02	6.4961091219431	35
128.41	-7.01	6.4950168729664	10
-97.32	-36.21	6.49167260847082	10
-71.56	-30.3	6.49133178482393	29
152.13	-3.9	6.49022132896798	10
155.02	-6.86	6.48790129854709	39.4
-2.63	-55.65	6.487815013446	10
-178.84	-17.96	6.48733998519407	544
91.06	-10.06	6.48582332559915	7.1
133.13	-0.58	6.48390532629313	33
135.87	-0.59	6.48390532629313	33
104.18	-6.96	6.48215059574264	11
-71.06	-27.21	6.4798534304972	12
128.02	-4.03	6.47949839715461	33
144.9	13.99	6.4750233520459	101
-70.91	-26.79	6.47321378581411	33
147.88	-6.57	6.46803979646665	37
141.22	-2.39	6.46678972645495	33
152.17	-3.83	6.46604638932109	33
127.92	-7.5	6.46211224742745	185
118.34	-8.28	6.4609309742482	35
155.18	-7.16	6.45630145560271	428.8
-25.75	-56.42	6.45543416692243	15
-68.33	-21.66	6.44958488405076	125.1
-80.56	-44.87	6.44909206749841	10
-102.51	-35.96	6.44859841067873	10
144.41	19.89	6.44854899867168	410
-25.74	-59.68	6.4476085647416	33
167.23	-13.57	6.44596788402222	176
-78.7	-10.53	6.44461855894702	73
-69.15	-18.38	6.44451835833878	120.9
140.27	-3.69	6.44411720877049	71
80.13	-41.72	6.44210308131159	10
-71.94	-31.4	6.43649087704604	39
147.41	-6.49	6.4354586846708	69
-73.82	-36.33	6.43509654621883	10
-63.38	-26.65	6.43390346344915	565
129.87	-6.66	6.43353937329388	171.5
-70.87	-20	6.42971489630006	17
154.71	-6.62	6.42929268746899	31.6
-74.66	-39.01	6.42812842846983	11
135.45	-4.18	6.42759766818443	33
142.98	21.64	6.42599952435893	290
-71.12	-30.81	6.42546484340438	54
-71.4	-32.71	6.42417756605033	35
-65.78	-22.15	6.42407003414394	289.5
147.97	-2.95	6.4218567827886	7.3
149.69	-1.53	6.41825806278475	24
169.02	-18.93	6.4179836010573	169.2
-71.29	-32.31	6.41732382943583	51.1
99.8	-2	6.41732382943583	28
127.38	6.13	6.4169933789667	8
125.78	9.79	6.41566779257818	105.6
124.74	-7.4	6.41478068455487	405.4
-68.64	-31.63	6.41350068591923	108
120.53	13.93	6.41283060734526	105
-177.31	-17.34	6.41227102144513	391
127.95	-1.25	6.41064207933018	33
104.71	-5.89	6.41007824340788	101.4
-24.66	-56.47	6.40951330731722	33
126.64	5.51	6.40951330731722	33
35.06	-46.05	6.40610034455987	10
139.29	29.06	6.40610034455987	430.3
80.51	-41.22	6.40575682505593	10
152.82	-6.2	6.40512597877276	10
148.14	-3.16	6.40489623890385	25
134.23	-1.68	6.40437865670395	10
147.26	-6.15	6.40437865670395	75
167.2	-13.17	6.40397545210637	228.4
-19.96	-60.84	6.40264666955735	10
126.46	2.52	6.40195096320434	61.1
126.91	-0.95	6.40136992818172	17
-75.63	-14.17	6.39667918719246	43
138.93	29.97	6.39561321466847	406
8.8	-53.77	6.39263142050101	10
126.1	1.73	6.39263142050101	103
126.29	9.6	6.38961859774141	33
-74.38	-7.64	6.3882829584675	154
-70.09	-33.88	6.38596133242272	120.2
-76.13	-14.28	6.38565446471556	23.4
-66.66	-23.86	6.38559305212554	222
-178.77	-17.74	6.38163530192664	573
125.48	11.76	6.38101198703659	33
126.65	2.12	6.37957324970076	54.7
125.9	11.57	6.37342562320759	33
-67.28	-20.93	6.3708520093321	218
-74.76	-40.51	6.36955657247476	33
-26.85	-56.45	6.36910179675415	84
166.5	-12.02	6.35897897038639	109
-71.33	-31.3	6.35796721750614	45.9
153.4	-5.18	6.35559262003354	33
105.51	-6.61	6.35422691158336	33
110.45	-7.96	6.35347301692125	12.5
127.3	1.69	6.34862895655265	93.8
-80.16	-44.81	6.34834968992419	10
99.69	-1.16	6.34820995553219	43.1
127.9	-1.92	6.34800022741393	33
128.49	-7.32	6.34589454791738	141.9
151.04	-5.93	6.345118612211	16
124.67	-0.07	6.34490663197852	25
-73.69	-37.58	6.34434059141777	21
145.57	-2.63	6.3433473497761	10
126.36	1.29	6.34284944826972	38.3
-71.38	-29.67	6.34020336409407	71
132.37	-5.18	6.33876291508012	33
-70.04	-20.17	6.33796760275568	43.5
103.15	-5.77	6.33658871471579	45
126.1	0.44	6.33505700116813	33
-70.41	-22.87	6.3346911099851	27
121.56	0.54	6.33292836691695	103
144.9	6.51	6.32892251225248	10
-97.83	-36.26	6.32779986774937	10
28.02	-52.51	6.32772486978117	10
121.42	-9.14	6.32697381967233	33
150.41	-4.26	6.32425379247332	446.6
-72.08	-30.05	6.32265522846853	10.1
-68.33	-22.23	6.3219674184865	114
-69.44	-18.88	6.32143132321835	116
-70.6	-23.13	6.32012522995177	33
150.73	-3.58	6.31950855313802	10
126.38	1.85	6.31765060245463	52.7
-179.02	-17.34	6.31640531169788	553.8
127.69	2.56	6.31152857630432	66
-104.45	18.82	6.31073425576604	33
123.19	-0.39	6.30817768591327	26
113.93	-10.71	6.30737410600636	14
148.85	-5.48	6.30729362521234	189.6
127.72	4.54	6.30672963238555	89.5
-69.25	-19.45	6.30592201776258	33
-80.75	-44.87	6.30283237123604	10
153.06	-4.59	6.30184980359188	33
-26.58	-56.12	6.30102844231875	33
32.27	-48.21	6.29763628583173	10
-107.43	18.95	6.29605073252852	33
34.78	-46.05	6.29378253561717	10
155.04	-6.61	6.29183625266166	33
-105.36	18.43	6.29098594469484	0
-70.89	-24.87	6.2875595182599	58.2
-81	-2	6.28583097787438	33
147.73	-6.06	6.28487586343778	53.5
-25.74	-56.41	6.28461482992233	29.4
-63.22	-26.74	6.28374301458549	569.6
170.13	-21.49	6.27969850177352	119
-69.75	-18.57	6.277654859084	85
126.33	3.8	6.27738723035941	35
141.96	24.99	6.27711935402147	516.7
126.49	1.66	6.27694063200678	45.8
-80.88	-5.57	6.27586597693594	9.8
147.94	-3.08	6.27433668826991	33
126.53	5.7	6.27397567867875	22.5
120.74	14.01	6.27243634616197	172
-67.06	-32.72	6.27125366250337	172.3
146	11.14	6.27079749468473	13
110.18	-7.87	6.27070617481183	143.1
-67.77	-23.27	6.27052344861164	155
-69.22	-31.59	6.26979138841227	113
-23.84	-57.92	6.26905747254501	13
-71.39	-30.82	6.26573163266702	38.1
-69.57	-17.64	6.26377376890409	105.7
100.38	-2.95	6.2619908874196	26
-69.34	-18.04	6.26161414090632	118
146.18	20.82	6.25772395757841	40
-71.86	-30.52	6.25474750314644	33
-27.23	-55.62	6.25445782863043	10.6
-70.74	-20.62	6.25349014840275	20
-72.09	-32.33	6.25144743112824	10.6
-96.69	-36.3	6.25134979846685	13.8
-70.95	-19.77	6.2497831817012	6.2
142.59	24.4	6.2497831817012	43.2
146.15	-3.33	6.24948849500441	10
127.2	5.15	6.24731824552388	48
-177	-16.52	6.24692190096561	407.9
74.48	-26.46	6.24493199859931	10
142.97	30.74	6.24413219241499	8.7
123.16	-4.3	6.23989657333901	33
-72.65	-45.24	6.23918457312696	36.7
-65.31	-57.68	6.23816438301363	15
168.82	-18.77	6.23806216601182	111
-71.56	-30.99	6.23775529830466	76.1
-76.55	-11.61	6.23580421327005	90
138.86	28.35	6.23580421327005	512.4
145.63	18.73	6.23373613551573	177
127.42	-1.31	6.2316531793763	33
119.4	-9.59	6.23092058994434	30.5
41.39	-43.4	6.23060605471014	10
154.76	-5.99	6.23060605471014	186.3
128.28	2.52	6.22701723433244	39
179.81	-17.73	6.22637926935613	600
33.77	-46.36	6.22584655594991	10
-68.2	-22.15	6.22563319584106	115
-28.21	-55.85	6.22208986268586	77
-69.28	-19.53	6.22133263917102	91
118.34	-8.2	6.22100750757638	10
139.75	27.73	6.21883058262454	469
-81.93	-5.4	6.21751652747356	10
-29.53	-55.42	6.21498112880219	10
-70.55	-18.06	6.21409402077889	37
131.54	-6.32	6.21331556531388	33
-71.75	-15.99	6.21309276449134	123
78.93	-36.52	6.21219984272084	10
144.83	-3.56	6.21219984272084	10
-69.65	-17.5	6.21107980397549	151
150.37	-3.28	6.2099554155542	45
138.97	29.28	6.2099554155542	426.1
92.81	-16.2	6.20541368078388	10
-97.48	-36.73	6.20529921956294	10.3
155.65	-6.53	6.20438189711763	135.8
142.63	21.8	6.20196000578136	319
168.36	-17.62	6.1994008680267	114
-24.68	-57.07	6.19575597956786	10
144.88	6.46	6.19492655089249	10.6
125.75	5.81	6.19385663922889	105
-25.59	-59.72	6.19373751573221	26
-73.16	-35.8	6.19314116195886	14
80.67	-41.33	6.19134469504991	20
137.35	-0.9	6.19134469504991	33
-72.54	-28.72	6.19122453333223	10
-105.7	-4.37	6.18771797137101	10
-70.55	-23.2	6.18771797137101	19
119.48	16.09	6.18404524151449	33
54.1	-34.88	6.17919996365274	10
-26.07	-59.75	6.17907465326143	33
-74.31	-38.27	6.17857286863912	22.9
-24.83	-56.95	6.17655698822659	10
126.35	1.06	6.17592413627058	23
-64.97	-20.12	6.17465426732875	352.7
148.33	-0.88	6.17401723812875	10
-13.2	-58.31	6.1727389594316	10
139.68	-2.42	6.17016534555611	16.2
152.71	-4.36	6.17016534555611	33
110.63	-10.2	6.1695183516453	23
-67.18	-31.75	6.16573700540278	141.8
-66.64	-22.97	6.16560572920257	220.4
147.29	-6.67	6.16402575445168	53
-80.09	-44.81	6.16230432906973	10
-28.9	-55.9	6.16230432906973	36
102.1	-4.96	6.16230432906973	33
-72.41	-15.88	6.16163950752711	110
141.51	12.23	6.15976984458883	10
121.5	8.6	6.15963583410062	37.8
-66	-22.33	6.15842694025831	254
121.33	-1.2	6.1582923066104	10
-68.96	-20.04	6.15599390363295	120
-71.22	-30.74	6.15558640229249	45
145.01	18.86	6.15558640229249	580
-72.07	-12.03	6.15422390728583	33
126.55	6.26	6.15299215553844	90.2
150.51	-3.38	6.15230557789965	13.4
-107.3	18.78	6.15161736827064	20
-72.24	-32.41	6.15078935153488	8.6
-73.06	-45.38	6.14773286806257	4.9
-70.44	-15.04	6.14633281864877	198.9
122.6	-7.83	6.14548952779648	264.8
135.11	-3.18	6.14534874021549	21
111.86	-6.06	6.14464377357891	611.8
-70.59	-23.32	6.14450257403717	33
147.34	-5.03	6.14450257403717	31.2
105.39	-6.53	6.14365392764178	45
152.11	-6.66	6.14308677828393	10
-71.4	-16.12	6.13879737161366	136.2
123.54	-8.9	6.13879737161366	111
148.48	-3.11	6.13850913898199	10
166.42	-11.5	6.13590205093981	148
-65.71	-17	6.13297748410773	33
130.22	-6.29	6.13297748410773	109
126.44	5.36	6.13297748410773	35
-63.28	-19.83	6.13061637292184	582.4
-71.73	-32.46	6.13031987555378	18
122.46	-1.72	6.13002307424168	33
125.61	4.08	6.12853448662015	150
144.76	11.77	6.12703820600518	33
99.72	-1.59	6.12688815176259	30
142.93	-3.3	6.12553415246903	10
125.9	10.17	6.12417379137001	33
124.24	13.27	6.12402224483182	80
-76.96	-5.58	6.1231112960323	114.4
-69.53	-18.3	6.12250240063522	114
167.26	-14.65	6.12250240063522	153.2
126.41	3.84	6.1209745361155	30.1
145.43	-4.98	6.1209745361155	222
108.32	-9.42	6.11974641272749	21
100.32	1.28	6.11943856617579	211
125	-0.19	6.11866751470916	35
138.89	29.93	6.11835851825016	421.9
152.15	-5.49	6.11789440435766	33
140.08	-3.73	6.11603047310508	20
146.31	-3.37	6.11478115226868	10
168.27	-17.07	6.11478115226868	221
-29.14	-55.24	6.11321188200636	10
128.43	2.64	6.11289700470006	38
-24.98	-57.09	6.11163405982029	10
-74.36	-13.93	6.11131746093188	101.4
128.22	3.04	6.11036558175799	100
143.14	-3.24	6.10861230020937	12
136.28	-2.99	6.10845238324612	53
-71.71	-31.59	6.10426323336007	22.8
146.81	-6.34	6.10393846646724	43.4
125.02	-0.15	6.10361333487259	66.2
129.81	-7.15	6.10328783775613	95
-63.1	-27.93	6.10279890492741	575.2
-178.37	-18.09	6.10149103300451	628
-25.34	-57.98	6.09951808053456	63.9
105.22	-6.53	6.0973654337811	38
-72.03	-33.61	6.0970328321884	28
145.66	-3.52	6.09536406875253	33
-178.81	-17.38	6.09402209807843	531.3
97.61	-1.11	6.0936856312717	38
-76.28	-14.49	6.0919974069281	33
-31.75	-55.28	6.0919974069281	10
152.96	-4.31	6.0919974069281	28
131.21	-5.53	6.08859113640911	83
127.22	1.55	6.08859113640911	77
144.98	18.86	6.08687285448391	598
146.95	-5.41	6.08670046409203	216.8
-65.84	-28.57	6.08652797099512	22.3
153.17	-5.33	6.08340539202671	43.8
-179.65	-17.89	6.08077726819066	622.6
-68.33	-22.41	6.07971930238033	121.6
-70.65	-26.11	6.07830264069352	68.5
140.97	29.64	6.07741369417203	98.5
-70.92	-27.9	6.07652200989901	20
-25.47	-57.78	6.07634334302842	33
126.94	-0.99	6.07616456583558	30.2
-70.48	-19.58	6.07544835111142	25
-26.56	-56.6	6.07455058402123	109
-68.39	-21.35	6.07274665510395	130.1
125.06	12.81	6.07274665510395	29
122.45	-7.28	6.07238451665198	528.2
126.68	4.14	6.07220327742565	25
100.56	-3.27	6.06983678483565	21
-75.69	-14.84	6.06910472463628	33
126.34	9.78	6.06910472463628	33
-72.29	-29.45	6.06726643493949	12
111.11	-8.5	6.06726643493949	79
129.02	-6.74	6.06726643493949	215.6
135.05	-4.38	6.06726643493949	33
117.62	3.63	6.06689737223228	9
167.41	-15.09	6.06504496889103	151.3
105.21	-6.31	6.06355446544686	10
119.96	-7.26	6.06336761183947	536.8
-24.71	-58.74	6.0626189891739	35
126.36	1.09	6.06168048055764	33
-66.3	-22.98	6.06130422364361	256.1
-74.38	-7.93	6.05521664790979	152.1
-71.31	-9.33	6.05406083937045	598
-62.94	-28.38	6.05406083937045	609.8
-45.97	-53.02	6.05406083937045	10
-104.82	-4.65	6.05328772901896	9.6
146.68	-3.47	6.0530941284403	6.9
102.18	-2.65	6.05290039831959	149.9
-66.25	-19.52	6.05212417894151	273.9
142.68	-3.31	6.05212417894151	10
141.97	30.99	6.05212417894151	9
151.45	-6	6.05115096910215	6.3
129.93	-7.21	6.05056546909554	67.3
145.39	18.77	6.05037003901414	225
122.32	-0.51	6.05017447692997	31.5
151.87	-5.59	6.05017447692997	33
140.45	-2.09	6.04821155649879	36
-71.91	-30.46	6.04623523718962	33
167.19	-14.31	6.04444494162516	115
118.66	-11.16	6.04424533482332	33
35.14	-45.83	6.04103276755452	16
129.33	-1.11	6.04022402497671	33
-28.03	-56.02	6.03941301701056	140.2
-74.26	-8.41	6.03880326672286	144.6
141.69	12.31	6.03880326672286	104
-77.05	-45.76	6.03614607510359	9
140.46	26.27	6.03614607510359	388
153.45	-5.38	6.03408535711883	33
1.76	-54.67	6.0324261568497	10
107.49	-7.94	6.02991939093416	51
113.54	-10.41	6.02991939093416	33
119.54	0.2	6.0278137114376	33
-67	-24.22	6.02760229875599	196.2
-76.09	-13.66	6.02526651329632	56
122.87	0	6.02398446107041	156.3
126.23	0.53	6.02334129978127	30
122.75	-7.16	6.02183501055531	578.5
-66.32	-22.64	6.0216191852344	246.4
128.99	-5.39	6.02140319890987	253.8
142.77	-3.28	6.02140319890987	10
-75.07	-8.87	6.02032084380039	129
-112.59	-23.63	6.01966948322286	10
120.83	17.16	6.01901665396182	17
-77.54	-5.08	6.01814391884855	139.3
-12.4	-47.35	6.01704928747057	10
120.23	0.97	6.01704928747057	33
126.6	2.11	6.01704928747057	33
143.15	11.82	6.01704928747057	9.2
-106.04	-4.62	6.01484753043718	10
126.56	1.62	6.01484753043718	33
134.01	-1.74	6.01396211795937	10
129.9	-6.49	6.0137403411162	148.1
-97.26	-36.31	6.01240610071535	10
-71.55	-31.63	6.0103931401995	37
126.04	11.77	6.01016861156894	33
118.9	-10.41	6.00859201678853	22
-70.52	-23.58	6.00813997976525	37
124.52	4.23	6.00813997976525	326
123.73	8.14	6.00472701700789	657.8
144.88	14.18	6.00472701700789	154.1
-66	-22.39	6.00358036341171	278
128.1	-3.99	6.00358036341171	33
-27.08	-56.29	6.00335048673858	94.1
-72.89	-37.54	6.00196738066277	32
119.56	13.07	6.00173621924961	33
-104.47	-4.07	6.00127334200537	10
-97.06	-35.76	6.00127334200537	10
144.7	13.2	6.00127334200537	29
-72	-29.77	6.00057763565236	19.8
