7	8.4	0.000478	32.038	0.000478	0.025
5.7	9.7	0.000951	31.414	0.000951	0.025
4.3	10.9	0.000665	50.321	0.000665	0.025
3	12.2	0.000487	42.798	0.000487	0.025
7	10	0.001169	24.093	0.001169	0.025
5.7	11.2	0.000706	36.76	0.000706	0.025
4.4	12.5	0.00066	38.397	0.00066	0.025
8.3	10.2	0.001315	21.592	0.001315	0.025
7	11.5	0.000859	26.652	0.000859	0.025
5.7	12.8	0.000485	36.86	0.000485	0.025
9.7	10.5	0.001348	22.954	0.001348	0.025
8.3	11.8	0.000994	20.765	0.000994	0.025
7	13.1	0.000459	44.248	0.000459	0.025
5.7	14.5	0.000406	52.462	0.000406	0.025
9.6	12	0.000968	19.685	0.000968	0.025
8.3	13.4	0.000557	51.035	0.000557	0.025
7	14.8	0.000825	62.826	0.000825	0.025
11	12.2	0.00081	28.913	0.00081	0.025
9.7	13.7	0.000817	51.952	0.000817	0.025
8.3	15.1	0.001316	60.678	0.001316	0.025
12.3	12.5	0.000577	59.897	0.000577	0.025
11	13.9	0.000753	55.608	0.000753	0.025
9.7	15.3	0.001131	53.872	0.001131	0.025
8.3	16.7	0.000263	55.038	0.000263	0.025
12.3	14.1	0.000671	63.73	0.000671	0.025
11	15.5	0.000718	43.608	0.000718	0.025
9.7	17	0.000758	13.52	0.000758	0.025
13.6	14.3	0.000515	71.768	0.000515	0.025
12.3	15.7	0.000568	35.446	0.000568	0.025
11	17.2	0.000972	7.7659	0.000972	0.025
14.9	14.4	0.00045	90.387	0.00045	0.025
13.6	15.9	0.000538	33.178	0.000538	0.025
12.3	17.4	0.000737	5.6569	0.000737	0.025
11	18.9	0.002833	16.546	0.002833	0.025
14.9	16.1	0.000743	37.025	0.000743	0.025
13.6	17.6	0.000717	17.01	0.000717	0.025
12.4	19.1	0.002078	32.605	0.002078	0.025
16.3	16.2	0.001578	37.386	0.001578	0.025
15	17.8	0.001511	30.714	0.001511	0.025
13.7	19.3	0.001908	50.043	0.001908	0.025
17.6	16.3	0.002314	31.544	0.002314	0.025
16.3	17.9	0.002516	36.428	0.002516	0.025
15	19.5	0.002711	57.478	0.002711	0.025
13.7	21	0.006379	53.447	0.006379	0.025
17.6	18	0.003251	32.223	0.003251	0.025
16.4	19.6	0.003392	48.592	0.003392	0.025
15.1	21.2	0.005975	53.827	0.005975	0.025
18.9	18.1	0.003455	27.899	0.003455	0.025
17.7	19.7	0.003767	45.75	0.003767	0.025
16.5	21.3	0.004614	41.467	0.004614	0.025
20.2	18.2	0.003268	39.717	0.003268	0.025
19	19.8	0.003344	49.303	0.003344	0.025
17.8	21.5	0.002738	34.187	0.002738	0.025
21.5	18.2	0.002483	68.118	0.002483	0.025
20.3	19.9	0.002767	53.705	0.002767	0.025
19.1	21.6	0.001263	58.034	0.001263	0.025
17.9	23.2	0.007814	30.593	0.007814	0.025
21.6	19.9	0.001919	64.082	0.001919	0.025
20.5	21.6	0.001819	74.519	0.001819	0.025
19.2	23.4	0.004751	31.759	0.004751	0.025
22.9	20	0.001102	66.466	0.001102	0.025
21.8	21.7	0.001654	66.875	0.001654	0.025
20.6	23.4	0.002477	39.941	0.002477	0.025
24.2	20	0.000612	91.018	0.000612	0.025
23.1	21.7	0.001004	40.669	0.001004	0.025
22	23.5	0.001725	32.499	0.001725	0.025
20.8	25.2	0.009232	58.29	0.009232	0.025
24.4	21.8	0.002497	16.131	0.002497	0.025
23.3	23.5	0.002351	23.271	0.002351	0.025
22.2	25.3	0.004041	46.414	0.004041	0.025
25.7	21.7	0.003353	18.015	0.003353	0.025
24.6	23.6	0.002579	24.098	0.002579	0.025
23.5	25.3	0.001549	2.8473	0.001549	0.025
26.9	21.7	0.002408	17.126	0.002408	0.025
25.9	23.5	0.002866	33.218	0.002866	0.025
24.8	25.4	0.001708	146.58	0.001708	0.025
23.7	27.1	0.007223	120.67	0.007223	0.025
27.2	23.5	0.002848	44.447	0.002848	0.025
26.1	25.3	0.000978	122.56	0.000978	0.025
25.1	27.2	0.009728	140.82	0.009728	0.025
28.5	23.5	0.001018	30.21	0.001018	0.025
27.5	25.3	0.00079	111.15	0.00079	0.025
26.4	27.2	0.016143	152.51	0.016143	0.025
29.7	23.4	0.003014	151.11	0.003014	0.025
28.8	25.3	0.004074	139.89	0.004074	0.025
27.8	27.1	0.022842	152.88	0.022842	0.025
26.8	29	0.14016	166.43	0.14016	0.025
30	25.2	0.006873	139.33	0.006873	0.025
29.1	27.1	0.033757	150.59	0.033757	0.025
28.2	29	0.15126	166.77	0.15126	0.025
31.3	25.1	0.006152	133.32	0.006152	0.025
30.4	27	0.038048	148.66	0.038048	0.025
29.5	28.9	0.1226	162.56	0.1226	0.025
32.6	25	0.004328	130.41	0.004328	0.025
31.7	26.9	0.028381	150.18	0.028381	0.025
30.8	28.9	0.063296	151.25	0.063296	0.025
33.8	24.9	0.00399	150.89	0.00399	0.025
33	26.8	0.016839	164.12	0.016839	0.025
32.2	28.8	0.008607	125.82	0.008607	0.025
31.3	30.7	0.17598	55.502	0.17598	0.025
34.3	26.7	0.021494	10.049	0.021494	0.025
33.5	28.7	0.048533	47.264	0.048533	0.025
32.7	30.6	0.30561	62.067	0.30561	0.025
35.5	26.6	0.0284	19.738	0.0284	0.025
34.8	28.6	0.081671	47.092	0.081671	0.025
34	30.5	0.31229	61.25	0.31229	0.025
36.8	26.4	0.033462	19.024	0.033462	0.025
36.1	28.5	0.091813	43.018	0.091813	0.025
35.4	30.4	0.24533	60.739	0.24533	0.025
34.6	32.4	0.43599	61.233	0.43599	0.025
37.3	28.3	0.081353	37.791	0.081353	0.025
36.7	30.3	0.20935	58.187	0.20935	0.025
36	32.3	0.32062	63.919	0.32062	0.025
38.6	28.1	0.060508	36.276	0.060508	0.025
38	30.1	0.1568	48.77	0.1568	0.025
37.3	32.2	0.25002	61.687	0.25002	0.025
39.8	27.9	0.039538	39.126	0.039538	0.025
39.2	29.9	0.11786	44.206	0.11786	0.025
38.7	32	0.18949	51.541	0.18949	0.025
38.1	34	0.25713	71.153	0.25713	0.025
40.5	29.8	0.076006	41.578	0.076006	0.025
40	31.8	0.17266	44.457	0.17266	0.025
39.4	33.8	0.22711	57.634	0.22711	0.025
41.7	29.6	0.044886	40.496	0.044886	0.025
41.3	31.6	0.14884	40.974	0.14884	0.025
40.8	33.6	0.27422	51.357	0.27422	0.025
43	29.4	0.022147	37.954	0.022147	0.025
42.5	31.4	0.11172	38.249	0.11172	0.025
42.1	33.5	0.29546	46.869	0.29546	0.025
41.7	35.5	0.39687	49.719	0.39687	0.025
43.8	31.2	0.066913	31.901	0.066913	0.025
43.4	33.3	0.2368	42.55	0.2368	0.025
43	35.3	0.44675	43.127	0.44675	0.025
45	30.9	0.054535	18.56	0.054535	0.025
44.7	33	0.18416	35.933	0.18416	0.025
44.4	35.1	0.48976	40.399	0.48976	0.025
46.2	30.7	0.061812	8.0467	0.061812	0.025
46	32.8	0.162	20.828	0.162	0.025
45.7	34.8	0.42601	38.675	0.42601	0.025
45.4	36.9	0.72139	33.763	0.72139	0.025
47.2	32.5	0.17708	10.156	0.17708	0.025
47	34.6	0.36113	34.812	0.36113	0.025
46.8	36.6	0.76001	37.393	0.76001	0.025
48.4	32.3	0.1708	5.7463	0.1708	0.025
48.3	34.3	0.28411	26.497	0.28411	0.025
48.1	36.4	0.6264	35.009	0.6264	0.025
49.7	32	0.12307	1.8768	0.12307	0.025
49.5	34.1	0.20651	14.96	0.20651	0.025
49.4	36.1	0.56486	32.899	0.56486	0.025
50.9	31.7	0.076994	173.64	0.076994	0.025
50.8	33.8	0.16543	7.2525	0.16543	0.025
50.7	35.9	0.38284	23.87	0.38284	0.025
50.7	37.9	0.42066	37.342	0.42066	0.025
52	33.5	0.099654	0.34703	0.099654	0.025
52	35.6	0.22481	17.262	0.22481	0.025
52	37.6	0.28038	47.171	0.28038	0.025
53.2	33.2	0.037976	167.66	0.037976	0.025
53.3	35.2	0.12544	10.296	0.12544	0.025
53.4	37.3	0.20208	50.109	0.20208	0.025
54.4	32.9	0.028206	144.46	0.028206	0.025
54.5	35	0.091434	1.1566	0.091434	0.025
54.7	37	0.15479	35.322	0.15479	0.025
54.8	39	0.30941	52.146	0.30941	0.025
55.8	34.7	0.087241	174.62	0.087241	0.025
55.9	36.7	0.17595	14.862	0.17595	0.025
56.1	38.6	0.30731	35.901	0.30731	0.025
57	34.3	0.07425	171.21	0.07425	0.025
57.2	36.4	0.19968	7.0531	0.19968	0.025
57.4	38.3	0.29986	24.008	0.29986	0.025
58.2	34	0.051705	171.22	0.051705	0.025
58.4	36	0.13944	4.191	0.13944	0.025
58.7	38	0.2178	16.666	0.2178	0.025
59.1	40	0.22241	18.117	0.22241	0.025
59.7	35.7	0.074005	6.1506	0.074005	0.025
60	37.6	0.11851	15.34	0.11851	0.025
60.4	39.6	0.11438	17.89	0.11438	0.025
60.9	35.3	0.032935	11.272	0.032935	0.025
61.3	37.3	0.050884	17.249	0.050884	0.025
61.7	39.2	0.051219	21.8	0.051219	0.025
62.1	35	0.010389	17.561	0.010389	0.025
62.5	36.9	0.019554	21.406	0.019554	0.025
63	38.8	0.019421	26.471	0.019421	0.025
63.5	40.8	0.011807	58.059	0.011807	0.025
63.7	36.6	0.007059	23.764	0.007059	0.025
64.3	38.5	0.00782	24.477	0.00782	0.025
-2.5	15	0.001742	134.16	0.001742	0.025
1.4	13	0.001058	137.74	0.001058	0.025
0.1	14.2	0.001801	136.76	0.001801	0.025
-1.2	15.4	0.001913	138.06	0.001913	0.025
2.7	13.4	0.000869	140.03	0.000869	0.025
1.4	14.6	0.001473	139.13	0.001473	0.025
0	15.9	0.001761	140.51	0.001761	0.025
4	13.7	0.000191	173.66	0.000191	0.025
2.7	15	0.001023	143.48	0.001023	0.025
1.4	16.3	0.000918	143.07	0.000918	0.025
0	17.6	0.001584	153.61	0.001584	0.025
4	15.4	9.7e-05	86.204	9.7e-05	0.025
2.7	16.7	0.000779	139.78	0.000779	0.025
1.3	18	0.001301	135.37	0.001301	0.025
5.3	15.7	0.001097	48.735	0.001097	0.025
4	17	0.001549	130.5	0.001549	0.025
2.7	18.4	0.003277	127.77	0.003277	0.025
6.7	16	0.001166	47.652	0.001166	0.025
5.3	17.4	0.001817	131.6	0.001817	0.025
4	18.7	0.009263	132.89	0.009263	0.025
2.6	20.1	0.01559	119.86	0.01559	0.025
6.7	17.7	0.001631	148.01	0.001631	0.025
5.3	19.1	0.014985	137.49	0.014985	0.025
4	20.5	0.036818	125.61	0.036818	0.025
8	18	0.002213	173.67	0.002213	0.025
6.7	19.4	0.019065	148.74	0.019065	0.025
5.3	20.8	0.052623	133.47	0.052623	0.025
9.4	18.2	0.00268	8.7996	0.00268	0.025
8	19.7	0.017484	161.87	0.017484	0.025
6.7	21.1	0.066696	145.1	0.066696	0.025
5.3	22.6	0.10904	113.25	0.10904	0.025
9.4	20	0.014539	171.77	0.014539	0.025
8	21.4	0.080274	150.45	0.080274	0.025
6.7	22.9	0.18373	129.49	0.18373	0.025
10.7	20.2	0.009789	5.0861	0.009789	0.025
9.4	21.7	0.068326	152.83	0.068326	0.025
8.1	23.2	0.26928	136.07	0.26928	0.025
12.1	20.4	0.005851	25.907	0.005851	0.025
10.7	22	0.033167	160.91	0.033167	0.025
9.4	23.5	0.24157	138.17	0.24157	0.025
8.1	25	0.48396	130.13	0.48396	0.025
12.1	22.2	0.014276	3.1508	0.014276	0.025
10.8	23.7	0.15073	138.63	0.15073	0.025
9.4	25.3	0.45317	133.31	0.45317	0.025
13.5	22.4	0.010793	36.896	0.010793	0.025
12.2	24	0.070417	137.89	0.070417	0.025
10.8	25.5	0.37005	133.14	0.37005	0.025
14.8	22.6	0.010384	51.877	0.010384	0.025
13.6	24.1	0.021587	129.55	0.021587	0.025
12.2	25.8	0.25685	131.45	0.25685	0.025
10.9	27.4	0.47354	133.61	0.47354	0.025
14.9	24.3	0.012279	83.928	0.012279	0.025
13.7	26	0.17036	129.64	0.17036	0.025
12.3	27.6	0.42512	132.34	0.42512	0.025
16.3	24.5	0.016403	64.548	0.016403	0.025
15	26.2	0.092196	127.18	0.092196	0.025
13.8	27.8	0.34366	131	0.34366	0.025
17.7	24.6	0.015395	54.902	0.015395	0.025
16.4	26.3	0.040295	118.84	0.040295	0.025
15.2	28	0.26658	130.21	0.26658	0.025
19.1	24.7	0.011797	54.141	0.011797	0.025
17.8	26.4	0.027805	90.736	0.027805	0.025
16.6	28.2	0.16761	127.97	0.16761	0.025
15.3	29.8	0.34625	135.45	0.34625	0.025
19.2	26.5	0.035582	79.97	0.035582	0.025
18	28.3	0.1074	120.31	0.1074	0.025
16.7	30	0.29491	134.84	0.29491	0.025
20.6	26.6	0.029395	78.305	0.029395	0.025
19.4	28.4	0.076417	103.59	0.076417	0.025
18.2	30.1	0.23	130.7	0.23	0.025
22	26.7	0.014266	76.13	0.014266	0.025
20.8	28.5	0.066235	97.768	0.066235	0.025
19.7	30.2	0.18505	126.85	0.18505	0.025
18.4	32	0.35347	149.11	0.35347	0.025
22.2	28.6	0.038385	106.77	0.038385	0.025
21.1	30.3	0.14253	130.82	0.14253	0.025
19.9	32.1	0.29519	148.04	0.29519	0.025
23.6	28.6	0.035102	142.62	0.035102	0.025
22.5	30.4	0.13341	147.75	0.13341	0.025
21.4	32.2	0.28201	154.36	0.28201	0.025
25	28.6	0.063573	159.82	0.063573	0.025
23.9	30.5	0.20275	162.73	0.20275	0.025
22.8	32.3	0.35027	161.75	0.35027	0.025
21.7	34.1	0.066162	174.54	0.066162	0.025
25.4	30.5	0.32474	169.08	0.32474	0.025
24.3	32.3	0.48437	165.34	0.48437	0.025
23.2	34.2	0.087661	8.6723	0.087661	0.025
26.8	30.5	0.38507	171.37	0.38507	0.025
25.7	32.3	0.63326	169.02	0.63326	0.025
24.7	34.2	0.083727	155.14	0.083727	0.025
28.1	30.5	0.34801	174.46	0.34801	0.025
27.2	32.4	0.65983	174.83	0.65983	0.025
26.2	34.2	0.091816	157.69	0.091816	0.025
25.1	36.1	1.0691	71.259	1.0691	0.025
28.6	32.4	0.44407	6.4618	0.44407	0.025
27.6	34.2	0.19596	44.733	0.19596	0.025
26.6	36.1	1.0432	71.945	1.0432	0.025
30	32.3	0.27572	37.02	0.27572	0.025
29.1	34.2	0.56468	58.695	0.56468	0.025
28.1	36.1	1.4412	68.38	1.4412	0.025
31.4	32.2	0.50512	60.631	0.50512	0.025
30.5	34.2	0.84725	64.546	0.84725	0.025
29.6	36.1	1.963	67.877	1.963	0.025
32.8	32.1	0.58843	61.796	0.58843	0.025
32	34.1	1.0351	66.727	1.0351	0.025
31.1	36.1	1.7753	69.111	1.7753	0.025
30.2	38	3.169	68.448	3.169	0.025
33.4	34	0.86303	67.861	0.86303	0.025
32.6	36	1.6118	72.434	1.6118	0.025
31.8	38	2.9213	70.191	2.9213	0.025
34.8	33.9	0.54503	68.342	0.54503	0.025
34.1	35.9	1.0225	78.766	1.0225	0.025
33.3	37.9	1.9934	73.239	1.9934	0.025
36.2	33.8	0.33731	68.846	0.33731	0.025
35.5	35.8	0.60872	86.883	0.60872	0.025
34.8	37.8	0.92042	78.36	0.92042	0.025
34.1	39.7	0.88892	51.294	0.88892	0.025
36.9	35.7	0.37606	91.071	0.37606	0.025
36.3	37.7	0.22479	101.64	0.22479	0.025
35.6	39.7	0.87132	22.617	0.87132	0.025
38.4	35.5	0.26114	78.935	0.26114	0.025
37.8	37.5	0.10919	128.63	0.10919	0.025
37.1	39.5	1.0645	12.27	1.0645	0.025
39.8	35.3	0.31948	63.612	0.31948	0.025
39.2	37.3	0.067702	53.411	0.067702	0.025
38.7	39.4	1.0496	10.539	1.0496	0.025
38.1	41.4	1.9575	19.379	1.9575	0.025
40.7	37.2	0.19955	43.336	0.19955	0.025
40.2	39.2	0.64956	11.691	0.64956	0.025
39.7	41.2	1.6203	21.835	1.6203	0.025
42.1	37	0.34035	30.065	0.34035	0.025
41.6	39	0.58424	12.391	0.58424	0.025
41.2	41	1.1867	24.702	1.1867	0.025
43.5	36.8	0.52765	30.805	0.52765	0.025
43.1	38.8	0.67831	18.07	0.67831	0.025
42.7	40.8	1.0949	27.923	1.0949	0.025
42.3	42.8	1.1098	30.087	1.1098	0.025
44.5	38.6	0.82866	26.254	0.82866	0.025
44.2	40.7	1.0046	29.922	1.0046	0.025
43.9	42.7	0.86821	32.535	0.86821	0.025
46	38.3	0.90001	30.69	0.90001	0.025
45.7	40.4	0.73534	32.389	0.73534	0.025
45.5	42.4	0.51368	35.911	0.51368	0.025
47.4	38.1	0.82633	30.633	0.82633	0.025
47.2	40.1	0.54882	26.998	0.54882	0.025
47	42.2	0.26106	40.468	0.26106	0.025
46.8	44.2	0.14683	34.424	0.14683	0.025
48.6	39.9	0.33364	21.95	0.33364	0.025
48.5	41.9	0.1364	49.943	0.1364	0.025
48.4	43.9	0.10754	41.263	0.10754	0.025
50	39.6	0.22332	42.614	0.22332	0.025
50	41.6	0.16873	71.045	0.16873	0.025
49.9	43.6	0.13452	49.327	0.13452	0.025
51.4	39.3	0.29494	62.112	0.29494	0.025
51.4	41.4	0.21341	68.77	0.21341	0.025
51.5	43.3	0.19482	46.622	0.19482	0.025
52.8	39	0.34023	66.257	0.34023	0.025
52.9	41	0.24328	63.269	0.24328	0.025
53	43	0.25877	39.276	0.25877	0.025
53.1	45	0.35013	32.011	0.35013	0.025
54.3	40.7	0.27094	49.428	0.27094	0.025
54.4	42.7	0.3167	31.113	0.3167	0.025
54.6	44.7	0.34663	27.108	0.34663	0.025
55.7	40.4	0.34074	36.048	0.34074	0.025
55.9	42.3	0.34676	24.795	0.34676	0.025
56.1	44.3	0.30575	21.835	0.30575	0.025
57.1	40.1	0.35758	26.643	0.35758	0.025
57.3	42	0.31113	20.511	0.31113	0.025
57.6	43.9	0.22398	17.778	0.22398	0.025
58	45.9	0.13514	20.188	0.13514	0.025
58.7	41.7	0.20564	17.481	0.20564	0.025
59.1	43.6	0.11052	15.992	0.11052	0.025
59.5	45.5	0.042568	20.809	0.042568	0.025
60.1	41.3	0.10454	17.818	0.10454	0.025
60.5	43.2	0.032993	21.185	0.032993	0.025
61	45.1	0.010444	86.202	0.010444	0.025
61.5	40.9	0.040649	23.681	0.040649	0.025
62	42.8	0.011942	64.459	0.011942	0.025
62.5	44.7	0.022119	96.926	0.022119	0.025
63	46.5	0.02475	99.128	0.02475	0.025
63.4	42.4	0.016946	83.726	0.016946	0.025
63.9	44.3	0.024063	98.311	0.024063	0.025
64.5	46.1	0.021825	95.506	0.021825	0.025
64.7	42	0.015089	86.665	0.015089	0.025
-5.5	16.9	0.001435	93.329	0.001435	0.025
-6.8	18.1	0.001348	73.614	0.001348	0.025
-2.9	16.2	0.001319	139.86	0.001319	0.025
-4.2	17.4	0.000783	123	0.000783	0.025
-5.6	18.6	0.000452	67.91	0.000452	0.025
-6.9	19.8	0.001421	51.234	0.001421	0.025
-3	17.9	0.001794	150.85	0.001794	0.025
-4.3	19.1	0.000994	153.43	0.000994	0.025
-5.7	20.3	0.000595	15.632	0.000595	0.025
-1.6	18.4	0.001941	152.01	0.001941	0.025
-3	19.6	0.001269	146.16	0.001269	0.025
-4.4	20.8	0.000794	155.59	0.000794	0.025
-0.3	18.8	0.001511	139.34	0.001511	0.025
-1.7	20.1	0.001065	126	0.001065	0.025
-3.1	21.4	0.000947	126.08	0.000947	0.025
1	19.2	0.002785	125.68	0.002785	0.025
-0.4	20.5	0.001878	126.94	0.001878	0.025
-1.8	21.8	0.00133	145.24	0.00133	0.025
-3.2	23.1	0.003906	146.04	0.003906	0.025
0.9	21	0.007764	115.14	0.007764	0.025
-0.4	22.3	0.004171	123.64	0.004171	0.025
-1.9	23.6	0.001893	134.39	0.001893	0.025
2.3	21.4	0.030325	113	0.030325	0.025
0.9	22.7	0.020098	101.07	0.020098	0.025
-0.5	24.1	0.013458	76.394	0.013458	0.025
3.6	21.8	0.064479	112.81	0.064479	0.025
2.2	23.1	0.064206	95.681	0.064206	0.025
0.8	24.5	0.047253	80.258	0.047253	0.025
-0.6	25.9	0.043993	65.491	0.043993	0.025
3.6	23.5	0.12053	95.383	0.12053	0.025
2.2	24.9	0.092548	87.135	0.092548	0.025
0.7	26.3	0.057863	71.144	0.057863	0.025
5	23.9	0.17203	104.57	0.17203	0.025
3.5	25.3	0.13527	97.349	0.13527	0.025
2.1	26.8	0.07395	93.069	0.07395	0.025
6.3	24.2	0.30911	119.69	0.30911	0.025
5	25.7	0.20635	107.58	0.20635	0.025
3.5	27.1	0.11994	106.57	0.11994	0.025
2	28.6	0.022359	97.272	0.022359	0.025
6.3	26	0.33646	115.44	0.33646	0.025
4.9	27.5	0.18348	106.27	0.18348	0.025
3.4	29	0.05739	109.28	0.05739	0.025
7.7	26.4	0.43596	123.79	0.43596	0.025
6.3	27.9	0.27435	106.26	0.27435	0.025
4.9	29.3	0.15145	102.2	0.15145	0.025
9.1	26.6	0.48735	131.24	0.48735	0.025
7.7	28.2	0.29191	114.95	0.29191	0.025
6.3	29.7	0.25416	100.91	0.25416	0.025
4.9	31.2	0.036104	104	0.036104	0.025
9.2	28.5	0.32158	130.05	0.32158	0.025
7.7	30	0.22966	105.32	0.22966	0.025
6.3	31.6	0.14754	112.1	0.14754	0.025
10.6	28.7	0.40917	135.18	0.40917	0.025
9.2	30.3	0.1736	123.32	0.1736	0.025
7.7	31.9	0.16179	128.76	0.16179	0.025
12	29	0.43574	134.64	0.43574	0.025
10.7	30.6	0.2278	136.7	0.2278	0.025
9.2	32.2	0.2056	150.02	0.2056	0.025
7.8	33.8	0.57839	140.57	0.57839	0.025
12.1	30.9	0.30818	141.01	0.30818	0.025
10.8	32.5	0.3033	158.6	0.3033	0.025
9.3	34.1	0.55785	140.36	0.55785	0.025
13.6	31.1	0.38163	145.39	0.38163	0.025
12.2	32.7	0.43274	162.68	0.43274	0.025
10.8	34.4	0.44754	144.02	0.44754	0.025
15.1	31.3	0.39824	149.35	0.39824	0.025
13.7	33	0.58096	165.1	0.58096	0.025
12.3	34.7	0.39764	146.32	0.39764	0.025
16.6	31.4	0.37759	148.94	0.37759	0.025
15.2	33.2	0.6371	165.09	0.6371	0.025
13.9	34.9	0.38802	150.41	0.38802	0.025
12.5	36.6	0.43925	98.452	0.43925	0.025
16.8	33.3	0.56358	160.24	0.56358	0.025
15.4	35.1	0.35821	134.39	0.35821	0.025
14	36.8	0.46448	95.176	0.46448	0.025
18.2	33.5	0.45106	153.5	0.45106	0.025
17	35.2	0.46298	119.04	0.46298	0.025
15.6	37	0.82541	97.386	0.82541	0.025
19.7	33.6	0.29581	150.25	0.29581	0.025
18.5	35.4	0.64367	108.29	0.64367	0.025
17.2	37.2	1.209	97.169	1.209	0.025
15.9	38.9	0.70508	86.477	0.70508	0.025
20	35.5	0.67504	98.498	0.67504	0.025
18.8	37.3	1.3246	95.673	1.3246	0.025
17.5	39.1	1.2191	89.962	1.2191	0.025
21.6	35.6	0.6003	81.781	0.6003	0.025
20.4	37.5	1.4783	92.727	1.4783	0.025
19.1	39.3	1.4498	87.252	1.4498	0.025
23.1	35.7	0.64533	76.158	0.64533	0.025
21.9	37.5	1.4682	87.21	1.4682	0.025
20.7	39.4	1.4832	81.845	1.4832	0.025
19.5	41.2	1.2611	74.902	1.2611	0.025
23.5	37.6	1.5235	77.922	1.5235	0.025
22.4	39.5	1.423	76.259	1.423	0.025
21.1	41.3	1.4452	68.961	1.4452	0.025
25.1	37.6	1.8972	72.99	1.8972	0.025
24	39.5	1.7252	72.478	1.7252	0.025
22.8	41.4	1.6274	68.633	1.6274	0.025
26.6	37.7	2.139	68.705	2.139	0.025
25.6	39.6	2.0141	69.338	2.0141	0.025
24.5	41.5	1.6203	68.967	1.6203	0.025
23.3	43.4	1.2016	72.162	1.2016	0.025
27.2	39.6	2.4542	67.37	2.4542	0.025
26.2	41.5	1.8117	67.976	1.8117	0.025
25.1	43.4	1.1535	70.442	1.1535	0.025
28.8	39.6	2.7817	67.623	2.7817	0.025
27.8	41.5	1.8591	66.623	1.8591	0.025
26.8	43.4	1.2219	68.449	1.2219	0.025
30.4	39.5	2.6906	67.98	2.6906	0.025
29.5	41.5	1.9582	65.23	1.9582	0.025
28.5	43.5	1.257	67.119	1.257	0.025
32	39.5	2.0961	68.55	2.0961	0.025
31.1	41.4	1.6553	61.064	1.6553	0.025
30.2	43.4	1.1364	62.627	1.1364	0.025
29.2	45.4	0.65778	63.407	0.65778	0.025
32.7	41.4	1.1319	46.534	1.1319	0.025
31.9	43.3	0.72093	46.27	0.72093	0.025
31	45.3	0.42005	50.828	0.42005	0.025
34.3	41.3	1.2487	26.071	1.2487	0.025
33.6	43.3	0.77313	23.165	0.77313	0.025
32.8	45.2	0.32198	26.788	0.32198	0.025
35.9	41.2	1.7287	19.096	1.7287	0.025
35.2	43.2	1.1502	18	1.1502	0.025
34.5	45.2	0.49142	5.5845	0.49142	0.025
33.7	47.1	0.43075	173.82	0.43075	0.025
36.9	43	1.4792	18.706	1.4792	0.025
36.2	45.1	0.62596	1.3797	0.62596	0.025
35.5	47	0.42657	174.07	0.42657	0.025
38.5	42.9	1.5833	20.799	1.5833	0.025
37.9	44.9	0.69141	6.6663	0.69141	0.025
37.3	46.9	0.32051	171.7	0.32051	0.025
40.1	42.7	1.431	24.595	1.431	0.025
39.6	44.7	0.63671	13.89	0.63671	0.025
39.1	46.7	0.11862	167.13	0.11862	0.025
38.5	48.7	0.12508	40.769	0.12508	0.025
41.3	44.6	0.53127	24.757	0.53127	0.025
40.8	46.5	0.05454	51.671	0.05454	0.025
40.4	48.6	0.15596	64.76	0.15596	0.025
42.9	44.4	0.50264	31.682	0.50264	0.025
42.6	46.4	0.097641	47.05	0.097641	0.025
42.2	48.3	0.10942	48.3	0.10942	0.025
44.5	44.1	0.37802	34.983	0.37802	0.025
44.2	46.1	0.12987	28.678	0.12987	0.025
43.9	48.1	0.12604	20.702	0.12604	0.025
43.6	50.1	0.17004	28.064	0.17004	0.025
45.9	45.9	0.12606	23.29	0.12606	0.025
45.7	47.9	0.15998	15.399	0.15998	0.025
45.5	49.9	0.18092	21.793	0.18092	0.025
47.6	45.6	0.16257	26.537	0.16257	0.025
47.4	47.6	0.20457	24.94	0.20457	0.025
47.3	49.6	0.19834	27.116	0.19834	0.025
49.2	45.3	0.20244	34.517	0.20244	0.025
49.1	47.3	0.29207	32.182	0.29207	0.025
49.1	49.3	0.27422	32.854	0.27422	0.025
49	51.3	0.20356	38.15	0.20356	0.025
50.8	47	0.34299	33.781	0.34299	0.025
50.8	49	0.33087	34.58	0.33087	0.025
50.9	50.9	0.2353	37.745	0.2353	0.025
52.4	46.7	0.35654	32.772	0.35654	0.025
52.6	48.6	0.34943	34.659	0.34943	0.025
52.7	50.6	0.26462	38.83	0.26462	0.025
54.1	46.4	0.35502	29.392	0.35502	0.025
54.2	48.3	0.29513	33.495	0.29513	0.025
54.5	50.2	0.24033	40.633	0.24033	0.025
55.6	46	0.28215	24.94	0.28215	0.025
55.9	47.9	0.21435	30.463	0.21435	0.025
56.2	49.9	0.16161	42.235	0.16161	0.025
56.5	51.7	0.1673	61.524	0.1673	0.025
57.5	47.5	0.12256	28.256	0.12256	0.025
57.9	49.4	0.089561	46.894	0.089561	0.025
58.3	51.3	0.11179	68.658	0.11179	0.025
59.1	47.2	0.040127	33.736	0.040127	0.025
59.6	49	0.039237	64.435	0.039237	0.025
60	50.9	0.062799	78.72	0.062799	0.025
60.7	46.8	0.017949	84.234	0.017949	0.025
61.2	48.6	0.028232	84.474	0.028232	0.025
61.7	50.4	0.034839	82.819	0.034839	0.025
62.3	52.3	0.037847	83.507	0.037847	0.025
62.8	48.2	0.020785	91.737	0.020785	0.025
63.4	50	0.021024	74.979	0.021024	0.025
64.1	51.8	0.024371	71.946	0.024371	0.025
64.4	47.7	0.017803	87.995	0.017803	0.025
65.1	49.5	0.018283	67.397	0.018283	0.025
65.8	51.3	0.022197	64.692	0.022197	0.025
-8.4	18.7	0.000748	63.79	0.000748	0.025
-9.8	19.9	0.001297	4.3286	0.001297	0.025
-11.2	21	0.002242	170.95	0.002242	0.025
-12.6	22.1	0.002355	155.62	0.002355	0.025
-8.6	20.4	0.001233	30.992	0.001233	0.025
-10	21.6	0.00244	169.43	0.00244	0.025
-11.4	22.8	0.001985	165.83	0.001985	0.025
-7.3	21	0.001368	34.338	0.001368	0.025
-8.7	22.2	0.00125	6.9923	0.00125	0.025
-10.2	23.4	0.000888	6.1456	0.000888	0.025
-6.1	21.6	0.000954	6.6347	0.000954	0.025
-7.5	22.8	0.001171	21.209	0.001171	0.025
-8.9	24	0.000832	12.762	0.000832	0.025
-10.4	25.2	0.001546	153.26	0.001546	0.025
-6.2	23.4	0.00284	151.18	0.00284	0.025
-7.7	24.6	0.004774	151.7	0.004774	0.025
-9.2	25.8	0.007917	141.11	0.007917	0.025
-4.9	23.9	0.007276	150.19	0.007276	0.025
-6.4	25.2	0.011076	156.44	0.011076	0.025
-7.9	26.4	0.01351	148.22	0.01351	0.025
-3.6	24.4	0.005407	152.91	0.005407	0.025
-5.1	25.7	0.012299	167.97	0.012299	0.025
-6.6	27	0.012931	169.53	0.012931	0.025
-2.3	24.9	0.008609	67.269	0.008609	0.025
-3.7	26.2	0.009874	33.06	0.009874	0.025
-5.3	27.5	0.022262	18.195	0.022262	0.025
-6.8	28.8	0.006549	149.93	0.006549	0.025
-2.4	26.7	0.029388	55.289	0.029388	0.025
-3.9	28	0.0286	25.005	0.0286	0.025
-5.5	29.4	0.021411	169.41	0.021411	0.025
-1.1	27.2	0.038761	53.194	0.038761	0.025
-2.6	28.6	0.033642	14.267	0.033642	0.025
-4.1	29.9	0.053118	163.75	0.053118	0.025
0.3	27.7	0.040686	51.698	0.040686	0.025
-1.2	29.1	0.074647	14.91	0.074647	0.025
-2.7	30.4	0.090312	0.55817	0.090312	0.025
-4.3	31.8	0.020888	113.37	0.020888	0.025
0.2	29.5	0.11023	21.526	0.11023	0.025
-1.4	30.9	0.16247	23.812	0.16247	0.025
-2.9	32.3	0.17989	51.084	0.17989	0.025
1.6	29.9	0.097009	25.614	0.097009	0.025
0.1	31.4	0.2907	31.654	0.2907	0.025
-1.5	32.8	0.43504	50.563	0.43504	0.025
3.1	30.4	0.067214	23.397	0.067214	0.025
1.5	31.8	0.37388	28.056	0.37388	0.025
-0.1	33.3	0.55276	46.757	0.55276	0.025
-1.7	34.7	0.71312	43.658	0.71312	0.025
3	32.2	0.30843	21.964	0.30843	0.025
1.4	33.7	0.54612	41.427	0.54612	0.025
-0.2	35.2	0.78165	36.928	0.78165	0.025
4.4	32.6	0.15001	178.41	0.15001	0.025
2.9	34.1	0.20808	31.761	0.20808	0.025
1.3	35.6	0.55779	30.717	0.55779	0.025
5.9	33	0.27747	143.78	0.27747	0.025
4.4	34.6	0.51455	137.24	0.51455	0.025
2.8	36.1	0.48128	156.28	0.48128	0.025
1.2	37.6	1.0675	1.3129	1.0675	0.025
5.9	34.9	1.0039	134.22	1.0039	0.025
4.3	36.5	1.2235	140.47	1.2235	0.025
2.7	38	1.523	164.71	1.523	0.025
7.4	35.2	1.086	129.93	1.086	0.025
5.9	36.8	1.4444	134.26	1.4444	0.025
4.2	38.4	1.8898	154.12	1.8898	0.025
9	35.6	0.86079	123.32	0.86079	0.025
7.5	37.2	0.99296	127.08	0.99296	0.025
5.8	38.8	1.4089	150.29	1.4089	0.025
4.2	40.4	1.4729	166.36	1.4729	0.025
9	37.5	0.51833	111.6	0.51833	0.025
7.5	39.1	0.73736	145.45	0.73736	0.025
5.8	40.7	1.3012	162.61	1.3012	0.025
10.6	37.8	0.33009	82.999	0.33009	0.025
9.1	39.4	0.36029	153.11	0.36029	0.025
7.5	41.1	1.0399	158.86	1.0399	0.025
12.2	38.1	0.31498	63.64	0.31498	0.025
10.7	39.8	0.43312	178.95	0.43312	0.025
9.1	41.4	0.906	159.03	0.906	0.025
13.8	38.3	0.28289	71.09	0.28289	0.025
12.3	40	0.54923	6.6929	0.54923	0.025
10.8	41.7	0.7667	161.76	0.7667	0.025
9.2	43.4	0.73254	144.45	0.73254	0.025
14	40.2	0.36069	17.098	0.36069	0.025
12.5	42	0.55815	159.19	0.55815	0.025
10.9	43.7	0.44822	127.72	0.44822	0.025
15.7	40.4	0.44967	73.19	0.44967	0.025
14.2	42.2	0.3346	117.5	0.3346	0.025
12.7	43.9	0.62082	103.69	0.62082	0.025
17.3	40.6	1.0839	80.944	1.0839	0.025
15.9	42.4	0.82221	87.283	0.82221	0.025
14.5	44.2	0.98594	96.71	0.98594	0.025
12.9	45.9	0.29064	112.3	0.29064	0.025
17.6	42.6	1.1519	80.459	1.1519	0.025
16.2	44.4	1.1905	91.846	1.1905	0.025
14.7	46.1	0.26899	113.45	0.26899	0.025
19.4	42.7	1.3432	77.704	1.3432	0.025
18	44.6	1.1579	86.798	1.1579	0.025
16.5	46.4	0.22186	114.75	0.22186	0.025
21.1	42.8	1.4484	73.286	1.4484	0.025
19.8	44.7	0.94763	86.99	0.94763	0.025
18.4	46.5	0.44228	125.85	0.44228	0.025
16.9	48.3	0.68897	160.28	0.68897	0.025
21.6	44.8	0.62389	87.975	0.62389	0.025
20.2	46.7	0.8772	128.39	0.8772	0.025
18.8	48.5	1.0281	143.79	1.0281	0.025
23.3	44.9	0.44658	84.574	0.44658	0.025
22.1	46.7	0.79683	130.95	0.79683	0.025
20.8	48.6	1.102	139.13	1.102	0.025
25.1	45	0.46563	71.989	0.46563	0.025
23.9	46.8	0.51093	133.63	0.51093	0.025
22.7	48.7	0.87885	137.27	0.87885	0.025
21.3	50.6	1.0414	143.97	1.0414	0.025
25.8	46.9	0.26072	115.06	0.26072	0.025
24.6	48.8	0.59508	131.9	0.59508	0.025
23.4	50.7	0.80638	140.04	0.80638	0.025
27.6	46.9	0.29236	86.267	0.29236	0.025
26.5	48.8	0.44014	122.67	0.44014	0.025
25.4	50.7	0.58799	135.93	0.58799	0.025
29.5	46.9	0.16821	71.587	0.16821	0.025
28.4	48.8	0.30223	124.35	0.30223	0.025
27.3	50.8	0.40851	134.24	0.40851	0.025
31.3	46.8	0.14797	9.6212	0.14797	0.025
30.4	48.8	0.25106	152.86	0.25106	0.025
29.4	50.7	0.25068	139.58	0.25068	0.025
28.3	52.7	0.098175	138.42	0.098175	0.025
32.2	48.7	0.33358	171.2	0.33358	0.025
31.4	50.7	0.1516	165.88	0.1516	0.025
30.4	52.6	0.1617	65.943	0.1617	0.025
34.1	48.7	0.45149	177.78	0.45149	0.025
33.3	50.6	0.26053	6.938	0.26053	0.025
32.4	52.6	0.24456	56.15	0.24456	0.025
36	48.5	0.365	2.2145	0.365	0.025
35.3	50.5	0.27057	12.294	0.27057	0.025
34.5	52.5	0.20474	54.12	0.20474	0.025
33.7	54.4	0.4444	60.712	0.4444	0.025
37.2	50.4	0.089171	35.471	0.089171	0.025
36.5	52.4	0.15437	89.492	0.15437	0.025
35.8	54.3	0.23139	74.328	0.23139	0.025
39.1	50.2	0.15725	77.756	0.15725	0.025
38.5	52.2	0.28847	101.47	0.28847	0.025
37.9	54.2	0.21514	101.97	0.21514	0.025
41	50	0.15435	68.471	0.15435	0.025
40.5	52	0.22129	101.04	0.22129	0.025
40	54	0.17226	120.03	0.17226	0.025
39.5	55.9	0.1779	11.028	0.1779	0.025
42.5	51.8	0.046379	47.339	0.046379	0.025
42.1	53.7	0.14738	152.92	0.14738	0.025
41.7	55.7	0.28564	0.93184	0.28564	0.025
44.4	51.6	0.16769	24.636	0.16769	0.025
44.1	53.5	0.14249	2.958	0.14249	0.025
43.8	55.4	0.26587	2.3776	0.26587	0.025
46.3	51.3	0.19747	29.884	0.19747	0.025
46.1	53.3	0.14616	27.84	0.14616	0.025
46	55.2	0.16323	14.113	0.16323	0.025
45.8	57.1	0.25276	11.199	0.25276	0.025
48.1	52.9	0.17013	41.655	0.17013	0.025
48	54.9	0.092748	33.294	0.092748	0.025
47.9	56.8	0.14858	7.7711	0.14858	0.025
50.1	52.6	0.16909	44.963	0.16909	0.025
50.1	54.5	0.072142	54.131	0.072142	0.025
50.1	56.5	0.069979	172.95	0.069979	0.025
52	52.3	0.16509	46.325	0.16509	0.025
52.1	54.2	0.093344	67.19	0.093344	0.025
52.2	56.1	0.039613	125.45	0.039613	0.025
52.4	58	0.14688	150.73	0.14688	0.025
54	53.8	0.13249	73.8	0.13249	0.025
54.3	55.7	0.1187	97.108	0.1187	0.025
54.5	57.6	0.14345	129.13	0.14345	0.025
55.9	53.4	0.16421	77.181	0.16421	0.025
56.3	55.3	0.18521	95.323	0.18521	0.025
56.7	57.1	0.14932	113.2	0.14932	0.025
57.8	53	0.15643	80.333	0.15643	0.025
58.2	54.9	0.1935	97.105	0.1935	0.025
58.7	56.7	0.1357	108.79	0.1357	0.025
59.6	52.5	0.10011	83.779	0.10011	0.025
60.2	54.4	0.12407	98.342	0.12407	0.025
60.7	56.2	0.095962	111.49	0.095962	0.025
61.4	58	0.040409	126.88	0.040409	0.025
62	53.9	0.054115	97.209	0.054115	0.025
62.7	55.7	0.04755	112.1	0.04755	0.025
63.4	57.5	0.019386	122.87	0.019386	0.025
63.8	53.4	0.023715	84.752	0.023715	0.025
64.6	55.1	0.021243	101.9	0.021243	0.025
65.4	56.9	0.010653	99.745	0.010653	0.025
65.6	52.9	0.02037	72.99	0.02037	0.025
66.4	54.6	0.018721	88.597	0.018721	0.025
67.3	56.3	0.012692	86.875	0.012692	0.025
-18.4	24.2	0.005704	160.98	0.005704	0.025
-14.3	22.7	0.006781	155.54	0.006781	0.025
-15.7	23.8	0.008218	163.81	0.008218	0.025
-17.2	24.9	0.002367	3.992	0.002367	0.025
-13.1	23.4	0.005435	159.08	0.005435	0.025
-14.6	24.5	0.007354	164.8	0.007354	0.025
-16.1	25.6	0.004884	44.202	0.004884	0.025
-11.9	24	0.002713	167.54	0.002713	0.025
-13.4	25.2	0.005245	166.72	0.005245	0.025
-14.9	26.3	0.009587	41.222	0.009587	0.025
-16.5	27.5	0.024986	42.916	0.024986	0.025
-12.2	25.8	0.003032	156.45	0.003032	0.025
-13.7	27	0.010197	30.177	0.010197	0.025
-15.3	28.2	0.037574	33.602	0.037574	0.025
-10.9	26.5	0.009518	131.39	0.009518	0.025
-12.5	27.7	0.007702	145.09	0.007702	0.025
-14.1	28.9	0.04121	25.528	0.04121	0.025
-9.7	27.1	0.021453	129	0.021453	0.025
-11.2	28.3	0.028987	124.34	0.028987	0.025
-12.8	29.5	0.019529	15.263	0.019529	0.025
-14.5	30.7	0.062102	23.15	0.062102	0.025
-10	29	0.042752	118.26	0.042752	0.025
-11.6	30.2	0.00209	137.84	0.00209	0.025
-13.2	31.4	0.053817	26.763	0.053817	0.025
-8.7	29.6	0.038816	114.92	0.038816	0.025
-10.3	30.8	0.01005	87.579	0.01005	0.025
-12	32.1	0.056436	31.095	0.056436	0.025
-7.3	30.1	0.039163	119.12	0.039163	0.025
-9	31.4	0.021994	108.52	0.021994	0.025
-10.7	32.7	0.064063	23.027	0.064063	0.025
-6	30.7	0.069224	132.36	0.069224	0.025
-7.6	32	0.07356	126.91	0.07356	0.025
-9.3	33.3	0.10492	179.93	0.10492	0.025
-11.1	34.6	0.071606	148.71	0.071606	0.025
-6.2	32.6	0.080137	122.45	0.080137	0.025
-7.9	33.9	0.17717	176.95	0.17717	0.025
-9.7	35.2	0.29566	165.88	0.29566	0.025
-4.9	33.2	0.11977	63.034	0.11977	0.025
-6.5	34.5	0.27202	10.86	0.27202	0.025
-8.3	35.8	0.49719	176.99	0.49719	0.025
-3.4	33.7	0.38327	51.469	0.38327	0.025
-5.1	35.1	0.44762	24.194	0.44762	0.025
-6.9	36.4	0.64004	9.5015	0.64004	0.025
-8.7	37.7	0.27774	160.71	0.27774	0.025
-3.7	35.6	0.68718	29.707	0.68718	0.025
-5.4	37	0.86602	18.058	0.86602	0.025
-7.2	38.4	0.31312	20.855	0.31312	0.025
-2.2	36.1	0.98846	27.847	0.98846	0.025
-3.9	37.5	1.1411	20.331	1.1411	0.025
-5.8	38.9	0.79904	25.827	0.79904	0.025
-0.7	36.6	1.1394	22.609	1.1394	0.025
-2.4	38	1.4518	20.052	1.4518	0.025
-4.2	39.5	1.0926	22.458	1.0926	0.025
-6.1	40.9	0.38608	39.387	0.38608	0.025
-0.9	38.5	1.4076	14.84	1.4076	0.025
-2.7	40	1.0469	17.804	1.0469	0.025
-4.6	41.4	0.48461	16.76	0.48461	0.025
0.6	39	1.3819	3.325	1.3819	0.025
-1.1	40.5	0.96598	11.886	0.96598	0.025
-3	41.9	0.59158	2.4879	0.59158	0.025
2.2	39.4	1.6534	171.52	1.6534	0.025
0.4	41	0.88799	5.5098	0.88799	0.025
-1.4	42.5	0.57822	176.61	0.57822	0.025
-3.3	43.9	0.65417	164.23	0.65417	0.025
2.1	41.4	0.95027	178.58	0.95027	0.025
0.2	42.9	0.50604	173.46	0.50604	0.025
-1.7	44.4	0.82004	161.9	0.82004	0.025
3.7	41.8	1.0398	172.38	1.0398	0.025
1.9	43.4	0.48052	172.44	0.48052	0.025
-0	44.9	0.80108	159.47	0.80108	0.025
5.4	42.2	1.0245	164.8	1.0245	0.025
3.6	43.8	0.52692	166.82	0.52692	0.025
1.7	45.4	0.63836	156.43	0.63836	0.025
-0.3	46.9	0.8168	156.63	0.8168	0.025
5.3	44.2	0.54337	157.18	0.54337	0.025
3.5	45.8	0.46766	148.86	0.46766	0.025
1.5	47.4	0.63673	148.95	0.63673	0.025
7	44.6	0.55273	148.47	0.55273	0.025
5.3	46.2	0.27854	147.83	0.27854	0.025
3.4	47.8	0.46003	139.04	0.46003	0.025
8.8	44.9	0.50802	139.14	0.50802	0.025
7.1	46.6	0.14614	172.68	0.14614	0.025
5.2	48.2	0.072406	146.4	0.072406	0.025
10.6	45.2	0.39908	124.43	0.39908	0.025
8.9	46.9	0.23372	12.016	0.23372	0.025
7.1	48.6	0.32517	39.118	0.32517	0.025
5.1	50.2	0.091476	89.288	0.091476	0.025
10.8	47.2	0.36268	9.9834	0.36268	0.025
9	48.9	0.58766	36.492	0.58766	0.025
7.1	50.6	0.3014	56.938	0.3014	0.025
12.6	47.4	0.52856	5.6317	0.52856	0.025
10.9	49.2	0.64573	27.183	0.64573	0.025
9.1	50.9	0.36255	48.403	0.36255	0.025
14.5	47.7	0.64372	1.55	0.64372	0.025
12.8	49.4	0.77351	12.929	0.77351	0.025
11.1	51.1	0.35613	24.044	0.35613	0.025
9.1	52.9	0.17271	82.942	0.17271	0.025
14.8	49.7	0.93317	0.39252	0.93317	0.025
13.1	51.4	0.56791	6.0474	0.56791	0.025
11.3	53.1	0.12371	164.47	0.12371	0.025
16.8	49.9	1.0018	162.63	1.0018	0.025
15.1	51.7	0.83509	170.11	0.83509	0.025
13.4	53.4	0.45527	162.68	0.45527	0.025
18.8	50	1.1479	149.77	1.1479	0.025
17.2	51.8	1.0065	159.58	1.0065	0.025
15.5	53.7	0.6863	159.94	0.6863	0.025
13.7	55.4	0.31823	152.38	0.31823	0.025
19.3	52	1.0609	150.83	1.0609	0.025
17.7	53.8	0.71727	154.12	0.71727	0.025
15.9	55.6	0.37713	149.37	0.37713	0.025
21.3	52.1	1.0352	146.19	1.0352	0.025
19.9	54	0.79494	147.37	0.79494	0.025
18.2	55.8	0.42953	141.78	0.42953	0.025
23.4	52.2	0.84512	145.11	0.84512	0.025
22	54.1	0.75211	144.74	0.75211	0.025
20.5	55.9	0.51048	138.28	0.51048	0.025
18.8	57.8	0.20201	152.58	0.20201	0.025
24.2	54.2	0.56426	147.51	0.56426	0.025
22.8	56	0.36689	139.54	0.36689	0.025
21.2	57.9	0.37732	161.99	0.37732	0.025
26.4	54.2	0.22356	153.23	0.22356	0.025
25.1	56.1	0.2957	164.47	0.2957	0.025
23.6	58	0.59942	174.53	0.59942	0.025
28.6	54.2	0.19989	58.083	0.19989	0.025
27.4	56.1	0.2757	23.547	0.2757	0.025
26	58	0.6866	6.7254	0.6866	0.025
30.7	54.1	0.46521	59.692	0.46521	0.025
29.7	56.1	0.54847	46.624	0.54847	0.025
28.5	58	0.65856	24.11	0.65856	0.025
27.2	59.9	1.0278	13.334	1.0278	0.025
31.9	56	0.69938	52.659	0.69938	0.025
30.9	57.9	0.69382	39.289	0.69382	0.025
29.7	59.9	0.83152	24.758	0.83152	0.025
34.2	55.9	0.5273	55.732	0.5273	0.025
33.3	57.8	0.65577	44.581	0.65577	0.025
32.3	59.8	0.69209	33.61	0.69209	0.025
36.4	55.8	0.27322	58.758	0.27322	0.025
35.6	57.7	0.52787	41.891	0.52787	0.025
34.8	59.7	0.65172	36.021	0.65172	0.025
33.8	61.6	0.70677	32.653	0.70677	0.025
38	57.6	0.42695	30.817	0.42695	0.025
37.3	59.5	0.56897	28.797	0.56897	0.025
36.5	61.4	0.64691	31.279	0.64691	0.025
40.3	57.3	0.41057	17.962	0.41057	0.025
39.7	59.3	0.51603	20.885	0.51603	0.025
39.1	61.3	0.55795	26.143	0.55795	0.025
42.6	57.1	0.37812	11.466	0.37812	0.025
42.2	59	0.42018	15.553	0.42018	0.025
41.7	61	0.40381	19.694	0.40381	0.025
41.2	62.9	0.38458	28.233	0.38458	0.025
44.5	58.8	0.32407	12.77	0.32407	0.025
44.2	60.7	0.29042	13.363	0.29042	0.025
43.9	62.6	0.22775	18.037	0.22775	0.025
46.8	58.5	0.24521	8.2666	0.24521	0.025
46.7	60.4	0.21778	7.1955	0.21778	0.025
46.5	62.3	0.14494	5.106	0.14494	0.025
49.1	58.1	0.1737	176.85	0.1737	0.025
49.1	60.1	0.16445	175.47	0.16445	0.025
49.1	61.9	0.10428	166.84	0.10428	0.025
49.1	63.8	0.033766	163.18	0.033766	0.025
51.5	59.7	0.14958	157.78	0.14958	0.025
51.6	61.6	0.10278	150.6	0.10278	0.025
51.8	63.4	0.021968	146.77	0.021968	0.025
53.8	59.2	0.15477	139.89	0.15477	0.025
54.1	61.1	0.087985	141.16	0.087985	0.025
54.4	63	0.008844	153.48	0.008844	0.025
56	58.8	0.14173	128.74	0.14173	0.025
56.4	60.6	0.058651	135.57	0.058651	0.025
56.9	62.5	0.003292	16.313	0.003292	0.025
57.4	64.3	0.012845	94.236	0.012845	0.025
58.7	60.1	0.036549	134.68	0.036549	0.025
59.3	61.9	0.002795	174.53	0.002795	0.025
60	63.7	0.010082	111.96	0.010082	0.025
60.9	59.6	0.023557	138.64	0.023557	0.025
61.7	61.4	0.008158	157.16	0.008158	0.025
62.5	63.1	0.007801	131.68	0.007801	0.025
63.1	59.1	0.010922	136.8	0.010922	0.025
63.9	60.8	0.009046	149.39	0.009046	0.025
64.8	62.5	0.0068	133.37	0.0068	0.025
65.2	58.5	0.005526	105.11	0.005526	0.025
66.1	60.2	0.005953	134.54	0.005953	0.025
67.1	61.9	0.005974	123.71	0.005974	0.025
68.2	63.6	0.006876	106.23	0.006876	0.025
68.2	59.6	0.003108	139.24	0.003108	0.025
-21.6	25.7	0.001283	149.98	0.001283	0.025
-23.1	26.8	0.003428	57.305	0.003428	0.025
-18.9	25.4	0.001963	164.53	0.001963	0.025
-20.5	26.5	0.001999	116.89	0.001999	0.025
-22.1	27.6	0.003854	63.586	0.003854	0.025
-17.8	26.2	0.007004	53.15	0.007004	0.025
-19.4	27.3	0.003428	76.217	0.003428	0.025
-21	28.3	0.004833	60.348	0.004833	0.025
-22.6	29.4	0.003547	32.139	0.003547	0.025
-18.3	28	0.010657	46.79	0.010657	0.025
-19.9	29.1	0.006686	56.963	0.006686	0.025
-21.5	30.2	0.002309	38.794	0.002309	0.025
-17.1	28.7	0.024011	33.58	0.024011	0.025
-18.8	29.9	0.007113	45.2	0.007113	0.025
-20.4	31	0.004878	173.91	0.004878	0.025
-15.9	29.5	0.043395	27.122	0.043395	0.025
-17.6	30.6	0.015808	22.339	0.015808	0.025
-19.3	31.7	0.015553	0.50919	0.015553	0.025
-21.1	32.8	0.020419	118.45	0.020419	0.025
-16.4	31.3	0.041959	22.052	0.041959	0.025
-18.1	32.5	0.031559	16.438	0.031559	0.025
-19.9	33.6	0.051491	100.95	0.051491	0.025
-15.1	32	0.061886	24.655	0.061886	0.025
-16.9	33.2	0.047365	38.157	0.047365	0.025
-18.7	34.3	0.10509	89.389	0.10509	0.025
-13.9	32.7	0.057765	39.744	0.057765	0.025
-15.6	33.9	0.11428	72.357	0.11428	0.025
-17.4	35.1	0.21629	84.717	0.21629	0.025
-19.3	36.2	0.31799	87.26	0.31799	0.025
-14.4	34.6	0.27686	85.306	0.27686	0.025
-16.2	35.8	0.42814	89.103	0.42814	0.025
-18.1	37	0.24318	72.575	0.24318	0.025
-13.1	35.3	0.40869	96.788	0.40869	0.025
-14.9	36.5	0.73122	97.545	0.73122	0.025
-16.8	37.7	0.1476	76.922	0.1476	0.025
-11.7	35.9	0.42795	116.68	0.42795	0.025
-13.6	37.2	0.9445	107.71	0.9445	0.025
-15.5	38.4	0.34889	117.34	0.34889	0.025
-10.3	36.6	0.45927	138.09	0.45927	0.025
-12.2	37.9	0.94303	117.2	0.94303	0.025
-14.1	39.1	0.65947	122.56	0.65947	0.025
-16.2	40.3	0.33022	152.57	0.33022	0.025
-10.8	38.5	0.783	122.82	0.783	0.025
-12.7	39.8	0.79221	124	0.79221	0.025
-14.8	41	0.45066	129.05	0.45066	0.025
-9.4	39.2	0.42624	121.3	0.42624	0.025
-11.3	40.4	0.72337	124.1	0.72337	0.025
-13.3	41.7	0.54768	124.43	0.54768	0.025
-7.9	39.7	0.16967	76.195	0.16967	0.025
-9.9	41.1	0.55517	116.33	0.55517	0.025
-11.9	42.4	0.46034	124.41	0.46034	0.025
-14	43.6	0.22858	133.45	0.22858	0.025
-8.4	41.7	0.33504	96.323	0.33504	0.025
-10.4	43	0.35487	117.56	0.35487	0.025
-12.5	44.3	0.15202	140.33	0.15202	0.025
-6.8	42.3	0.091174	63.841	0.091174	0.025
-8.9	43.6	0.27405	112.38	0.27405	0.025
-11	45	0.11272	131.34	0.11272	0.025
-5.3	42.8	0.30719	171.03	0.30719	0.025
-7.3	44.2	0.21103	138.43	0.21103	0.025
-9.4	45.6	0.16587	124.37	0.16587	0.025
-11.7	46.9	0.40511	172.04	0.40511	0.025
-5.7	44.8	0.41861	155.7	0.41861	0.025
-7.8	46.2	0.21393	146.19	0.21393	0.025
-10	47.5	0.21722	157.48	0.21722	0.025
-4	45.4	0.68461	162.22	0.68461	0.025
-6.1	46.8	0.36397	164.6	0.36397	0.025
-8.3	48.1	0.089224	125.48	0.089224	0.025
-2.3	45.9	0.92349	160.66	0.92349	0.025
-4.4	47.3	0.59465	166.93	0.59465	0.025
-6.6	48.7	0.08833	81.855	0.08833	0.025
-9	50.1	0.69541	109.34	0.69541	0.025
-2.7	47.9	0.72164	164.45	0.72164	0.025
-4.9	49.3	0.061183	66.345	0.061183	0.025
-7.2	50.7	0.70049	103.87	0.70049	0.025
-0.9	48.3	0.65474	160.86	0.65474	0.025
-3.1	49.8	0.1636	0.14456	0.1636	0.025
-5.4	51.3	0.58232	103.98	0.58232	0.025
0.9	48.8	0.58943	150.78	0.58943	0.025
-1.2	50.3	0.31367	173.5	0.31367	0.025
-3.5	51.8	0.14237	116.78	0.14237	0.025
-6	53.3	0.87926	115.71	0.87926	0.025
0.7	50.8	0.18435	163.69	0.18435	0.025
-1.5	52.3	0.20239	7.0721	0.20239	0.025
-4	53.8	0.49019	118.99	0.49019	0.025
2.6	51.3	0.12495	96.689	0.12495	0.025
0.4	52.8	0.1251	30.083	0.1251	0.025
-2	54.3	0.12521	169.41	0.12521	0.025
4.6	51.7	0.21157	68.914	0.21157	0.025
2.4	53.3	0.2355	75.536	0.2355	0.025
0.1	54.8	0.2243	6.6144	0.2243	0.025
6.6	52	0.3097	74.82	0.3097	0.025
4.5	53.7	0.38471	82.975	0.38471	0.025
2.2	55.3	0.10029	71.254	0.10029	0.025
-0.3	56.8	0.44226	177.32	0.44226	0.025
6.6	54	0.39437	87.197	0.39437	0.025
4.3	55.7	0.329	88.34	0.329	0.025
1.9	57.2	0.084684	178.59	0.084684	0.025
8.7	54.4	0.29432	94.635	0.29432	0.025
6.6	56	0.33717	95.746	0.33717	0.025
4.2	57.6	0.32109	97.575	0.32109	0.025
10.9	54.7	0.1627	119.94	0.1627	0.025
8.8	56.4	0.32729	104.19	0.32729	0.025
6.6	58	0.54946	99.897	0.54946	0.025
4	59.6	0.61678	86.537	0.61678	0.025
11.1	56.7	0.26093	116.27	0.26093	0.025
8.9	58.4	0.58386	101.45	0.58386	0.025
6.5	60	0.92423	94.227	0.92423	0.025
13.4	56.9	0.19015	136.43	0.19015	0.025
11.3	58.7	0.40085	106.26	0.40085	0.025
9	60.3	0.7861	97.116	0.7861	0.025
15.8	57.1	0.21248	146.75	0.21248	0.025
13.8	58.9	0.1825	105.97	0.1825	0.025
11.5	60.6	0.42722	99.405	0.42722	0.025
9.1	62.3	0.67381	80.855	0.67381	0.025
16.3	59.1	0.10194	170.15	0.10194	0.025
14.2	60.9	0.091733	124.83	0.091733	0.025
11.8	62.6	0.24294	80.89	0.24294	0.025
18.7	59.3	0.34479	173.72	0.34479	0.025
16.8	61	0.24201	170.92	0.24201	0.025
14.6	62.8	0.13161	5.6605	0.13161	0.025
21.2	59.4	0.68688	175.75	0.68688	0.025
19.5	61.2	0.50755	174.53	0.50755	0.025
17.5	63	0.30454	174.43	0.30454	0.025
15.2	64.8	0.41888	13.426	0.41888	0.025
22.1	61.3	0.87253	0.01288	0.87253	0.025
20.3	63.1	0.558	176.01	0.558	0.025
18.2	64.9	0.48787	5.9672	0.48787	0.025
24.8	61.4	1.0992	6.7693	1.0992	0.025
23.1	63.2	0.86753	1.7433	0.86753	0.025
21.3	65	0.59691	6.2659	0.59691	0.025
27.5	61.3	1.0804	14.25	1.0804	0.025
26	63.2	1.0691	7.2135	1.0691	0.025
24.3	65.1	0.9108	6.6903	0.9108	0.025
30.2	61.3	0.83764	23.225	0.83764	0.025
28.9	63.2	0.90833	16.569	0.90833	0.025
27.4	65.1	0.90411	11.782	0.90411	0.025
25.6	67	0.79894	12.346	0.79894	0.025
31.7	63.1	0.77421	27.564	0.77421	0.025
30.5	65	0.86132	20.364	0.86132	0.025
29	66.9	0.79138	14.818	0.79138	0.025
34.5	63	0.77659	35.429	0.77659	0.025
33.5	64.9	0.77868	33.902	0.77868	0.025
32.3	66.8	0.72782	19.175	0.72782	0.025
37.3	62.8	0.651	33.395	0.651	0.025
36.4	64.8	0.62318	34.701	0.62318	0.025
35.5	66.7	0.47216	27.293	0.47216	0.025
34.4	68.5	0.30512	1.1821	0.30512	0.025
39.4	64.5	0.43856	33.658	0.43856	0.025
38.6	66.5	0.28271	30.234	0.28271	0.025
37.8	68.3	0.12567	7.1759	0.12567	0.025
42.3	64.3	0.24179	27.337	0.24179	0.025
41.8	66.2	0.14841	29.862	0.14841	0.025
41.2	68.1	0.034901	25.552	0.034901	0.025
45.1	64	0.11489	13.425	0.11489	0.025
44.8	65.8	0.055354	22.234	0.055354	0.025
44.5	67.7	0.023672	70.537	0.023672	0.025
44.1	69.6	0.050565	95.133	0.050565	0.025
47.8	65.5	0.013183	23.099	0.013183	0.025
47.7	67.4	0.03141	76.51	0.03141	0.025
47.6	69.2	0.05033	92.848	0.05033	0.025
50.7	65.1	0.017186	58.373	0.017186	0.025
50.8	66.9	0.033365	74.979	0.033365	0.025
50.9	68.8	0.046096	97.4	0.046096	0.025
53.5	64.6	0.017365	64.244	0.017365	0.025
53.8	66.5	0.030152	87.739	0.030152	0.025
54.1	68.3	0.04201	101.93	0.04201	0.025
54.6	70.1	0.030604	110.39	0.030604	0.025
56.6	65.9	0.026388	102.69	0.026388	0.025
57.2	67.8	0.022704	107.5	0.022704	0.025
57.9	69.5	0.014502	113.09	0.014502	0.025
59.4	65.4	0.015295	113.32	0.015295	0.025
60.2	67.2	0.010405	120.92	0.010405	0.025
61.1	68.9	0.005954	131.77	0.005954	0.025
62	64.8	0.008957	119.64	0.008957	0.025
63	66.5	0.006013	121.01	0.006013	0.025
64	68.3	0.004438	135.89	0.004438	0.025
65.3	70	0.004727	146.87	0.004727	0.025
65.6	65.9	0.00752	105.59	0.00752	0.025
66.8	67.5	0.004644	114.17	0.004644	0.025
68.2	69.2	0.003708	136.32	0.003708	0.025
68.2	65.2	0.008868	102.05	0.008868	0.025
69.5	66.8	0.007359	104.22	0.007359	0.025
71	68.4	0.005692	117.9	0.005692	0.025
-24.8	27.2	0.002099	64.696	0.002099	0.025
-26.5	28.2	0.005559	53.639	0.005559	0.025
-28.2	29.2	0.009696	28.279	0.009696	0.025
-23.8	28	0.003111	39.108	0.003111	0.025
-25.5	29	0.005399	43.118	0.005399	0.025
-27.2	30.1	0.012313	28.237	0.012313	0.025
-29	31	0.009733	166.3	0.009733	0.025
-24.4	29.9	0.007172	22.191	0.007172	0.025
-26.2	30.9	0.014979	24.633	0.014979	0.025
-28	31.9	0.011459	60.104	0.011459	0.025
-23.4	30.7	0.010318	7.4627	0.010318	0.025
-25.1	31.7	0.011561	23.01	0.011561	0.025
-27	32.7	0.038032	72.744	0.038032	0.025
-22.3	31.5	0.012991	176.54	0.012991	0.025
-24.1	32.5	0.017297	90.078	0.017297	0.025
-25.9	33.6	0.082005	81.36	0.082005	0.025
-27.8	34.6	0.20277	81.826	0.20277	0.025
-23	33.3	0.075943	97.34	0.075943	0.025
-24.9	34.4	0.1574	90.762	0.1574	0.025
-26.8	35.4	0.21698	88.691	0.21698	0.025
-21.9	34.1	0.17025	97.676	0.17025	0.025
-23.8	35.2	0.29223	97.373	0.29223	0.025
-25.7	36.2	0.28832	110.12	0.28832	0.025
-20.7	34.9	0.26865	95.834	0.26865	0.025
-22.6	36	0.48311	101.8	0.48311	0.025
-24.6	37.1	0.6172	121.7	0.6172	0.025
-26.6	38.1	1.1196	145.71	1.1196	0.025
-21.4	36.8	0.48114	101.9	0.48114	0.025
-23.4	37.9	0.87709	124.89	0.87709	0.025
-25.5	38.9	1.8227	147.05	1.8227	0.025
-20.2	37.5	0.23298	99.515	0.23298	0.025
-22.2	38.6	0.95466	129.36	0.95466	0.025
-24.3	39.7	2.4237	146.99	2.4237	0.025
-19	38.3	0.15283	16.395	0.15283	0.025
-21	39.4	0.77581	138.28	0.77581	0.025
-23.1	40.5	2.0976	147.2	2.0976	0.025
-25.3	41.6	2.7631	159.53	2.7631	0.025
-19.7	40.2	0.56866	150.72	0.56866	0.025
-21.9	41.3	1.7076	149.2	1.7076	0.025
-24.1	42.4	2.4384	159.63	2.4384	0.025
-18.4	40.9	0.41336	158.62	0.41336	0.025
-20.6	42.1	1.1651	149.82	1.1651	0.025
-22.8	43.2	1.9435	157.99	1.9435	0.025
-17	41.7	0.2733	146.95	0.2733	0.025
-19.2	42.8	0.69679	146.49	0.69679	0.025
-21.5	44	1.3728	155.01	1.3728	0.025
-15.7	42.4	0.28821	133.93	0.28821	0.025
-17.8	43.6	0.48272	141.34	0.48272	0.025
-20.1	44.7	0.92094	150.3	0.92094	0.025
-22.6	45.8	1.1985	165.25	1.1985	0.025
-16.4	44.3	0.34426	145.51	0.34426	0.025
-18.7	45.5	0.66104	150.46	0.66104	0.025
-21.1	46.6	1.027	160.31	1.027	0.025
-15	45	0.29113	160.19	0.29113	0.025
-17.3	46.2	0.66205	159.62	0.66205	0.025
-19.7	47.3	0.94186	160.8	0.94186	0.025
-13.5	45.7	0.37277	173.14	0.37277	0.025
-15.8	46.9	0.73426	167.57	0.73426	0.025
-18.2	48.1	0.86808	163.14	0.86808	0.025
-20.8	49.2	1.0319	179.93	1.0319	0.025
-14.2	47.6	0.69574	170.1	0.69574	0.025
-16.7	48.8	0.6373	167.58	0.6373	0.025
-19.3	50	0.87358	11.571	0.87358	0.025
-12.6	48.3	0.46052	160.2	0.46052	0.025
-15.1	49.5	0.31693	166.79	0.31693	0.025
-17.7	50.7	0.82476	28.214	0.82476	0.025
-11	48.9	0.41383	129.52	0.41383	0.025
-13.4	50.2	0.28252	119.54	0.28252	0.025
-16	51.4	0.84981	41.121	0.84981	0.025
-18.8	52.6	1.5274	30.857	1.5274	0.025
-11.7	50.9	0.70614	112.11	0.70614	0.025
-14.3	52.1	0.6946	56.669	0.6946	0.025
-17.1	53.3	1.7983	34.101	1.7983	0.025
-10	51.5	0.94884	112.65	0.94884	0.025
-12.6	52.8	0.54418	75.519	0.54418	0.025
-15.3	54	1.7938	36.025	1.7938	0.025
-8.2	52.1	1.0626	113.06	1.0626	0.025
-10.8	53.5	0.52063	101.74	0.52063	0.025
-13.5	54.7	1.4636	37.123	1.4636	0.025
-16.4	55.9	1.9758	27.636	1.9758	0.025
-8.9	54.1	0.78588	116.8	0.78588	0.025
-11.7	55.4	0.73499	40.655	0.73499	0.025
-14.6	56.6	1.3009	34.421	1.3009	0.025
-6.9	54.7	0.75091	118.58	0.75091	0.025
-9.7	56	0.1586	63.287	0.1586	0.025
-12.7	57.3	0.45084	57.564	0.45084	0.025
-4.9	55.2	0.40339	124.27	0.40339	0.025
-7.6	56.6	0.18146	121.46	0.18146	0.025
-10.6	57.9	0.6821	103.32	0.6821	0.025
-13.8	59.2	1.0245	111.5	1.0245	0.025
-5.6	57.2	0.21111	160.88	0.21111	0.025
-8.4	58.5	0.65446	108.03	0.65446	0.025
-11.6	59.8	1.6911	111.77	1.6911	0.025
-3.4	57.7	0.44865	179.32	0.44865	0.025
-6.3	59.1	0.20281	97.339	0.20281	0.025
-9.4	60.5	1.2652	108.5	1.2652	0.025
-1.2	58.2	0.42369	6.4775	0.42369	0.025
-4	59.7	0.31344	35.018	0.31344	0.025
-7.1	61.1	0.47391	94.796	0.47391	0.025
1.2	58.7	0.14408	33.287	0.14408	0.025
-1.6	60.2	0.48731	38.245	0.48731	0.025
-4.7	61.6	0.43474	56.268	0.43474	0.025
-8	63	0.59417	86.595	0.59417	0.025
0.8	60.7	0.6217	49.927	0.6217	0.025
-2.2	62.1	0.62948	43.193	0.62948	0.025
-5.5	63.6	0.53347	68.064	0.53347	0.025
3.3	61.1	0.69529	67.236	0.69529	0.025
0.4	62.6	0.75949	39.17	0.75949	0.025
-2.8	64.1	0.50865	43.747	0.50865	0.025
5.8	61.5	0.86557	80.157	0.86557	0.025
3	63.1	0.82621	47.259	0.82621	0.025
-0	64.6	0.85322	31.02	0.85322	0.025
-3.6	66	0.22653	31.041	0.22653	0.025
5.7	63.5	0.93213	59.155	0.93213	0.025
2.8	65	0.99184	35.166	0.99184	0.025
-0.6	66.5	0.96957	16.017	0.96957	0.025
8.6	63.8	0.74115	65.48	0.74115	0.025
5.6	65.4	0.84766	41.758	0.84766	0.025
2.4	66.9	1.3427	15.39	1.3427	0.025
11.5	64.1	0.34422	50.293	0.34422	0.025
8.7	65.7	0.69095	39.174	0.69095	0.025
5.5	67.3	1.3463	18.145	1.3463	0.025
2	68.9	1.5341	9.5303	1.5341	0.025
11.8	66	0.66334	25.604	0.66334	0.025
8.8	67.7	1.1832	21.12	1.1832	0.025
5.4	69.3	1.4112	17.826	1.4112	0.025
14.9	66.2	0.67635	15.344	0.67635	0.025
12.2	67.9	0.92997	21.605	0.92997	0.025
9	69.6	1.2076	25.041	1.2076	0.025
18.1	66.4	0.61859	12.869	0.61859	0.025
15.6	68.1	0.59243	21.637	0.59243	0.025
12.7	69.8	0.90385	31.717	0.90385	0.025
9.2	71.5	0.7169	27.195	0.7169	0.025
19	68.3	0.4989	22.058	0.4989	0.025
16.4	70	0.64611	37.951	0.64611	0.025
13.3	71.7	0.68768	30.569	0.68768	0.025
22.6	68.4	0.46762	18.351	0.46762	0.025
20.1	70.2	0.25568	53.699	0.25568	0.025
17.3	71.9	0.28078	40.288	0.28078	0.025
26.1	68.4	0.5269	9.4884	0.5269	0.025
24	70.2	0.089888	108.49	0.089888	0.025
21.4	72	0.1676	102.05	0.1676	0.025
29.6	68.3	0.58612	3.2901	0.58612	0.025
27.8	70.2	0.26105	142.07	0.26105	0.025
25.7	72	0.39893	117.36	0.39893	0.025
23	73.8	0.26829	155.67	0.26829	0.025
31.6	70.1	0.33178	146.6	0.33178	0.025
29.9	71.9	0.38524	123.62	0.38524	0.025
27.7	73.8	0.18055	133.26	0.18055	0.025
35.3	69.9	0.2013	147.9	0.2013	0.025
34	71.8	0.24509	127.57	0.24509	0.025
32.4	73.6	0.1451	125.33	0.1451	0.025
39	69.7	0.065185	136.51	0.065185	0.025
38	71.6	0.12549	122.03	0.12549	0.025
36.8	73.4	0.10347	121.75	0.10347	0.025
35.4	75.3	0.051537	142.28	0.051537	0.025
42	71.3	0.075189	109.9	0.075189	0.025
41.2	73.2	0.077957	119.63	0.077957	0.025
40.3	75	0.06125	128.69	0.06125	0.025
45.8	70.9	0.054361	104.84	0.054361	0.025
45.4	72.8	0.057447	120.93	0.057447	0.025
45	74.6	0.047595	127.06	0.047595	0.025
49.5	70.5	0.047494	107.32	0.047494	0.025
49.5	72.3	0.042541	121.79	0.042541	0.025
49.5	74.2	0.02644	128.52	0.02644	0.025
49.5	76	0.012298	134.06	0.012298	0.025
53.3	71.8	0.024141	120.04	0.024141	0.025
53.8	73.6	0.012259	131.2	0.012259	0.025
54.3	75.4	0.005528	137.82	0.005528	0.025
57	71.3	0.012084	121.03	0.012084	0.025
57.7	73	0.007369	143.09	0.007369	0.025
58.7	74.8	0.003686	153.35	0.003686	0.025
60.4	70.6	0.006526	130.79	0.006526	0.025
61.5	72.4	0.006572	150.9	0.006572	0.025
62.7	74.1	0.005444	162.22	0.005444	0.025
64.3	75.8	0.003138	165.85	0.003138	0.025
64.9	71.6	0.004571	153	0.004571	0.025
66.5	73.4	0.004283	160.73	0.004283	0.025
68.4	75	0.003435	164.4	0.003435	0.025
68.1	70.9	0.003679	157.19	0.003679	0.025
69.9	72.5	0.001952	174.29	0.001952	0.025
72	74.2	0.001158	177.71	0.001158	0.025
71.1	70.1	0.003202	141.67	0.003202	0.025
73	71.7	0.002246	7.8229	0.002246	0.025
75.3	73.3	0.001802	27.436	0.001802	0.025
-36.3	31.5	0.48162	158.98	0.48162	0.025
-31.7	30.5	0.10889	152.95	0.10889	0.025
-33.5	31.5	0.34166	158.72	0.34166	0.025
-35.4	32.4	0.74277	153.52	0.74277	0.025
-30.8	31.4	0.08544	153.6	0.08544	0.025
-32.7	32.4	0.36856	151.33	0.36856	0.025
-34.6	33.3	1.0437	145.7	1.0437	0.025
-29.9	32.3	0.033935	144.93	0.033935	0.025
-31.8	33.2	0.34904	137.97	0.34904	0.025
-33.7	34.2	1.2553	137.02	1.2553	0.025
-28.9	33.1	0.059565	79.166	0.059565	0.025
-30.8	34.1	0.37889	118.69	0.37889	0.025
-32.8	35.1	1.1994	128.28	1.1994	0.025
-34.8	36	1.2682	136.04	1.2682	0.025
-29.8	35	0.45205	103.73	0.45205	0.025
-31.8	35.9	1.0114	119.69	1.0114	0.025
-33.9	36.8	0.89267	130.54	0.89267	0.025
-28.8	35.8	0.4561	101.49	0.4561	0.025
-30.8	36.8	0.78946	115.87	0.78946	0.025
-33	37.7	0.60928	127.46	0.60928	0.025
-27.8	36.7	0.36051	114.55	0.36051	0.025
-29.8	37.6	0.51094	127.42	0.51094	0.025
-32	38.6	0.44144	140.83	0.44144	0.025
-34.2	39.5	0.17973	141.91	0.17973	0.025
-28.8	38.5	0.82872	157.31	0.82872	0.025
-31	39.5	0.7999	162.33	0.7999	0.025
-33.2	40.4	0.31364	158.81	0.31364	0.025
-27.7	39.3	1.8247	162.39	1.8247	0.025
-29.9	40.3	1.5952	164.97	1.5952	0.025
-32.2	41.2	0.7421	157.31	0.7421	0.025
-26.5	40.2	2.7962	159.51	2.7962	0.025
-28.8	41.2	2.4484	162.6	2.4484	0.025
-31.1	42.1	1.2595	152.41	1.2595	0.025
-33.5	43	0.37166	137.52	0.37166	0.025
-27.6	42	2.6495	161.82	2.6495	0.025
-30	43	1.9099	151.03	1.9099	0.025
-32.5	43.9	0.66706	136.31	0.66706	0.025
-26.5	42.8	2.6078	163.67	2.6078	0.025
-28.8	43.8	2.1537	154.31	2.1537	0.025
-31.3	44.7	0.84442	139.34	0.84442	0.025
-25.3	43.7	2.5453	166.5	2.5453	0.025
-27.6	44.7	2.309	164.81	2.309	0.025
-30.1	45.6	0.71225	152.3	0.71225	0.025
-32.7	46.5	0.036626	126.59	0.036626	0.025
-26.4	45.5	1.7993	176.86	1.7993	0.025
-28.9	46.4	0.74741	1.7355	0.74741	0.025
-31.5	47.3	0.21794	9.6242	0.21794	0.025
-25.1	46.3	1.4325	2.4839	1.4325	0.025
-27.7	47.3	1.1059	8.909	1.1059	0.025
-30.3	48.2	0.56958	3.0839	0.56958	0.025
-23.7	47.1	1.1411	174.89	1.1411	0.025
-26.3	48.1	1.2815	0.69451	1.2815	0.025
-29.1	49.1	1.0364	173.74	1.0364	0.025
-22.4	47.9	1.1004	170.85	1.1004	0.025
-25	48.9	1.3039	175.15	1.3039	0.025
-27.7	49.9	1.3674	171.83	1.3674	0.025
-30.6	50.8	0.87354	161.56	0.87354	0.025
-23.6	49.7	1.2733	178.86	1.2733	0.025
-26.3	50.7	1.183	175.79	1.183	0.025
-29.2	51.7	0.6957	169.96	0.6957	0.025
-22.1	50.5	1.1677	6.0666	1.1677	0.025
-24.9	51.5	0.93464	2.0479	0.93464	0.025
-27.8	52.5	0.61429	2.9259	0.61429	0.025
-20.5	51.3	1.1196	17.404	1.1196	0.025
-23.4	52.3	0.86771	6.4422	0.86771	0.025
-26.4	53.3	0.52212	179.35	0.52212	0.025
-29.4	54.2	0.27774	12.603	0.27774	0.025
-21.8	53.1	1.0267	12.416	1.0267	0.025
-24.9	54.1	0.6395	167.01	0.6395	0.025
-28	55.1	0.38073	165.03	0.38073	0.025
-20.1	53.9	1.4028	18.952	1.4028	0.025
-23.2	54.9	0.89759	162.09	0.89759	0.025
-26.5	55.9	0.94754	146.93	0.94754	0.025
-18.5	54.6	1.9236	23.341	1.9236	0.025
-21.5	55.7	1.1207	168	1.1207	0.025
-24.8	56.7	1.4793	145.74	1.4793	0.025
-28.2	57.6	0.76408	139.5	0.76408	0.025
-19.8	56.5	0.95691	0.87777	0.95691	0.025
-23	57.5	1.4798	148.8	1.4798	0.025
-26.5	58.5	1.4257	145.81	1.4257	0.025
-18	57.2	0.79231	20.29	0.79231	0.025
-21.2	58.3	0.99396	160.49	0.99396	0.025
-24.7	59.3	1.7628	155.94	1.7628	0.025
-16	57.9	0.37938	40.302	0.37938	0.025
-19.4	59.1	0.77921	176.71	0.77921	0.025
-22.9	60.1	1.8495	166.47	1.8495	0.025
-26.6	61	1.7074	158.97	1.7074	0.025
-17.3	59.8	0.47942	179.87	0.47942	0.025
-21	60.9	1.6713	177.74	1.6713	0.025
-24.7	61.8	1.7025	163.94	1.7025	0.025
-15.2	60.5	0.59466	125.22	0.59466	0.025
-18.8	61.6	1.1941	3.314	1.1941	0.025
-22.7	62.6	1.1558	168.57	1.1558	0.025
-13.1	61.2	1.2042	117.4	1.2042	0.025
-16.6	62.3	0.64289	173.69	0.64289	0.025
-20.6	63.4	1.3475	2.2933	1.3475	0.025
-24.8	64.3	0.53703	167.14	0.53703	0.025
-14.4	63	0.48921	139.32	0.48921	0.025
-18.3	64.1	1.1507	1.7944	1.1507	0.025
-22.5	65.1	0.90945	174.49	0.90945	0.025
-12	63.7	0.47786	110.83	0.47786	0.025
-15.9	64.9	0.76548	171.33	0.76548	0.025
-20.1	65.9	1.2521	169.18	1.2521	0.025
-9.5	64.3	0.61892	87.022	0.61892	0.025
-13.4	65.6	0.4718	138.56	0.4718	0.025
-17.7	66.6	1.6306	160.76	1.6306	0.025
-6.8	64.9	0.58328	83.165	0.58328	0.025
-10.7	66.2	0.80804	123.51	0.80804	0.025
-15	67.4	1.6556	153.69	1.6556	0.025
-19.7	68.4	1.8727	157.89	1.8727	0.025
-7.9	66.8	0.86114	127.7	0.86114	0.025
-12.2	68	1.9228	150.6	1.9228	0.025
-16.9	69.1	2.3536	156.03	2.3536	0.025
-5	67.4	0.55569	156.72	0.55569	0.025
-9.1	68.7	1.8221	149.93	1.8221	0.025
-13.9	69.8	2.4666	154.08	2.4666	0.025
-1.9	67.9	1.087	2.5751	1.087	0.025
-6	69.2	1.4802	154.9	1.4802	0.025
-10.6	70.5	2.2898	149.76	2.2898	0.025
-15.9	71.6	1.6416	149.51	1.6416	0.025
-2.7	69.8	1.0881	164.53	1.0881	0.025
-7.3	71.1	1.7181	145.46	1.7181	0.025
-12.4	72.3	1.7014	145.78	1.7014	0.025
0.8	70.2	0.98161	179.18	0.98161	0.025
-3.7	71.7	1.313	144.68	1.313	0.025
-8.8	72.9	1.5984	144.32	1.5984	0.025
4.5	70.6	0.90014	13.158	0.90014	0.025
0.2	72.1	1.0909	150.23	1.0909	0.025
-4.9	73.5	1.6734	144.99	1.6734	0.025
-10.6	74.7	1.116	148.91	1.116	0.025
4.2	72.5	0.789	158.8	0.789	0.025
-0.6	74	1.8566	147.71	1.8566	0.025
-6.3	75.3	1.5361	148.17	1.5361	0.025
8.4	72.9	0.66891	168.32	0.66891	0.025
3.9	74.4	2.1861	151	2.1861	0.025
-1.6	75.8	2.072	148.37	2.072	0.025
12.6	73.2	0.72203	174.58	0.72203	0.025
8.5	74.7	2.2662	154.79	2.2662	0.025
3.5	76.2	2.6634	150.72	2.6634	0.025
-2.8	77.6	0.8088	144.1	0.8088	0.025
13.3	75	1.8012	159.28	1.8012	0.025
8.7	76.6	2.468	155	2.468	0.025
3	78	0.89903	150.18	0.89903	0.025
18.4	75.1	1.1232	164.86	1.1232	0.025
14.2	76.8	1.783	159.32	1.783	0.025
9	78.4	0.97826	158.54	0.97826	0.025
23.5	75.2	0.45598	169.2	0.45598	0.025
19.9	76.9	0.95998	166.5	0.95998	0.025
15.3	78.6	0.62179	162.22	0.62179	0.025
28.5	75.1	0.15408	170.72	0.15408	0.025
25.7	76.9	0.49314	175.59	0.49314	0.025
21.9	78.7	0.35072	172.47	0.35072	0.025
16.8	80.4	0.038131	57.712	0.038131	0.025
31.3	76.8	0.15024	178.82	0.15024	0.025
28.6	78.6	0.16332	1.3872	0.16332	0.025
24.7	80.4	0.044739	35.976	0.044739	0.025
36.9	76.6	0.041195	155.45	0.041195	0.025
35	78.4	0.047344	179.74	0.047344	0.025
32.4	80.2	0.025341	29.04	0.025341	0.025
42.3	76.3	0.036102	133.86	0.036102	0.025
41.2	78.1	0.015519	150.35	0.015519	0.025
39.7	80	0.00449	40.319	0.00449	0.025
37.6	81.8	0.010435	62.908	0.010435	0.025
47.1	77.7	0.009132	131.85	0.009132	0.025
46.6	79.5	0.003516	107.53	0.003516	0.025
46	81.4	0.002569	82.435	0.002569	0.025
52.5	77.1	0.003609	120.93	0.003609	0.025
53	79	0.003846	102.39	0.003846	0.025
53.6	80.8	0.002069	95.629	0.002069	0.025
57.5	76.5	0.001877	117.38	0.001877	0.025
58.7	78.3	0.002985	98.786	0.002985	0.025
60.2	80.1	0.002114	95.274	0.002114	0.025
62.4	81.9	0.000901	22.727	0.000901	0.025
63.8	77.6	0.000459	127.4	0.000459	0.025
66	79.3	0.000885	87.457	0.000885	0.025
69	81	0.000816	13.79	0.000816	0.025
68.3	76.7	0.002146	176.91	0.002146	0.025
71	78.4	0.000971	37.546	0.000971	0.025
74.4	80	0.000886	16.699	0.000886	0.025
72.3	75.8	0.000669	1.4093	0.000669	0.025
75.3	77.5	0.001645	39.934	0.001645	0.025
79	79	0.001081	35.192	0.001081	0.025
83.9	80.5	0.002943	18.74	0.002943	0.025
79	76.5	0.001417	49.234	0.001417	0.025
-40.1	32.6	0.14772	152.73	0.14772	0.025
-42.1	33.4	0.029142	166.61	0.029142	0.025
-37.3	32.7	0.66419	151.16	0.66419	0.025
-39.3	33.5	0.297	150.32	0.297	0.025
-41.4	34.4	0.053705	164.76	0.053705	0.025
-36.5	33.6	1.0849	146.73	1.0849	0.025
-38.5	34.4	0.51079	147.45	0.51079	0.025
-40.7	35.3	0.095627	161.66	0.095627	0.025
-42.8	36.1	0.017795	173.83	0.017795	0.025
-37.7	35.3	0.7102	144.29	0.7102	0.025
-39.8	36.2	0.11769	158.43	0.11769	0.025
-42.1	37	0.02037	176.87	0.02037	0.025
-36.9	36.2	0.69543	143.16	0.69543	0.025
-39.1	37.1	0.12092	151.25	0.12092	0.025
-41.3	37.9	0.023861	0.98823	0.023861	0.025
-36	37.1	0.57147	137.89	0.57147	0.025
-38.2	38	0.079161	140.91	0.079161	0.025
-40.5	38.8	0.02194	4.2396	0.02194	0.025
-35.1	38	0.34897	132.76	0.34897	0.025
-37.3	38.9	0.045449	123.05	0.045449	0.025
-39.7	39.7	0.012276	4.9176	0.012276	0.025
-42	40.5	0.004119	1.4951	0.004119	0.025
-36.4	39.8	0.024267	111.39	0.024267	0.025
-38.8	40.6	0.007158	70.884	0.007158	0.025
-41.2	41.4	0.007807	177.45	0.007807	0.025
-35.5	40.7	0.021413	162.5	0.021413	0.025
-37.8	41.5	0.017019	72.419	0.017019	0.025
-40.3	42.3	0.010555	171.85	0.010555	0.025
-34.5	41.6	0.10221	152.3	0.10221	0.025
-36.9	42.4	0.016964	78.529	0.016964	0.025
-39.4	43.2	0.004899	169.69	0.004899	0.025
-42	43.9	0.001055	49.843	0.001055	0.025
-35.9	43.3	0.035694	100.91	0.035694	0.025
-38.5	44.1	0.005886	61.19	0.005886	0.025
-41	44.8	0.002824	177.78	0.002824	0.025
-34.9	44.2	0.10817	114.22	0.10817	0.025
-37.5	45	0.014875	79.17	0.014875	0.025
-40.1	45.7	0.002727	169.79	0.002727	0.025
-33.8	45	0.20223	116.95	0.20223	0.025
-36.4	45.9	0.027336	88.059	0.027336	0.025
-39.2	46.6	0.002721	95.962	0.002721	0.025
-41.9	47.3	0.003487	82.3	0.003487	0.025
-35.3	46.7	0.017198	103.45	0.017198	0.025
-38.1	47.5	0.005287	120.58	0.005287	0.025
-41	48.2	0.002633	80.602	0.002633	0.025
-34.2	47.6	0.065487	171.3	0.065487	0.025
-37	48.4	0.025818	148.14	0.025818	0.025
-39.9	49.1	0.001867	146.79	0.001867	0.025
-33.1	48.5	0.27057	171.19	0.27057	0.025
-35.9	49.3	0.12072	155.69	0.12072	0.025
-38.8	50	0.014548	152.92	0.014548	0.025
-41.9	50.6	0.009716	64.523	0.009716	0.025
-34.8	50.2	0.31681	154.22	0.31681	0.025
-37.8	50.9	0.041287	151.11	0.041287	0.025
-40.8	51.6	0.020696	60.038	0.020696	0.025
-33.5	51.1	0.55146	151.48	0.55146	0.025
-36.6	51.8	0.042144	154.79	0.042144	0.025
-39.7	52.5	0.054051	55.535	0.054051	0.025
-32.2	51.9	0.54527	150.62	0.54527	0.025
-35.3	52.7	0.093964	40.493	0.093964	0.025
-38.6	53.4	0.11798	46.753	0.11798	0.025
-30.9	52.8	0.25165	165.16	0.25165	0.025
-34	53.6	0.46959	42.851	0.46959	0.025
-37.3	54.3	0.26519	39.213	0.26519	0.025
-40.8	54.9	0.018284	26.494	0.018284	0.025
-32.7	54.5	0.78848	41.769	0.78848	0.025
-36	55.2	0.4222	34.239	0.4222	0.025
-39.5	55.8	0.070676	3.6433	0.070676	0.025
-31.3	55.4	0.72487	37.927	0.72487	0.025
-34.7	56.1	0.45781	30.813	0.45781	0.025
-38.2	56.7	0.14866	178.1	0.14866	0.025
-29.8	56.2	0.40039	34.131	0.40039	0.025
-33.3	57	0.20475	32.551	0.20475	0.025
-36.9	57.7	0.18815	165.46	0.18815	0.025
-40.6	58.2	0.050631	156.94	0.050631	0.025
-31.7	57.9	0.37605	112.33	0.37605	0.025
-35.5	58.6	0.24368	142.53	0.24368	0.025
-39.2	59.1	0.05708	163.1	0.05708	0.025
-30.1	58.7	0.77419	125.62	0.77419	0.025
-33.9	59.5	0.33998	131.12	0.33998	0.025
-37.9	60.1	0.05673	163.02	0.05673	0.025
-28.4	59.6	1.1948	144.61	1.1948	0.025
-32.2	60.3	0.3925	137.05	0.3925	0.025
-36.3	61	0.064088	163.55	0.064088	0.025
-40.5	61.5	0.020586	32.559	0.020586	0.025
-30.6	61.2	0.51746	152.53	0.51746	0.025
-34.6	61.9	0.090318	168.98	0.090318	0.025
-38.9	62.4	0.044532	22.24	0.044532	0.025
-28.8	62.1	0.65357	158.51	0.65357	0.025
-32.9	62.8	0.11344	171.61	0.11344	0.025
-37.3	63.4	0.06726	13.287	0.06726	0.025
-26.8	62.9	0.6929	158.44	0.6929	0.025
-31.1	63.7	0.11761	172.54	0.11761	0.025
-35.6	64.3	0.095682	11.123	0.095682	0.025
-40.2	64.8	0.026921	24.943	0.026921	0.025
-29.1	64.6	0.11304	171.96	0.11304	0.025
-33.8	65.2	0.115	16.757	0.115	0.025
-38.5	65.7	0.041961	6.7853	0.041961	0.025
-27	65.4	0.18353	161.75	0.18353	0.025
-31.8	66.1	0.10384	23.976	0.10384	0.025
-36.7	66.7	0.060216	6.3999	0.060216	0.025
-24.8	66.3	0.42569	161.67	0.42569	0.025
-29.6	67	0.025932	28.57	0.025932	0.025
-34.7	67.6	0.053669	4.6414	0.053669	0.025
-40.1	68	0.045344	25.565	0.045344	0.025
-27.3	67.9	0.12818	144.38	0.12818	0.025
-32.5	68.5	0.04121	152.52	0.04121	0.025
-38	69	0.05904	9.7159	0.05904	0.025
-24.9	68.7	0.41772	151.51	0.41772	0.025
-30.2	69.4	0.088244	138.89	0.088244	0.025
-35.8	70	0.081583	169.9	0.081583	0.025
-22.2	69.5	0.93482	154.37	0.93482	0.025
-27.7	70.3	0.15631	142.09	0.15631	0.025
-33.5	70.9	0.099867	161.25	0.099867	0.025
-19.3	70.3	1.5429	153.72	1.5429	0.025
-24.9	71.2	0.29382	147.29	0.29382	0.025
-31	71.8	0.081459	161.44	0.081459	0.025
-37.4	72.3	0.088013	5.1081	0.088013	0.025
-21.8	72	0.51887	148.95	0.51887	0.025
-28.1	72.7	0.045088	169.34	0.045088	0.025
-34.8	73.3	0.083101	13.774	0.083101	0.025
-18.6	72.8	0.72572	147.64	0.72572	0.025
-24.9	73.6	0.036586	4.1521	0.036586	0.025
-31.9	74.2	0.097543	27.061	0.097543	0.025
-15.1	73.5	0.90626	146.84	0.90626	0.025
-21.5	74.4	0.077658	174.09	0.077658	0.025
-28.6	75.1	0.12075	30.598	0.12075	0.025
-36.4	75.6	0.065429	30.475	0.065429	0.025
-17.8	75.2	0.21079	167.47	0.21079	0.025
-25	76	0.12975	28.192	0.12975	0.025
-33	76.5	0.067716	32.333	0.067716	0.025
-13.5	75.9	0.45221	159.11	0.45221	0.025
-21	76.8	0.13933	22.626	0.13933	0.025
-29.4	77.5	0.065421	32.685	0.065421	0.025
-8.8	76.5	0.81199	151.78	0.81199	0.025
-16.4	77.6	0.1239	11.07	0.1239	0.025
-25.2	78.4	0.058886	34.011	0.058886	0.025
-34.8	78.8	0.012523	36.32	0.012523	0.025
-11.2	78.3	0.07067	150.72	0.07067	0.025
-20.1	79.2	0.05554	50.955	0.05554	0.025
-30.5	79.8	0.013088	41.711	0.013088	0.025
-5.5	78.9	0.20887	109.05	0.20887	0.025
-14.3	79.9	0.12879	76.329	0.12879	0.025
-25.1	80.7	0.025032	66.853	0.025032	0.025
0.7	79.4	0.25773	102.44	0.25773	0.025
-7.9	80.6	0.21424	82.566	0.21424	0.025
-18.6	81.5	0.0542	76.38	0.0542	0.025
-31.8	82.1	0.001545	93.726	0.001545	0.025
-0.6	81.1	0.21907	81.447	0.21907	0.025
-11.2	82.3	0.077487	77.953	0.077487	0.025
-24.8	83	0.005563	79.297	0.005563	0.025
7.7	81.5	0.16655	78.554	0.16655	0.025
-2.5	82.8	0.07564	77.423	0.07564	0.025
-16.3	83.9	0.008779	75.07	0.008779	0.025
16.5	81.7	0.095453	73.172	0.095453	0.025
7.9	83.2	0.051645	74.472	0.051645	0.025
-5.4	84.5	0.008876	74.06	0.008876	0.025
25.4	81.7	0.042041	64.791	0.042041	0.025
19	83.4	0.029857	73.866	0.029857	0.025
8.1	84.9	0.004716	63.66	0.004716	0.025
-10.9	86.2	0.000717	176.29	0.000717	0.025
30.1	83.3	0.011298	66.497	0.011298	0.025
23.1	85	0.001829	55.323	0.001829	0.025
8.7	86.6	0.000302	40.743	0.000302	0.025
40.8	83	0.003132	55.807	0.003132	0.025
37.6	84.8	0.000865	41.909	0.000865	0.025
31.1	86.6	0.000172	31.345	0.000172	0.025
50.4	82.5	0.000832	54.413	0.000832	0.025
50.5	84.4	0.000581	32.746	0.000581	0.025
50.7	86.2	0.000302	30.166	0.000302	0.025
50.9	88	0.001118	115.47	0.001118	0.025
61	83.6	0.000804	30.27	0.000804	0.025
65.1	85.4	0.00046	37.774	0.00046	0.025
74.1	87.1	0.000507	115.88	0.000507	0.025
69.2	82.7	0.001318	16.712	0.001318	0.025
75.1	84.4	0.000935	33.356	0.000935	0.025
85.7	86	0.00036	88.75	0.00036	0.025
75.7	81.8	0.001955	12.487	0.001955	0.025
82	83.3	0.001628	29.329	0.001628	0.025
92.1	84.8	0.000779	59.18	0.000779	0.025
109	86	0.000619	90.366	0.000619	0.025
87.2	82.2	0.002215	28.045	0.002215	0.025
96.2	83.5	0.001313	53.345	0.001313	0.025
109.6	84.6	0.001063	83.411	0.001063	0.025
-44.1	33.7	0.00982	172.06	0.00982	0.025
-46.2	34.4	0.00959	171.16	0.00959	0.025
-48.4	35.1	0.011998	179.5	0.011998	0.025
-43.4	34.6	0.014898	172.53	0.014898	0.025
-45.6	35.3	0.011276	170.34	0.011276	0.025
-47.8	36	0.011861	0.14557	0.011861	0.025
-50.1	36.7	0.018343	174.03	0.018343	0.025
-44.9	36.2	0.013007	169.71	0.013007	0.025
-47.2	37	0.010506	1.5626	0.010506	0.025
-49.5	37.6	0.016176	175.18	0.016176	0.025
-44.2	37.2	0.009695	170.89	0.009695	0.025
-46.5	37.9	0.006755	4.5111	0.006755	0.025
-48.9	38.5	0.011356	178.34	0.011356	0.025
-43.5	38.1	0.006013	171.57	0.006013	0.025
-45.8	38.8	0.003519	10.054	0.003519	0.025
-48.2	39.4	0.006427	2.031	0.006427	0.025
-50.7	40	0.007775	169.26	0.007775	0.025
-45.1	39.7	0.002288	25.263	0.002288	0.025
-47.5	40.4	0.002751	10.101	0.002751	0.025
-50.1	41	0.004642	169.28	0.004642	0.025
-44.3	40.6	0.002118	32.756	0.002118	0.025
-46.8	41.3	0.00127	5.9564	0.00127	0.025
-49.4	41.9	0.002796	162.46	0.002796	0.025
-43.5	41.5	0.001963	43.729	0.001963	0.025
-46.1	42.2	0.002024	169.98	0.002024	0.025
-48.7	42.8	0.00281	149.72	0.00281	0.025
-42.7	42.4	0.002149	44.465	0.002149	0.025
-45.3	43.1	0.002093	164.88	0.002093	0.025
-48	43.7	0.003027	151.31	0.003027	0.025
-50.7	44.2	0.004453	2.0827	0.004453	0.025
-44.4	44	0.000877	108.92	0.000877	0.025
-47.2	44.6	0.002686	166.77	0.002686	0.025
-50	45.1	0.005802	4.9307	0.005802	0.025
-43.6	44.9	0.003618	89.938	0.003618	0.025
-46.3	45.5	0.002035	13.774	0.002035	0.025
-49.2	46.1	0.006604	10.671	0.006604	0.025
-42.7	45.8	0.005084	85.26	0.005084	0.025
-45.5	46.4	0.001843	51.172	0.001843	0.025
-48.4	47	0.006109	17.765	0.006109	0.025
-51.3	47.4	0.006698	20.553	0.006698	0.025
-44.7	47.4	0.003746	83.453	0.003746	0.025
-47.6	47.9	0.00378	25.899	0.00378	0.025
-50.5	48.3	0.004279	33.447	0.004279	0.025
-43.7	48.3	0.004907	91.676	0.004907	0.025
-46.7	48.8	0.001373	54.369	0.001373	0.025
-49.8	49.3	0.002903	53.004	0.002903	0.025
-42.7	49.2	0.004337	86.868	0.004337	0.025
-45.8	49.7	0.003488	83.741	0.003488	0.025
-48.9	50.2	0.002577	61.475	0.002577	0.025
-52.1	50.6	0.006016	66.242	0.006016	0.025
-44.8	50.7	0.006251	77.267	0.006251	0.025
-48	51.1	0.003637	62.416	0.003637	0.025
-51.3	51.5	0.007649	67.73	0.007649	0.025
-43.8	51.6	0.00961	71.078	0.00961	0.025
-47.1	52.1	0.006051	64.422	0.006051	0.025
-50.4	52.4	0.009134	65.216	0.009134	0.025
-42.8	52.5	0.017181	65.039	0.017181	0.025
-46.1	53	0.006571	70.068	0.006571	0.025
-49.5	53.4	0.008762	62.221	0.008762	0.025
-52.9	53.7	0.008729	66.925	0.008729	0.025
-45.1	53.9	0.005371	81.586	0.005371	0.025
-48.5	54.3	0.006148	57.83	0.006148	0.025
-52	54.6	0.006884	61.162	0.006884	0.025
-44	54.9	0.007323	96.592	0.007323	0.025
-47.6	55.3	0.003074	69.868	0.003074	0.025
-51.1	55.6	0.005126	60.302	0.005126	0.025
-42.8	55.8	0.015964	128.33	0.015964	0.025
-46.5	56.2	0.004838	111.35	0.004838	0.025
-50.2	56.5	0.003007	58.576	0.003007	0.025
-41.7	56.8	0.035946	145.74	0.035946	0.025
-45.3	57.2	0.012609	115.61	0.012609	0.025
-49.2	57.5	0.003711	94.233	0.003711	0.025
-53	57.7	0.008315	67.547	0.008315	0.025
-44.2	58.1	0.019549	119.73	0.019549	0.025
-48	58.5	0.006861	107.17	0.006861	0.025
-52	58.7	0.00924	71.867	0.00924	0.025
-43	59.1	0.017574	122.59	0.017574	0.025
-46.9	59.4	0.012186	112.68	0.012186	0.025
-50.9	59.6	0.010854	78.369	0.010854	0.025
-41.6	60	0.002477	152.94	0.002477	0.025
-45.8	60.4	0.018221	113.99	0.018221	0.025
-49.9	60.6	0.012427	88.392	0.012427	0.025
-54.1	60.7	0.012693	78.449	0.012693	0.025
-44.4	61.4	0.016816	107.49	0.016816	0.025
-48.8	61.6	0.018027	99.029	0.018027	0.025
-53.1	61.7	0.013578	83.55	0.013578	0.025
-43	62.3	0.010395	72.191	0.010395	0.025
-47.5	62.6	0.016447	94.114	0.016447	0.025
-52	62.7	0.016901	83.588	0.016901	0.025
-41.6	63.3	0.02071	45.05	0.02071	0.025
-46.1	63.6	0.015705	68.976	0.015705	0.025
-50.8	63.7	0.022379	75.491	0.022379	0.025
-55.5	63.7	0.016453	78.418	0.016453	0.025
-44.7	64.6	0.030587	45.698	0.030587	0.025
-49.5	64.8	0.027387	60.798	0.027387	0.025
-54.3	64.7	0.027524	68.132	0.027524	0.025
-43.2	65.6	0.034633	39.542	0.034633	0.025
-48.1	65.8	0.044247	45.045	0.044247	0.025
-53.1	65.8	0.039692	61.733	0.039692	0.025
-41.5	66.6	0.029785	31.092	0.029785	0.025
-46.7	66.8	0.055771	43.02	0.055771	0.025
-51.9	66.8	0.046599	56.125	0.046599	0.025
-57	66.7	0.032396	64.506	0.032396	0.025
-45.1	67.8	0.062604	43.783	0.062604	0.025
-50.6	67.9	0.059693	51.263	0.059693	0.025
-55.9	67.8	0.034318	60.511	0.034318	0.025
-43.3	68.8	0.068399	38.511	0.068399	0.025
-49	68.9	0.065294	48.071	0.065294	0.025
-54.7	68.8	0.035155	54.737	0.035155	0.025
-41.5	69.8	0.072423	25.562	0.072423	0.025
-47.3	70	0.066474	42.53	0.066474	0.025
-53.3	69.9	0.032892	50.195	0.032892	0.025
-59.2	69.6	0.009612	56.73	0.009612	0.025
-45.6	71	0.066504	33.882	0.066504	0.025
-51.7	71	0.029729	46.872	0.029729	0.025
-57.9	70.7	0.007827	51.458	0.007827	0.025
-43.6	72	0.068235	24.848	0.068235	0.025
-50.1	72.1	0.025592	41.717	0.025592	0.025
-56.6	71.9	0.005781	52.846	0.005781	0.025
-41.4	73.1	0.068559	19.868	0.068559	0.025
-48.4	73.1	0.021441	33.391	0.021441	0.025
-55.2	73	0.004496	52.085	0.004496	0.025
-38.8	74.1	0.072132	22.92	0.072132	0.025
-46.2	74.2	0.019731	27.286	0.019731	0.025
-53.7	74.1	0.002925	45.96	0.002925	0.025
-60.7	73.7	0.001025	149.03	0.001025	0.025
-43.8	75.3	0.019958	28.707	0.019958	0.025
-51.7	75.2	0.002089	47.744	0.002089	0.025
-59.5	74.8	0.001363	130.95	0.001363	0.025
-41.2	76.3	0.019907	31.99	0.019907	0.025
-49.5	76.3	0.001893	56.029	0.001893	0.025
-57.9	76	0.001602	114.11	0.001602	0.025
-38.2	77.3	0.019183	33.62	0.019183	0.025
-47.2	77.4	0.002247	55.974	0.002247	0.025
-56.1	77.2	0.001719	103.4	0.001719	0.025
-64.6	76.6	0.001423	118.37	0.001423	0.025
-44.4	78.5	0.001943	54.329	0.001943	0.025
-54.2	78.3	0.00147	92.45	0.00147	0.025
-63.3	77.8	0.000684	82.56	0.000684	0.025
-40.9	79.6	0.000967	39.354	0.000967	0.025
-51.9	79.5	0.001323	80.852	0.001323	0.025
-62	79	0.001081	50.908	0.001081	0.025
-36.6	80.6	0.000902	2.2751	0.000902	0.025
-48.8	80.6	0.001076	69.376	0.001076	0.025
-60.5	80.2	0.001391	37.586	0.001391	0.025
-70.7	79.5	0.001644	22.452	0.001644	0.025
-45	81.8	0.000159	11.181	0.000159	0.025
-58.3	81.5	0.001384	27.691	0.001384	0.025
-70.1	80.7	0.001363	23.287	0.001363	0.025
-40.3	82.9	0.001222	165.02	0.001222	0.025
-55.5	82.7	0.001154	22.078	0.001154	0.025
-69.3	82	0.00136	15.938	0.00136	0.025
-34.1	83.9	0.001496	169.84	0.001496	0.025
-52.1	83.9	0.000607	19.216	0.000607	0.025
-68.2	83.2	0.001011	13.618	0.001011	0.025
-81.1	82.2	0.000699	42.082	0.000699	0.025
-47.1	85	0.000442	18.667	0.000442	0.025
-67.1	84.5	0.000319	12.362	0.000319	0.025
-82.2	83.4	0.000564	47.32	0.000564	0.025
-38.6	86.2	0.000311	167.13	0.000311	0.025
-65.6	85.8	0.000354	173.06	0.000354	0.025
-84.4	84.7	0.000499	23.096	0.000499	0.025
-23.9	87.2	0.000722	130.7	0.000722	0.025
-62.4	87.1	0.000648	138.6	0.000648	0.025
-88.1	85.9	0.000668	13.391	0.000668	0.025
1.6	87.8	0.000992	119.53	0.000992	0.025
-54.6	88.3	0.001472	123.97	0.001472	0.025
-94.9	87.2	0.000363	143.44	0.000363	0.025
-108.6	85.5	0.000967	172.88	0.000967	0.025
-15	89.5	0.002227	121.13	0.002227	0.025
-112.2	88.3	0.001392	120.23	0.001392	0.025
-121	86.5	0.000648	158.45	0.000648	0.025
86.1	88.9	0.001869	123.39	0.001869	0.025
-162.4	88.9	0.001847	119.85	0.001847	0.025
-141.4	87.2	0.000864	128.76	0.000864	0.025
99.2	87.6	0.000966	129.63	0.000966	0.025
149.7	88.2	0.001375	120.33	0.001375	0.025
-168.6	87.3	0.001167	114.63	0.001167	0.025
-152.4	85.8	0.00052	114.87	0.00052	0.025
132.5	87.1	0.000841	110.46	0.000841	0.025
167.2	86.8	0.001155	107.9	0.001155	0.025
-170.2	85.8	0.000782	93.869	0.000782	0.025
125.5	85.8	0.000972	96.096	0.000972	0.025
150.8	86	0.001265	106.09	0.001265	0.025
173.6	85.4	0.000888	90.382	0.000888	0.025
