7	8.4	0.000315	163.02	0.000315	0.025
5.7	9.7	0.000187	176.88	0.000187	0.025
4.3	10.9	0.000145	39.693	0.000145	0.025
3	12.2	0.000144	42.072	0.000144	0.025
7	10	0.000207	5.5178	0.000207	0.025
5.7	11.2	0.000206	30.603	0.000206	0.025
4.4	12.5	0.000194	55.455	0.000194	0.025
8.3	10.2	0.000194	2.1906	0.000194	0.025
7	11.5	0.000221	24.173	0.000221	0.025
5.7	12.8	9.4e-05	52.113	9.4e-05	0.025
9.7	10.5	0.000163	169.62	0.000163	0.025
8.3	11.8	0.00015	11.183	0.00015	0.025
7	13.1	6.9e-05	16.255	6.9e-05	0.025
5.7	14.5	7.8e-05	72.385	7.8e-05	0.025
9.6	12	0.000115	165.86	0.000115	0.025
8.3	13.4	7.6e-05	13.745	7.6e-05	0.025
7	14.8	4.1e-05	153.98	4.1e-05	0.025
11	12.2	0.000118	161.94	0.000118	0.025
9.7	13.7	5.1e-05	8.3107	5.1e-05	0.025
8.3	15.1	7.2e-05	175.87	7.2e-05	0.025
12.3	12.5	0.000114	175.52	0.000114	0.025
11	13.9	5.7e-05	8.808	5.7e-05	0.025
9.7	15.3	0.000129	10.18	0.000129	0.025
8.3	16.7	6.7e-05	11.985	6.7e-05	0.025
12.3	14.1	8.3e-05	22.889	8.3e-05	0.025
11	15.5	0.000196	14.917	0.000196	0.025
9.7	17	0.000135	165.87	0.000135	0.025
13.6	14.3	0.000104	34.04	0.000104	0.025
12.3	15.7	0.000182	21.933	0.000182	0.025
11	17.2	0.000157	172.03	0.000157	0.025
14.9	14.4	0.00014	42.692	0.00014	0.025
13.6	15.9	0.000107	30.796	0.000107	0.025
12.3	17.4	0.000125	177.05	0.000125	0.025
11	18.9	0.000412	136.77	0.000412	0.025
14.9	16.1	7.1e-05	61.254	7.1e-05	0.025
13.6	17.6	3.2e-05	3.4114	3.2e-05	0.025
12.4	19.1	0.000321	134.61	0.000321	0.025
16.3	16.2	0.000157	86.345	0.000157	0.025
15	17.8	0.000116	110.78	0.000116	0.025
13.7	19.3	0.000255	120.42	0.000255	0.025
17.6	16.3	0.000202	97.36	0.000202	0.025
16.3	17.9	0.000287	104.59	0.000287	0.025
15	19.5	0.0003	107.02	0.0003	0.025
13.7	21	0.000609	136.86	0.000609	0.025
17.6	18	0.000344	101.98	0.000344	0.025
16.4	19.6	0.000293	100.65	0.000293	0.025
15.1	21.2	0.000413	144.73	0.000413	0.025
18.9	18.1	0.000179	104.88	0.000179	0.025
17.7	19.7	0.000125	102.56	0.000125	0.025
16.5	21.3	0.00029	153.88	0.00029	0.025
20.2	18.2	0.000136	9.4259	0.000136	0.025
19	19.8	0.000242	173.48	0.000242	0.025
17.8	21.5	0.000345	167.23	0.000345	0.025
21.5	18.2	0.000372	10.503	0.000372	0.025
20.3	19.9	0.000542	176.81	0.000542	0.025
19.1	21.6	0.000538	176.59	0.000538	0.025
17.9	23.2	0.00043	134.42	0.00043	0.025
21.6	19.9	0.000666	176.77	0.000666	0.025
20.5	21.6	0.000682	176.8	0.000682	0.025
19.2	23.4	0.000543	130.54	0.000543	0.025
22.9	20	0.00079	175.01	0.00079	0.025
21.8	21.7	0.000696	173.9	0.000696	0.025
20.6	23.4	0.000227	130.43	0.000227	0.025
24.2	20	0.00085	177.53	0.00085	0.025
23.1	21.7	0.000675	171.71	0.000675	0.025
22	23.5	3.8e-05	17.977	3.8e-05	0.025
20.8	25.2	0.000215	175.6	0.000215	0.025
24.4	21.8	0.000666	172.63	0.000666	0.025
23.3	23.5	0.000274	162.14	0.000274	0.025
22.2	25.3	0.000356	160.8	0.000356	0.025
25.7	21.7	0.000621	171.37	0.000621	0.025
24.6	23.6	0.000768	161.43	0.000768	0.025
23.5	25.3	0.000568	169.33	0.000568	0.025
26.9	21.7	0.000565	160.25	0.000565	0.025
25.9	23.5	0.000989	164.29	0.000989	0.025
24.8	25.4	0.000894	178.48	0.000894	0.025
23.7	27.1	0.000993	87.388	0.000993	0.025
27.2	23.5	0.000844	160.92	0.000844	0.025
26.1	25.3	0.00115	3.3007	0.00115	0.025
25.1	27.2	0.000614	67.204	0.000614	0.025
28.5	23.5	0.000698	164.09	0.000698	0.025
27.5	25.3	0.001008	12.004	0.001008	0.025
26.4	27.2	0.00072	60.097	0.00072	0.025
29.7	23.4	0.000819	5.1901	0.000819	0.025
28.8	25.3	0.001002	32.42	0.001002	0.025
27.8	27.1	0.000968	61.995	0.000968	0.025
26.8	29	0.002818	117.09	0.002818	0.025
30	25.2	0.001426	39.259	0.001426	0.025
29.1	27.1	0.001373	66.968	0.001373	0.025
28.2	29	0.002281	133.81	0.002281	0.025
31.3	25.1	0.002189	39.879	0.002189	0.025
30.4	27	0.001744	62.617	0.001744	0.025
29.5	28.9	0.003005	146.61	0.003005	0.025
32.6	25	0.002802	39.252	0.002802	0.025
31.7	26.9	0.002148	58.81	0.002148	0.025
30.8	28.9	0.003088	149.89	0.003088	0.025
33.8	24.9	0.001532	49.854	0.001532	0.025
33	26.8	0.002111	62.712	0.002111	0.025
32.2	28.8	0.002542	147.36	0.002542	0.025
31.3	30.7	0.013979	149.94	0.013979	0.025
34.3	26.7	0.000751	81.586	0.000751	0.025
33.5	28.7	0.003571	136.12	0.003571	0.025
32.7	30.6	0.013592	142.98	0.013592	0.025
35.5	26.6	0.001559	110.07	0.001559	0.025
34.8	28.6	0.00195	131.85	0.00195	0.025
34	30.5	0.007382	138.45	0.007382	0.025
36.8	26.4	0.002313	117.41	0.002313	0.025
36.1	28.5	0.001669	128.57	0.001669	0.025
35.4	30.4	0.004015	140.42	0.004015	0.025
34.6	32.4	0.008933	143.51	0.008933	0.025
37.3	28.3	0.001518	131.14	0.001518	0.025
36.7	30.3	0.001015	147.02	0.001015	0.025
36	32.3	0.005518	157.79	0.005518	0.025
38.6	28.1	0.00174	136.68	0.00174	0.025
38	30.1	0.000358	9.6535	0.000358	0.025
37.3	32.2	0.003705	174.22	0.003705	0.025
39.8	27.9	0.00202	142.24	0.00202	0.025
39.2	29.9	0.000499	0.56107	0.000499	0.025
38.7	32	0.002703	18.75	0.002703	0.025
38.1	34	0.007459	178.22	0.007459	0.025
40.5	29.8	0.000843	152.84	0.000843	0.025
40	31.8	0.002668	31.237	0.002668	0.025
39.4	33.8	0.004705	13.107	0.004705	0.025
41.7	29.6	0.000961	148.42	0.000961	0.025
41.3	31.6	0.002053	26.868	0.002053	0.025
40.8	33.6	0.004012	24.223	0.004012	0.025
43	29.4	0.001136	152.15	0.001136	0.025
42.5	31.4	0.00204	9.4246	0.00204	0.025
42.1	33.5	0.003499	15.319	0.003499	0.025
41.7	35.5	0.001813	148.97	0.001813	0.025
43.8	31.2	0.002577	175.67	0.002577	0.025
43.4	33.3	0.004436	1.1051	0.004436	0.025
43	35.3	0.002577	140.16	0.002577	0.025
45	30.9	0.003343	165.76	0.003343	0.025
44.7	33	0.005066	174.77	0.005066	0.025
44.4	35.1	0.004892	140.63	0.004892	0.025
46.2	30.7	0.003927	160.08	0.003927	0.025
46	32.8	0.004227	168.49	0.004227	0.025
45.7	34.8	0.007115	138.79	0.007115	0.025
45.4	36.9	0.014349	126.96	0.014349	0.025
47.2	32.5	0.002554	166.35	0.002554	0.025
47	34.6	0.007461	127.25	0.007461	0.025
46.8	36.6	0.018012	124.65	0.018012	0.025
48.4	32.3	0.000896	31.187	0.000896	0.025
48.3	34.3	0.005431	100.68	0.005431	0.025
48.1	36.4	0.01925	118.91	0.01925	0.025
49.7	32	0.003373	51.636	0.003373	0.025
49.5	34.1	0.007848	78.233	0.007848	0.025
49.4	36.1	0.016074	108.37	0.016074	0.025
50.9	31.7	0.005395	56.558	0.005395	0.025
50.8	33.8	0.008915	69.012	0.008915	0.025
50.7	35.9	0.012022	94.607	0.012022	0.025
50.7	37.9	0.010007	127.43	0.010007	0.025
52	33.5	0.008091	65.839	0.008091	0.025
52	35.6	0.007648	81.725	0.007648	0.025
52	37.6	0.013712	156.76	0.013712	0.025
53.2	33.2	0.007404	66.661	0.007404	0.025
53.3	35.2	0.001014	99.405	0.001014	0.025
53.4	37.3	0.019412	162.87	0.019412	0.025
54.4	32.9	0.005708	71.732	0.005708	0.025
54.5	35	0.002598	124.57	0.002598	0.025
54.7	37	0.017791	161.04	0.017791	0.025
54.8	39	0.027478	158	0.027478	0.025
55.8	34.7	0.003983	114.21	0.003983	0.025
55.9	36.7	0.01076	154.33	0.01076	0.025
56.1	38.6	0.019237	159.13	0.019237	0.025
57	34.3	0.004888	104.21	0.004888	0.025
57.2	36.4	0.005344	143.9	0.005344	0.025
57.4	38.3	0.01006	165.93	0.01006	0.025
58.2	34	0.004922	99.668	0.004922	0.025
58.4	36	0.003133	132.61	0.003133	0.025
58.7	38	0.00626	173.93	0.00626	0.025
59.1	40	0.005774	0.5961	0.005774	0.025
59.7	35.7	0.001703	130.88	0.001703	0.025
60	37.6	0.004514	175.52	0.004514	0.025
60.4	39.6	0.003191	5.6483	0.003191	0.025
60.9	35.3	9.9e-05	113.83	9.9e-05	0.025
61.3	37.3	0.002499	2.7434	0.002499	0.025
61.7	39.2	0.001543	21.907	0.001543	0.025
62.1	35	0.001317	43.861	0.001317	0.025
62.5	36.9	0.001958	19.16	0.001958	0.025
63	38.8	0.001381	36.591	0.001381	0.025
63.5	40.8	0.002098	78.798	0.002098	0.025
63.7	36.6	0.002201	25.216	0.002201	0.025
64.3	38.5	0.00149	29.632	0.00149	0.025
-2.5	15	0.00011	57.07	0.00011	0.025
1.4	13	4.5e-05	8.3112	4.5e-05	0.025
0.1	14.2	0.000121	63.022	0.000121	0.025
-1.2	15.4	0.000104	81.595	0.000104	0.025
2.7	13.4	7.2e-05	77.434	7.2e-05	0.025
1.4	14.6	0.000134	57.9	0.000134	0.025
0	15.9	8.6e-05	64.566	8.6e-05	0.025
4	13.7	0.000228	83.408	0.000228	0.025
2.7	15	0.000187	59.867	0.000187	0.025
1.4	16.3	0.000159	37.274	0.000159	0.025
0	17.6	0.000168	46.332	0.000168	0.025
4	15.4	0.000245	61.748	0.000245	0.025
2.7	16.7	0.000247	39.399	0.000247	0.025
1.3	18	0.00042	49.84	0.00042	0.025
5.3	15.7	0.000274	49.549	0.000274	0.025
4	17	0.000307	52.006	0.000307	0.025
2.7	18.4	0.000603	65.677	0.000603	0.025
6.7	16	0.00023	33.652	0.00023	0.025
5.3	17.4	0.000328	56.869	0.000328	0.025
4	18.7	0.000977	75.402	0.000977	0.025
2.6	20.1	0.002239	79.179	0.002239	0.025
6.7	17.7	0.000286	59.523	0.000286	0.025
5.3	19.1	0.001082	77.341	0.001082	0.025
4	20.5	0.003505	81.911	0.003505	0.025
8	18	0.000127	86.76	0.000127	0.025
6.7	19.4	0.001315	81.318	0.001315	0.025
5.3	20.8	0.004052	81.568	0.004052	0.025
9.4	18.2	0.000261	129.5	0.000261	0.025
8	19.7	0.000962	87.872	0.000962	0.025
6.7	21.1	0.003606	78.07	0.003606	0.025
5.3	22.6	0.004717	78.259	0.004717	0.025
9.4	20	0.000845	102.28	0.000845	0.025
8	21.4	0.003094	78.408	0.003094	0.025
6.7	22.9	0.004426	69.955	0.004426	0.025
10.7	20.2	0.000888	113.72	0.000888	0.025
9.4	21.7	0.002557	88.623	0.002557	0.025
8.1	23.2	0.004605	74.117	0.004605	0.025
12.1	20.4	0.000712	122.16	0.000712	0.025
10.7	22	0.001962	106.45	0.001962	0.025
9.4	23.5	0.004471	80.207	0.004471	0.025
8.1	25	0.005146	58.297	0.005146	0.025
12.1	22.2	0.001602	121.77	0.001602	0.025
10.8	23.7	0.003697	90.001	0.003697	0.025
9.4	25.3	0.006512	69.265	0.006512	0.025
13.5	22.4	0.00125	136.7	0.00125	0.025
12.2	24	0.002706	107.18	0.002706	0.025
10.8	25.5	0.006161	80.124	0.006161	0.025
14.8	22.6	0.000967	141.77	0.000967	0.025
13.6	24.1	0.002245	125.4	0.002245	0.025
12.2	25.8	0.004637	93.899	0.004637	0.025
10.9	27.4	0.006277	74.936	0.006277	0.025
14.9	24.3	0.002013	135.95	0.002013	0.025
13.7	26	0.004561	119.17	0.004561	0.025
12.3	27.6	0.003565	88.233	0.003565	0.025
16.3	24.5	0.001961	140.88	0.001961	0.025
15	26.2	0.003723	127.33	0.003723	0.025
13.8	27.8	0.001189	111.11	0.001189	0.025
17.7	24.6	0.001029	145.21	0.001029	0.025
16.4	26.3	0.002439	132.73	0.002439	0.025
15.2	28	0.000877	164.87	0.000877	0.025
19.1	24.7	0.000458	146.36	0.000458	0.025
17.8	26.4	0.001221	137.09	0.001221	0.025
16.6	28.2	0.001205	157.47	0.001205	0.025
15.3	29.8	0.005814	23.227	0.005814	0.025
19.2	26.5	0.000619	128.06	0.000619	0.025
18	28.3	0.001512	132.43	0.001512	0.025
16.7	30	0.005315	22.668	0.005315	0.025
20.6	26.6	0.000792	108.45	0.000792	0.025
19.4	28.4	0.003322	121.52	0.003322	0.025
18.2	30.1	0.002176	16.04	0.002176	0.025
22	26.7	0.000791	94.437	0.000791	0.025
20.8	28.5	0.004342	120.4	0.004342	0.025
19.7	30.2	0.002118	139.31	0.002118	0.025
18.4	32	0.003481	168.77	0.003481	0.025
22.2	28.6	0.004046	117.36	0.004046	0.025
21.1	30.3	0.00437	135.19	0.00437	0.025
19.9	32.1	0.008415	155.22	0.008415	0.025
23.6	28.6	0.003049	109.61	0.003049	0.025
22.5	30.4	0.005352	133.12	0.005352	0.025
21.4	32.2	0.012227	161.39	0.012227	0.025
25	28.6	0.002634	103.26	0.002634	0.025
23.9	30.5	0.00621	132.95	0.00621	0.025
22.8	32.3	0.014158	162.18	0.014158	0.025
21.7	34.1	0.043298	160.04	0.043298	0.025
25.4	30.5	0.008332	135.68	0.008332	0.025
24.3	32.3	0.016552	153.24	0.016552	0.025
23.2	34.2	0.044875	162.24	0.044875	0.025
26.8	30.5	0.009139	141.76	0.009139	0.025
25.7	32.3	0.024311	146.99	0.024311	0.025
24.7	34.2	0.039676	158.04	0.039676	0.025
28.1	30.5	0.010206	150.25	0.010206	0.025
27.2	32.4	0.028168	147.09	0.028168	0.025
26.2	34.2	0.041986	153.21	0.041986	0.025
25.1	36.1	0.074516	165.95	0.074516	0.025
28.6	32.4	0.025912	152.45	0.025912	0.025
27.6	34.2	0.041037	154.61	0.041037	0.025
26.6	36.1	0.055306	167.18	0.055306	0.025
30	32.3	0.022837	157.96	0.022837	0.025
29.1	34.2	0.03887	162.08	0.03887	0.025
28.1	36.1	0.052833	168.01	0.052833	0.025
31.4	32.2	0.020094	155.01	0.020094	0.025
30.5	34.2	0.034623	164.3	0.034623	0.025
29.6	36.1	0.034416	156.85	0.034416	0.025
32.8	32.1	0.011667	138.68	0.011667	0.025
32	34.1	0.016634	144.98	0.016634	0.025
31.1	36.1	0.028198	154.31	0.028198	0.025
30.2	38	0.025296	152.52	0.025296	0.025
33.4	34	0.013353	140.94	0.013353	0.025
32.6	36	0.023114	151.95	0.023114	0.025
31.8	38	0.020165	161.96	0.020165	0.025
34.8	33.9	0.009265	150.08	0.009265	0.025
34.1	35.9	0.016209	156.67	0.016209	0.025
33.3	37.9	0.019345	169.74	0.019345	0.025
36.2	33.8	0.008012	166.59	0.008012	0.025
35.5	35.8	0.013513	170.72	0.013513	0.025
34.8	37.8	0.019096	174.61	0.019096	0.025
34.1	39.7	0.033844	176.81	0.033844	0.025
36.9	35.7	0.01248	178.8	0.01248	0.025
36.3	37.7	0.015537	176.36	0.015537	0.025
35.6	39.7	0.023388	172.18	0.023388	0.025
38.4	35.5	0.008952	177.59	0.008952	0.025
37.8	37.5	0.009315	167.69	0.009315	0.025
37.1	39.5	0.016619	156.4	0.016619	0.025
39.8	35.3	0.004837	173.26	0.004837	0.025
39.2	37.3	0.008366	138.85	0.008366	0.025
38.7	39.4	0.015426	133.2	0.015426	0.025
38.1	41.4	0.035404	136.62	0.035404	0.025
40.7	37.2	0.010522	125.76	0.010522	0.025
40.2	39.2	0.017917	121.37	0.017917	0.025
39.7	41.2	0.029701	121.17	0.029701	0.025
42.1	37	0.011109	121.15	0.011109	0.025
41.6	39	0.017071	120.04	0.017071	0.025
41.2	41	0.021947	113.35	0.021947	0.025
43.5	36.8	0.010469	121.33	0.010469	0.025
43.1	38.8	0.013554	124.48	0.013554	0.025
42.7	40.8	0.011225	108.41	0.011225	0.025
42.3	42.8	0.020759	113.11	0.020759	0.025
44.5	38.6	0.012888	133.29	0.012888	0.025
44.2	40.7	0.005075	116.22	0.005075	0.025
43.9	42.7	0.007909	105	0.007909	0.025
46	38.3	0.014185	136.09	0.014185	0.025
45.7	40.4	0.007958	144.51	0.007958	0.025
45.5	42.4	0.003765	111.71	0.003765	0.025
47.4	38.1	0.015585	129.45	0.015585	0.025
47.2	40.1	0.008366	149.49	0.008366	0.025
47	42.2	0.004086	143.66	0.004086	0.025
46.8	44.2	0.010375	129.7	0.010375	0.025
48.6	39.9	0.003616	145.52	0.003616	0.025
48.5	41.9	0.0036	169.53	0.0036	0.025
48.4	43.9	0.009229	130.26	0.009229	0.025
50	39.6	0.003089	145.26	0.003089	0.025
50	41.6	0.003545	179.8	0.003545	0.025
49.9	43.6	0.003324	130.4	0.003324	0.025
51.4	39.3	0.015795	160.16	0.015795	0.025
51.4	41.4	0.006141	174.48	0.006141	0.025
51.5	43.3	0.002823	35.085	0.002823	0.025
52.8	39	0.025832	160.74	0.025832	0.025
52.9	41	0.011183	165.87	0.011183	0.025
53	43	0.005944	32.115	0.005944	0.025
53.1	45	0.003714	39.169	0.003714	0.025
54.3	40.7	0.015464	156.98	0.015464	0.025
54.4	42.7	0.004817	21.376	0.004817	0.025
54.6	44.7	0.004701	32.66	0.004701	0.025
55.7	40.4	0.015324	154.14	0.015324	0.025
55.9	42.3	0.003573	5.039	0.003573	0.025
56.1	44.3	0.004354	21.825	0.004354	0.025
57.1	40.1	0.010147	161.06	0.010147	0.025
57.3	42	0.003516	1.209	0.003516	0.025
57.6	43.9	0.003397	15.301	0.003397	0.025
58	45.9	0.002657	19.817	0.002657	0.025
58.7	41.7	0.002897	8.791	0.002897	0.025
59.1	43.6	0.001381	24.155	0.001381	0.025
59.5	45.5	0.0013	19.706	0.0013	0.025
60.1	41.3	0.001007	33.713	0.001007	0.025
60.5	43.2	0.001284	82.185	0.001284	0.025
61	45.1	0.000655	93.595	0.000655	0.025
61.5	40.9	0.001572	75.935	0.001572	0.025
62	42.8	0.002406	91.295	0.002406	0.025
62.5	44.7	0.001736	100.87	0.001736	0.025
63	46.5	0.000926	100.13	0.000926	0.025
63.4	42.4	0.002615	91.055	0.002615	0.025
63.9	44.3	0.002004	98.519	0.002004	0.025
64.5	46.1	0.001347	99.898	0.001347	0.025
64.7	42	0.002381	86.339	0.002381	0.025
-5.5	16.9	0.000357	70.188	0.000357	0.025
-6.8	18.1	0.000589	68.787	0.000589	0.025
-2.9	16.2	8.3e-05	69.275	8.3e-05	0.025
-4.2	17.4	0.000187	86.175	0.000187	0.025
-5.6	18.6	0.00042	75.646	0.00042	0.025
-6.9	19.8	0.000482	75.482	0.000482	0.025
-3	17.9	0.000142	112.37	0.000142	0.025
-4.3	19.1	0.000279	88.986	0.000279	0.025
-5.7	20.3	0.000447	77.106	0.000447	0.025
-1.6	18.4	5.3e-05	76.722	5.3e-05	0.025
-3	19.6	0.000244	79.144	0.000244	0.025
-4.4	20.8	0.000497	71.783	0.000497	0.025
-0.3	18.8	0.000395	53.928	0.000395	0.025
-1.7	20.1	0.000504	66.015	0.000504	0.025
-3.1	21.4	0.000632	65.449	0.000632	0.025
1	19.2	0.000845	62.917	0.000845	0.025
-0.4	20.5	0.001117	73.311	0.001117	0.025
-1.8	21.8	0.000925	71.378	0.000925	0.025
-3.2	23.1	0.00065	66.84	0.00065	0.025
0.9	21	0.002362	81.834	0.002362	0.025
-0.4	22.3	0.001779	86.769	0.001779	0.025
-1.9	23.6	0.000835	103.87	0.000835	0.025
2.3	21.4	0.004235	85.736	0.004235	0.025
0.9	22.7	0.003446	97.511	0.003446	0.025
-0.5	24.1	0.002343	118.63	0.002343	0.025
3.6	21.8	0.005614	86.454	0.005614	0.025
2.2	23.1	0.005184	103.06	0.005184	0.025
0.8	24.5	0.004791	119.78	0.004791	0.025
-0.6	25.9	0.002448	126.47	0.002448	0.025
3.6	23.5	0.004809	100.04	0.004809	0.025
2.2	24.9	0.006044	118.94	0.006044	0.025
0.7	26.3	0.004428	119.84	0.004428	0.025
5	23.9	0.003253	75.573	0.003253	0.025
3.5	25.3	0.003853	115.75	0.003853	0.025
2.1	26.8	0.005293	118.15	0.005293	0.025
6.3	24.2	0.004189	56.087	0.004189	0.025
5	25.7	0.001544	65.093	0.001544	0.025
3.5	27.1	0.004287	118.01	0.004287	0.025
2	28.6	0.005003	117.92	0.005003	0.025
6.3	26	0.003708	51.4	0.003708	0.025
4.9	27.5	0.002565	115.57	0.002565	0.025
3.4	29	0.004986	120.38	0.004986	0.025
7.7	26.4	0.004855	58.096	0.004855	0.025
6.3	27.9	0.001841	101.46	0.001841	0.025
4.9	29.3	0.003802	122.43	0.003802	0.025
9.1	26.6	0.006642	67.309	0.006642	0.025
7.7	28.2	0.002078	80.386	0.002078	0.025
6.3	29.7	0.003341	126.33	0.003341	0.025
4.9	31.2	0.003914	122.52	0.003914	0.025
9.2	28.5	0.002339	70.441	0.002339	0.025
7.7	30	0.002834	132.34	0.002834	0.025
6.3	31.6	0.00262	128.17	0.00262	0.025
10.6	28.7	0.002767	66.771	0.002767	0.025
9.2	30.3	0.001345	160.37	0.001345	0.025
7.7	31.9	0.001061	4.8747	0.001061	0.025
12	29	0.001519	56.471	0.001519	0.025
10.7	30.6	0.001865	21.068	0.001865	0.025
9.2	32.2	0.002639	9.8871	0.002639	0.025
7.8	33.8	0.003785	15.325	0.003785	0.025
12.1	30.9	0.003233	24.359	0.003233	0.025
10.8	32.5	0.002807	4.4634	0.002807	0.025
9.3	34.1	0.006894	166.47	0.006894	0.025
13.6	31.1	0.005442	21.807	0.005442	0.025
12.2	32.7	0.002134	0.0007	0.002134	0.025
10.8	34.4	0.008931	147.62	0.008931	0.025
15.1	31.3	0.007312	22.206	0.007312	0.025
13.7	33	0.000594	31.79	0.000594	0.025
12.3	34.7	0.010086	127.05	0.010086	0.025
16.6	31.4	0.007174	22.427	0.007174	0.025
15.2	33.2	0.00221	66.622	0.00221	0.025
13.9	34.9	0.012543	112.55	0.012543	0.025
12.5	36.6	0.014097	122.72	0.014097	0.025
16.8	33.3	0.002024	120.03	0.002024	0.025
15.4	35.1	0.013914	114.4	0.013914	0.025
14	36.8	0.024626	115.86	0.024626	0.025
18.2	33.5	0.012241	142.11	0.012241	0.025
17	35.2	0.023364	130.37	0.023364	0.025
15.6	37	0.038864	122.84	0.038864	0.025
19.7	33.6	0.02469	151.11	0.02469	0.025
18.5	35.4	0.04243	142.55	0.04243	0.025
17.2	37.2	0.061571	132.34	0.061571	0.025
15.9	38.9	0.052526	131.18	0.052526	0.025
20	35.5	0.067436	150.35	0.067436	0.025
18.8	37.3	0.083633	140.51	0.083633	0.025
17.5	39.1	0.063711	141.92	0.063711	0.025
21.6	35.6	0.082236	157.33	0.082236	0.025
20.4	37.5	0.091795	149.81	0.091795	0.025
19.1	39.3	0.058872	155.66	0.058872	0.025
23.1	35.7	0.082671	162.48	0.082671	0.025
21.9	37.5	0.10023	159.13	0.10023	0.025
20.7	39.4	0.054946	174.95	0.054946	0.025
19.5	41.2	0.054321	4.5924	0.054321	0.025
23.5	37.6	0.09267	163.71	0.09267	0.025
22.4	39.5	0.065387	0.93441	0.065387	0.025
21.1	41.3	0.055182	13.246	0.055182	0.025
25.1	37.6	0.070663	164.93	0.070663	0.025
24	39.5	0.054293	174.08	0.054293	0.025
22.8	41.4	0.059043	6.4784	0.059043	0.025
26.6	37.7	0.046617	165.5	0.046617	0.025
25.6	39.6	0.035936	156.01	0.035936	0.025
24.5	41.5	0.054675	161.1	0.054675	0.025
23.3	43.4	0.053908	142.2	0.053908	0.025
27.2	39.6	0.029956	129.43	0.029956	0.025
26.2	41.5	0.048714	138.13	0.048714	0.025
25.1	43.4	0.071869	137.11	0.071869	0.025
28.8	39.6	0.02847	136.24	0.02847	0.025
27.8	41.5	0.056881	136.36	0.056881	0.025
26.8	43.4	0.051481	130.54	0.051481	0.025
30.4	39.5	0.026633	150.81	0.026633	0.025
29.5	41.5	0.054621	144.89	0.054621	0.025
28.5	43.5	0.049081	130.25	0.049081	0.025
32	39.5	0.025395	169.66	0.025395	0.025
31.1	41.4	0.055473	157.97	0.055473	0.025
30.2	43.4	0.046829	139.2	0.046829	0.025
29.2	45.4	0.024115	114.05	0.024115	0.025
32.7	41.4	0.055468	166.52	0.055468	0.025
31.9	43.3	0.046022	150.26	0.046022	0.025
31	45.3	0.019156	125.65	0.019156	0.025
34.3	41.3	0.052006	166.82	0.052006	0.025
33.6	43.3	0.053993	156.63	0.053993	0.025
32.8	45.2	0.025009	143.43	0.025009	0.025
35.9	41.2	0.04049	159.03	0.04049	0.025
35.2	43.2	0.052525	152.76	0.052525	0.025
34.5	45.2	0.034833	146.66	0.034833	0.025
33.7	47.1	0.014328	148.55	0.014328	0.025
36.9	43	0.048818	142.35	0.048818	0.025
36.2	45.1	0.037525	140.36	0.037525	0.025
35.5	47	0.021052	148.58	0.021052	0.025
38.5	42.9	0.046647	129.28	0.046647	0.025
37.9	44.9	0.037038	129.94	0.037038	0.025
37.3	46.9	0.01997	141.53	0.01997	0.025
40.1	42.7	0.039444	119.42	0.039444	0.025
39.6	44.7	0.0326	122.53	0.0326	0.025
39.1	46.7	0.015903	134.53	0.015903	0.025
38.5	48.7	0.004468	176.71	0.004468	0.025
41.3	44.6	0.023584	118.63	0.023584	0.025
40.8	46.5	0.009727	173.08	0.009727	0.025
40.4	48.6	0.005974	12.662	0.005974	0.025
42.9	44.4	0.011219	119.04	0.011219	0.025
42.6	46.4	0.012933	5.158	0.012933	0.025
42.2	48.3	0.008621	13.711	0.008621	0.025
44.5	44.1	0.005681	121.64	0.005681	0.025
44.2	46.1	0.010178	9.4226	0.010178	0.025
43.9	48.1	0.008973	11.36	0.008973	0.025
43.6	50.1	0.005351	173.09	0.005351	0.025
45.9	45.9	0.002111	179.15	0.002111	0.025
45.7	47.9	0.005369	12.001	0.005369	0.025
45.5	49.9	0.003017	153.64	0.003017	0.025
47.6	45.6	0.002887	127.9	0.002887	0.025
47.4	47.6	0.002113	12.164	0.002113	0.025
47.3	49.6	0.001951	100.96	0.001951	0.025
49.2	45.3	0.002488	140.85	0.002488	0.025
49.1	47.3	0.001732	0.94052	0.001732	0.025
49.1	49.3	0.002251	68.987	0.002251	0.025
49	51.3	0.006716	74.493	0.006716	0.025
50.8	47	0.00161	163.08	0.00161	0.025
50.8	49	0.001491	68.987	0.001491	0.025
50.9	50.9	0.006412	70.104	0.006412	0.025
52.4	46.7	0.000594	133.11	0.000594	0.025
52.6	48.6	0.001672	101.44	0.001672	0.025
52.7	50.6	0.003829	67.736	0.003829	0.025
54.1	46.4	0.000899	52.18	0.000899	0.025
54.2	48.3	0.002561	102.03	0.002561	0.025
54.5	50.2	0.001805	91.625	0.001805	0.025
55.6	46	0.00208	28.86	0.00208	0.025
55.9	47.9	0.001723	95.976	0.001723	0.025
56.2	49.9	0.00264	112.57	0.00264	0.025
56.5	51.7	0.002065	153.78	0.002065	0.025
57.5	47.5	0.000583	42.681	0.000583	0.025
57.9	49.4	0.001859	116.3	0.001859	0.025
58.3	51.3	0.002614	131.7	0.002614	0.025
59.1	47.2	0.00138	25.661	0.00138	0.025
59.6	49	0.000625	114.76	0.000625	0.025
60	50.9	0.001905	115.67	0.001905	0.025
60.7	46.8	0.0006	33.925	0.0006	0.025
61.2	48.6	0.000429	76.426	0.000429	0.025
61.7	50.4	0.001785	108.5	0.001785	0.025
62.3	52.3	0.001679	111.42	0.001679	0.025
62.8	48.2	0.0003	87.351	0.0003	0.025
63.4	50	0.001077	111.84	0.001077	0.025
64.1	51.8	0.001001	115.55	0.001001	0.025
64.4	47.7	0.000717	121.38	0.000717	0.025
65.1	49.5	0.000687	146.37	0.000687	0.025
65.8	51.3	0.000335	151.86	0.000335	0.025
-8.4	18.7	0.000562	74.519	0.000562	0.025
-9.8	19.9	0.00046	92.029	0.00046	0.025
-11.2	21	0.000448	119.02	0.000448	0.025
-12.6	22.1	0.000296	140.18	0.000296	0.025
-8.6	20.4	0.00041	89.54	0.00041	0.025
-10	21.6	0.000477	114.17	0.000477	0.025
-11.4	22.8	0.000282	120.55	0.000282	0.025
-7.3	21	0.000324	91.078	0.000324	0.025
-8.7	22.2	0.0005	119.99	0.0005	0.025
-10.2	23.4	0.000346	114.48	0.000346	0.025
-6.1	21.6	0.000325	74.957	0.000325	0.025
-7.5	22.8	0.000379	124.54	0.000379	0.025
-8.9	24	0.000352	120.76	0.000352	0.025
-10.4	25.2	0.000258	61.827	0.000258	0.025
-6.2	23.4	9.1e-05	61.88	9.1e-05	0.025
-7.7	24.6	3.6e-05	144.77	3.6e-05	0.025
-9.2	25.8	0.000416	31.112	0.000416	0.025
-4.9	23.9	0.00052	50.823	0.00052	0.025
-6.4	25.2	0.000428	37.666	0.000428	0.025
-7.9	26.4	0.000999	25.476	0.000999	0.025
-3.6	24.4	0.000494	73.559	0.000494	0.025
-5.1	25.7	0.000482	58.863	0.000482	0.025
-6.6	27	0.00106	28.566	0.00106	0.025
-2.3	24.9	0.000795	121.34	0.000795	0.025
-3.7	26.2	0.000429	87.768	0.000429	0.025
-5.3	27.5	0.000862	43.606	0.000862	0.025
-6.8	28.8	0.002821	27.938	0.002821	0.025
-2.4	26.7	0.000349	113.06	0.000349	0.025
-3.9	28	0.001092	61.534	0.001092	0.025
-5.5	29.4	0.002762	41.52	0.002762	0.025
-1.1	27.2	0.001672	114.87	0.001672	0.025
-2.6	28.6	0.001273	82.481	0.001273	0.025
-4.1	29.9	0.002243	61.863	0.002243	0.025
0.3	27.7	0.003569	113.74	0.003569	0.025
-1.2	29.1	0.00217	104.72	0.00217	0.025
-2.7	30.4	0.002178	88.591	0.002178	0.025
-4.3	31.8	0.001512	58.605	0.001512	0.025
0.2	29.5	0.003549	115.55	0.003549	0.025
-1.4	30.9	0.002865	108.03	0.002865	0.025
-2.9	32.3	0.0022	83.259	0.0022	0.025
1.6	29.9	0.005375	119.65	0.005375	0.025
0.1	31.4	0.004844	114.93	0.004844	0.025
-1.5	32.8	0.003603	83.472	0.003603	0.025
3.1	30.4	0.006041	119.5	0.006041	0.025
1.5	31.8	0.007083	117.12	0.007083	0.025
-0.1	33.3	0.003867	96.135	0.003867	0.025
-1.7	34.7	0.00919	47.384	0.00919	0.025
3	32.2	0.00684	118.96	0.00684	0.025
1.4	33.7	0.00338	116.91	0.00338	0.025
-0.2	35.2	0.012497	39.855	0.012497	0.025
4.4	32.6	0.005163	120.53	0.005163	0.025
2.9	34.1	0.002906	122.83	0.002906	0.025
1.3	35.6	0.028522	38.748	0.028522	0.025
5.9	33	0.001719	79.051	0.001719	0.025
4.4	34.6	0.002493	62.344	0.002493	0.025
2.8	36.1	0.02839	38.037	0.02839	0.025
1.2	37.6	0.046263	33.856	0.046263	0.025
5.9	34.9	0.003751	25.888	0.003751	0.025
4.3	36.5	0.022437	28.14	0.022437	0.025
2.7	38	0.038992	26.025	0.038992	0.025
7.4	35.2	0.007468	2.308	0.007468	0.025
5.9	36.8	0.021125	12.944	0.021125	0.025
4.2	38.4	0.03	9.5934	0.03	0.025
9	35.6	0.010761	167.27	0.010761	0.025
7.5	37.2	0.020366	6.6985	0.020366	0.025
5.8	38.8	0.025763	178.29	0.025763	0.025
4.2	40.4	0.036091	2.332	0.036091	0.025
9	37.5	0.016331	6.5441	0.016331	0.025
7.5	39.1	0.020294	8.8086	0.020294	0.025
5.8	40.7	0.020826	19.528	0.020826	0.025
10.6	37.8	0.00506	17.669	0.00506	0.025
9.1	39.4	0.021407	34.811	0.021407	0.025
7.5	41.1	0.042316	51.813	0.042316	0.025
12.2	38.1	0.013652	101.96	0.013652	0.025
10.7	39.8	0.025235	59.908	0.025235	0.025
9.1	41.4	0.072839	60.318	0.072839	0.025
13.8	38.3	0.028544	113.04	0.028544	0.025
12.3	40	0.020027	87.397	0.020027	0.025
10.8	41.7	0.082371	66.848	0.082371	0.025
9.2	43.4	0.090771	61.517	0.090771	0.025
14	40.2	0.022803	128.47	0.022803	0.025
12.5	42	0.057932	72.928	0.057932	0.025
10.9	43.7	0.10192	66.387	0.10192	0.025
15.7	40.4	0.034421	151.68	0.034421	0.025
14.2	42.2	0.023352	73.251	0.023352	0.025
12.7	43.9	0.099758	73.38	0.099758	0.025
17.3	40.6	0.049026	167.83	0.049026	0.025
15.9	42.4	0.02164	4.1966	0.02164	0.025
14.5	44.2	0.068903	83.729	0.068903	0.025
12.9	45.9	0.083406	80.339	0.083406	0.025
17.6	42.6	0.03647	1.0678	0.03647	0.025
16.2	44.4	0.041971	101.04	0.041971	0.025
14.7	46.1	0.054749	96.697	0.054749	0.025
19.4	42.7	0.027855	0.98129	0.027855	0.025
18	44.6	0.033857	124.51	0.033857	0.025
16.5	46.4	0.058433	121.42	0.058433	0.025
21.1	42.8	0.021868	175.56	0.021868	0.025
19.8	44.7	0.040323	131.66	0.040323	0.025
18.4	46.5	0.071447	129.87	0.071447	0.025
16.9	48.3	0.031472	139.24	0.031472	0.025
21.6	44.8	0.051549	130.49	0.051549	0.025
20.2	46.7	0.070009	131.23	0.070009	0.025
18.8	48.5	0.049107	139.04	0.049107	0.025
23.3	44.9	0.058632	129.56	0.058632	0.025
22.1	46.7	0.058327	128.76	0.058327	0.025
20.8	48.6	0.051572	135.33	0.051572	0.025
25.1	45	0.055887	124.92	0.055887	0.025
23.9	46.8	0.047276	122.31	0.047276	0.025
22.7	48.7	0.038598	130.75	0.038598	0.025
21.3	50.6	0.031466	139.24	0.031466	0.025
25.8	46.9	0.036138	112.66	0.036138	0.025
24.6	48.8	0.022548	112.5	0.022548	0.025
23.4	50.7	0.028742	134.74	0.028742	0.025
27.6	46.9	0.026822	104.53	0.026822	0.025
26.5	48.8	0.01873	84.364	0.01873	0.025
25.4	50.7	0.006533	112.6	0.006533	0.025
29.5	46.9	0.022171	101.86	0.022171	0.025
28.4	48.8	0.018716	69.423	0.018716	0.025
27.3	50.8	0.021234	48.48	0.021234	0.025
31.3	46.8	0.012757	114.01	0.012757	0.025
30.4	48.8	0.014314	65.187	0.014314	0.025
29.4	50.7	0.03395	40.307	0.03395	0.025
28.3	52.7	0.012025	16.615	0.012025	0.025
32.2	48.7	0.006622	40.291	0.006622	0.025
31.4	50.7	0.030156	30.13	0.030156	0.025
30.4	52.6	0.033982	18.116	0.033982	0.025
34.1	48.7	0.010007	5.4453	0.010007	0.025
33.3	50.6	0.021704	17.604	0.021704	0.025
32.4	52.6	0.037578	10.384	0.037578	0.025
36	48.5	0.010095	173.38	0.010095	0.025
35.3	50.5	0.013795	8.9397	0.013795	0.025
34.5	52.5	0.025582	3.9105	0.025582	0.025
33.7	54.4	0.038928	176.68	0.038928	0.025
37.2	50.4	0.006401	179.94	0.006401	0.025
36.5	52.4	0.012724	171.05	0.012724	0.025
35.8	54.3	0.022231	164.8	0.022231	0.025
39.1	50.2	0.003721	174.35	0.003721	0.025
38.5	52.2	0.010364	150.88	0.010364	0.025
37.9	54.2	0.010492	142.2	0.010492	0.025
41	50	0.004044	9.3306	0.004044	0.025
40.5	52	0.008569	150.75	0.008569	0.025
40	54	0.00432	127.97	0.00432	0.025
39.5	55.9	0.003353	22.722	0.003353	0.025
42.5	51.8	0.00548	158.41	0.00548	0.025
42.1	53.7	0.002486	51.92	0.002486	0.025
41.7	55.7	0.004504	51.462	0.004504	0.025
44.4	51.6	0.003201	155.9	0.003201	0.025
44.1	53.5	0.002929	59.393	0.002929	0.025
43.8	55.4	0.004222	70.431	0.004222	0.025
46.3	51.3	0.001859	97.508	0.001859	0.025
46.1	53.3	0.003429	81.265	0.003429	0.025
46	55.2	0.006903	97.175	0.006903	0.025
45.8	57.1	0.004223	99.721	0.004223	0.025
48.1	52.9	0.006424	77.526	0.006424	0.025
48	54.9	0.009931	96.047	0.009931	0.025
47.9	56.8	0.009735	101.98	0.009735	0.025
50.1	52.6	0.008226	71.638	0.008226	0.025
50.1	54.5	0.010918	87.285	0.010918	0.025
50.1	56.5	0.0137	95.629	0.0137	0.025
52	52.3	0.007035	65.767	0.007035	0.025
52.1	54.2	0.010026	82.651	0.010026	0.025
52.2	56.1	0.016706	93.507	0.016706	0.025
52.4	58	0.01524	101.61	0.01524	0.025
54	53.8	0.006934	83.652	0.006934	0.025
54.3	55.7	0.018782	94.736	0.018782	0.025
54.5	57.6	0.017621	97.798	0.017621	0.025
55.9	53.4	0.002357	95.083	0.002357	0.025
56.3	55.3	0.015554	97.153	0.015554	0.025
56.7	57.1	0.015804	96.133	0.015804	0.025
57.8	53	0.002496	144.13	0.002496	0.025
58.2	54.9	0.007519	106.34	0.007519	0.025
58.7	56.7	0.008894	99.481	0.008894	0.025
59.6	52.5	0.002306	125.83	0.002306	0.025
60.2	54.4	0.003415	122.33	0.003415	0.025
60.7	56.2	0.002983	119.23	0.002983	0.025
61.4	58	0.001756	130.61	0.001756	0.025
62	53.9	0.001488	135.9	0.001488	0.025
62.7	55.7	0.002555	162.91	0.002555	0.025
63.4	57.5	0.002838	164.55	0.002838	0.025
63.8	53.4	0.000287	148.88	0.000287	0.025
64.6	55.1	0.003013	179.42	0.003013	0.025
65.4	56.9	0.003447	172.21	0.003447	0.025
65.6	52.9	0.000467	28.971	0.000467	0.025
66.4	54.6	0.002549	4.82	0.002549	0.025
67.3	56.3	0.003123	171.75	0.003123	0.025
-18.4	24.2	0.000624	108.64	0.000624	0.025
-14.3	22.7	0.000155	156.6	0.000155	0.025
-15.7	23.8	0.000193	101.87	0.000193	0.025
-17.2	24.9	0.000661	112.08	0.000661	0.025
-13.1	23.4	9e-05	150	9e-05	0.025
-14.6	24.5	5.7e-05	139.1	5.7e-05	0.025
-16.1	25.6	0.000551	118.48	0.000551	0.025
-11.9	24	0.00018	79.344	0.00018	0.025
-13.4	25.2	0.000197	33.187	0.000197	0.025
-14.9	26.3	0.000176	140.5	0.000176	0.025
-16.5	27.5	0.000854	107.62	0.000854	0.025
-12.2	25.8	0.000392	36.517	0.000392	0.025
-13.7	27	0.000332	15.075	0.000332	0.025
-15.3	28.2	0.000337	94.194	0.000337	0.025
-10.9	26.5	0.000787	21.21	0.000787	0.025
-12.5	27.7	0.000875	18.886	0.000875	0.025
-14.1	28.9	0.000631	42.315	0.000631	0.025
-9.7	27.1	0.001576	18.778	0.001576	0.025
-11.2	28.3	0.001843	22.852	0.001843	0.025
-12.8	29.5	0.001986	34.187	0.001986	0.025
-14.5	30.7	0.001162	43.392	0.001162	0.025
-10	29	0.002877	24.454	0.002877	0.025
-11.6	30.2	0.003516	32.423	0.003516	0.025
-13.2	31.4	0.00204	36.446	0.00204	0.025
-8.7	29.6	0.003677	26.71	0.003677	0.025
-10.3	30.8	0.004708	31.327	0.004708	0.025
-12	32.1	0.002221	31.996	0.002221	0.025
-7.3	30.1	0.004069	30.608	0.004069	0.025
-9	31.4	0.005351	27.118	0.005351	0.025
-10.7	32.7	0.002213	20.966	0.002213	0.025
-6	30.7	0.003583	36.117	0.003583	0.025
-7.6	32	0.005676	22.411	0.005676	0.025
-9.3	33.3	0.003453	2.484	0.003453	0.025
-11.1	34.6	0.009429	128.12	0.009429	0.025
-6.2	32.6	0.005746	18.985	0.005746	0.025
-7.9	33.9	0.007808	2.3958	0.007808	0.025
-9.7	35.2	0.009969	148.73	0.009969	0.025
-4.9	33.2	0.004129	20.138	0.004129	0.025
-6.5	34.5	0.012485	4.5309	0.012485	0.025
-8.3	35.8	0.015947	167.26	0.015947	0.025
-3.4	33.7	0.003922	40.865	0.003922	0.025
-5.1	35.1	0.015462	12.262	0.015462	0.025
-6.9	36.4	0.026358	4.7375	0.026358	0.025
-8.7	37.7	0.027027	168.79	0.027027	0.025
-3.7	35.6	0.016622	24.713	0.016622	0.025
-5.4	37	0.066978	23.063	0.066978	0.025
-7.2	38.4	0.066747	16.182	0.066747	0.025
-2.2	36.1	0.033677	32.382	0.033677	0.025
-3.9	37.5	0.076204	29.534	0.076204	0.025
-5.8	38.9	0.10059	27.295	0.10059	0.025
-0.7	36.6	0.042152	33.696	0.042152	0.025
-2.4	38	0.060745	33.012	0.060745	0.025
-4.2	39.5	0.099502	33.944	0.099502	0.025
-6.1	40.9	0.059308	33.881	0.059308	0.025
-0.9	38.5	0.048846	31.512	0.048846	0.025
-2.7	40	0.06799	35.562	0.06799	0.025
-4.6	41.4	0.057496	42.172	0.057496	0.025
0.6	39	0.04154	23.13	0.04154	0.025
-1.1	40.5	0.044491	28.889	0.044491	0.025
-3	41.9	0.038277	48.026	0.038277	0.025
2.2	39.4	0.042234	11.739	0.042234	0.025
0.4	41	0.034309	13.54	0.034309	0.025
-1.4	42.5	0.021526	53.743	0.021526	0.025
-3.3	43.9	0.033192	92.084	0.033192	0.025
2.1	41.4	0.034066	5.2135	0.034066	0.025
0.2	42.9	0.013022	51.479	0.013022	0.025
-1.7	44.4	0.034093	92.8	0.034093	0.025
3.7	41.8	0.027037	5.228	0.027037	0.025
1.9	43.4	0.013186	28.465	0.013186	0.025
-0	44.9	0.024803	88.783	0.024803	0.025
5.4	42.2	0.020557	39.675	0.020557	0.025
3.6	43.8	0.017652	26.05	0.017652	0.025
1.7	45.4	0.00926	78.137	0.00926	0.025
-0.3	46.9	0.029043	83.472	0.029043	0.025
5.3	44.2	0.029394	41.408	0.029394	0.025
3.5	45.8	0.018823	15.515	0.018823	0.025
1.5	47.4	0.013424	62.201	0.013424	0.025
7	44.6	0.054359	50.741	0.054359	0.025
5.3	46.2	0.042337	21.78	0.042337	0.025
3.4	47.8	0.030606	25.788	0.030606	0.025
8.8	44.9	0.066703	55.373	0.066703	0.025
7.1	46.6	0.067824	31.077	0.067824	0.025
5.2	48.2	0.058425	26.353	0.058425	0.025
10.6	45.2	0.083371	66.584	0.083371	0.025
8.9	46.9	0.071129	39.249	0.071129	0.025
7.1	48.6	0.068176	33.132	0.068176	0.025
5.1	50.2	0.038814	39.315	0.038814	0.025
10.8	47.2	0.055312	54.485	0.055312	0.025
9	48.9	0.051942	45.751	0.051942	0.025
7.1	50.6	0.019901	47.058	0.019901	0.025
12.6	47.4	0.05089	64.714	0.05089	0.025
10.9	49.2	0.047875	59.212	0.047875	0.025
9.1	50.9	0.021441	77.732	0.021441	0.025
14.5	47.7	0.022956	75.877	0.022956	0.025
12.8	49.4	0.051554	56.754	0.051554	0.025
11.1	51.1	0.027775	70.836	0.027775	0.025
9.1	52.9	0.020453	41.998	0.020453	0.025
14.8	49.7	0.038547	48.183	0.038547	0.025
13.1	51.4	0.028161	56.407	0.028161	0.025
11.3	53.1	0.026997	46.698	0.026997	0.025
16.8	49.9	0.017434	28.619	0.017434	0.025
15.1	51.7	0.026003	50.905	0.026003	0.025
13.4	53.4	0.028278	62.448	0.028278	0.025
18.8	50	0.017083	154.51	0.017083	0.025
17.2	51.8	0.011461	49.743	0.011461	0.025
15.5	53.7	0.030161	80.032	0.030161	0.025
13.7	55.4	0.039957	87.349	0.039957	0.025
19.3	52	0.012648	127.27	0.012648	0.025
17.7	53.8	0.024851	99.717	0.024851	0.025
15.9	55.6	0.042563	94.571	0.042563	0.025
21.3	52.1	0.037929	132.95	0.037929	0.025
19.9	54	0.035066	121.26	0.035066	0.025
18.2	55.8	0.03502	105.31	0.03502	0.025
23.4	52.2	0.048126	131.9	0.048126	0.025
22	54.1	0.050793	126.09	0.050793	0.025
20.5	55.9	0.034672	113.24	0.034672	0.025
18.8	57.8	0.034343	99.083	0.034343	0.025
24.2	54.2	0.048139	126.07	0.048139	0.025
22.8	56	0.034816	119.94	0.034816	0.025
21.2	57.9	0.029706	103.14	0.029706	0.025
26.4	54.2	0.030003	127.54	0.030003	0.025
25.1	56.1	0.028834	125.58	0.028834	0.025
23.6	58	0.020851	113.14	0.020851	0.025
28.6	54.2	0.009698	166.54	0.009698	0.025
27.4	56.1	0.017209	137.96	0.017209	0.025
26	58	0.01314	145.57	0.01314	0.025
30.7	54.1	0.032499	7.6195	0.032499	0.025
29.7	56.1	0.017965	174.78	0.017965	0.025
28.5	58	0.018836	168.5	0.018836	0.025
27.2	59.9	0.016131	169.65	0.016131	0.025
31.9	56	0.030845	2.7155	0.030845	0.025
30.9	57.9	0.02157	174.59	0.02157	0.025
29.7	59.9	0.016931	174.51	0.016931	0.025
34.2	55.9	0.027371	0.65737	0.027371	0.025
33.3	57.8	0.02215	176.13	0.02215	0.025
32.3	59.8	0.019907	171.59	0.019907	0.025
36.4	55.8	0.011169	172.36	0.011169	0.025
35.6	57.7	0.020214	177.05	0.020214	0.025
34.8	59.7	0.024329	171.29	0.024329	0.025
33.8	61.6	0.02081	13.399	0.02081	0.025
38	57.6	0.014091	1.5002	0.014091	0.025
37.3	59.5	0.021242	177.05	0.021242	0.025
36.5	61.4	0.017728	14.865	0.017728	0.025
40.3	57.3	0.007695	16.638	0.007695	0.025
39.7	59.3	0.013359	8.9877	0.013359	0.025
39.1	61.3	0.014932	21.732	0.014932	0.025
42.6	57.1	0.004711	38.35	0.004711	0.025
42.2	59	0.008208	25.132	0.008208	0.025
41.7	61	0.01087	29.235	0.01087	0.025
41.2	62.9	0.008319	31.554	0.008319	0.025
44.5	58.8	0.003113	51.195	0.003113	0.025
44.2	60.7	0.005769	43.418	0.005769	0.025
43.9	62.6	0.006682	35.752	0.006682	0.025
46.8	58.5	0.004728	103.88	0.004728	0.025
46.7	60.4	0.002023	77.128	0.002023	0.025
46.5	62.3	0.002307	39.208	0.002307	0.025
49.1	58.1	0.010193	105.48	0.010193	0.025
49.1	60.1	0.004451	110.14	0.004451	0.025
49.1	61.9	0.002842	116.47	0.002842	0.025
49.1	63.8	0.002989	137.36	0.002989	0.025
51.5	59.7	0.007947	110.6	0.007947	0.025
51.6	61.6	0.00539	113.8	0.00539	0.025
51.8	63.4	0.004196	113.85	0.004196	0.025
53.8	59.2	0.009614	106.32	0.009614	0.025
54.1	61.1	0.005554	106.68	0.005554	0.025
54.4	63	0.004136	89.516	0.004136	0.025
56	58.8	0.009386	100.89	0.009386	0.025
56.4	60.6	0.00516	95.625	0.00516	0.025
56.9	62.5	0.005049	76.76	0.005049	0.025
57.4	64.3	0.005294	74.697	0.005294	0.025
58.7	60.1	0.00452	89.602	0.00452	0.025
59.3	61.9	0.00564	74.324	0.00564	0.025
60	63.7	0.005401	74.04	0.005401	0.025
60.9	59.6	0.002483	91.619	0.002483	0.025
61.7	61.4	0.004185	75.882	0.004185	0.025
62.5	63.1	0.003827	73.577	0.003827	0.025
63.1	59.1	0.001048	143.8	0.001048	0.025
63.9	60.8	0.001566	76.702	0.001566	0.025
64.8	62.5	0.001684	68.227	0.001684	0.025
65.2	58.5	0.002085	164.06	0.002085	0.025
66.1	60.2	0.00027	23.034	0.00027	0.025
67.1	61.9	0.001062	55.823	0.001062	0.025
68.2	63.6	0.001155	69.867	0.001155	0.025
68.2	59.6	0.001039	4.975	0.001039	0.025
-21.6	25.7	0.001447	99.163	0.001447	0.025
-23.1	26.8	0.001269	92.124	0.001269	0.025
-18.9	25.4	0.000985	111.1	0.000985	0.025
-20.5	26.5	0.001323	103	0.001323	0.025
-22.1	27.6	0.000983	95.75	0.000983	0.025
-17.8	26.2	0.001101	112.11	0.001101	0.025
-19.4	27.3	0.001257	104.77	0.001257	0.025
-21	28.3	0.00057	97.561	0.00057	0.025
-22.6	29.4	0.000743	38.899	0.000743	0.025
-18.3	28	0.00108	103.54	0.00108	0.025
-19.9	29.1	0.000244	88.54	0.000244	0.025
-21.5	30.2	0.000947	38.637	0.000947	0.025
-17.1	28.7	0.000686	96.403	0.000686	0.025
-18.8	29.9	0.000341	30.934	0.000341	0.025
-20.4	31	0.001024	31.952	0.001024	0.025
-15.9	29.5	0.000408	65.823	0.000408	0.025
-17.6	30.6	0.00064	26.285	0.00064	0.025
-19.3	31.7	0.001036	21.731	0.001036	0.025
-21.1	32.8	0.001922	178.81	0.001922	0.025
-16.4	31.3	0.000351	25.994	0.000351	0.025
-18.1	32.5	0.000597	176.33	0.000597	0.025
-19.9	33.6	0.002623	165.27	0.002623	0.025
-15.1	32	0.000555	139.75	0.000555	0.025
-16.9	33.2	0.002702	132.82	0.002702	0.025
-18.7	34.3	0.004275	139.31	0.004275	0.025
-13.9	32.7	0.002299	133.54	0.002299	0.025
-15.6	33.9	0.008091	127.36	0.008091	0.025
-17.4	35.1	0.010102	121.74	0.010102	0.025
-19.3	36.2	0.007714	118.3	0.007714	0.025
-14.4	34.6	0.014179	123.36	0.014179	0.025
-16.2	35.8	0.019387	112.37	0.019387	0.025
-18.1	37	0.016548	97.624	0.016548	0.025
-13.1	35.3	0.018448	117.73	0.018448	0.025
-14.9	36.5	0.030778	106.75	0.030778	0.025
-16.8	37.7	0.056107	88.052	0.056107	0.025
-11.7	35.9	0.016611	117.54	0.016611	0.025
-13.6	37.2	0.038004	104.1	0.038004	0.025
-15.5	38.4	0.072507	89.159	0.072507	0.025
-10.3	36.6	0.014794	130.72	0.014794	0.025
-12.2	37.9	0.046864	105.05	0.046864	0.025
-14.1	39.1	0.059504	91.728	0.059504	0.025
-16.2	40.3	0.074087	78.006	0.074087	0.025
-10.8	38.5	0.036289	122.46	0.036289	0.025
-12.7	39.8	0.036073	103.65	0.036073	0.025
-14.8	41	0.052028	78.501	0.052028	0.025
-9.4	39.2	0.026007	152.47	0.026007	0.025
-11.3	40.4	0.025976	124.31	0.025976	0.025
-13.3	41.7	0.03172	79.714	0.03172	0.025
-7.9	39.7	0.036563	12.055	0.036563	0.025
-9.9	41.1	0.018574	144.04	0.018574	0.025
-11.9	42.4	0.019599	72.397	0.019599	0.025
-14	43.6	0.040826	66.186	0.040826	0.025
-8.4	41.7	0.011395	178.39	0.011395	0.025
-10.4	43	0.013222	57.755	0.013222	0.025
-12.5	44.3	0.03894	60.326	0.03894	0.025
-6.8	42.3	0.016398	39.62	0.016398	0.025
-8.9	43.6	0.012746	58.303	0.012746	0.025
-11	45	0.033036	52.772	0.033036	0.025
-5.3	42.8	0.022466	65.667	0.022466	0.025
-7.3	44.2	0.014915	85.744	0.014915	0.025
-9.4	45.6	0.022317	43.099	0.022317	0.025
-11.7	46.9	0.026649	36.941	0.026649	0.025
-5.7	44.8	0.028345	99.758	0.028345	0.025
-7.8	46.2	0.009762	31.001	0.009762	0.025
-10	47.5	0.02674	20.014	0.02674	0.025
-4	45.4	0.036584	99.848	0.036584	0.025
-6.1	46.8	0.003127	50.072	0.003127	0.025
-8.3	48.1	0.021277	12.445	0.021277	0.025
-2.3	45.9	0.039516	93.422	0.039516	0.025
-4.4	47.3	0.015601	75.945	0.015601	0.025
-6.6	48.7	0.009983	19.511	0.009983	0.025
-9	50.1	0.014797	155.74	0.014797	0.025
-2.7	47.9	0.030089	73.4	0.030089	0.025
-4.9	49.3	0.007527	68.538	0.007527	0.025
-7.2	50.7	0.016871	151.07	0.016871	0.025
-0.9	48.3	0.035693	70.662	0.035693	0.025
-3.1	49.8	0.018645	73.167	0.018645	0.025
-5.4	51.3	0.016142	159.87	0.016142	0.025
0.9	48.8	0.036676	59.282	0.036676	0.025
-1.2	50.3	0.027596	65.706	0.027596	0.025
-3.5	51.8	0.018407	5.8142	0.018407	0.025
-6	53.3	0.05716	14.094	0.05716	0.025
0.7	50.8	0.031063	60.78	0.031063	0.025
-1.5	52.3	0.021713	21.098	0.021713	0.025
-4	53.8	0.06423	17.703	0.06423	0.025
2.6	51.3	0.03118	53.609	0.03118	0.025
0.4	52.8	0.024212	26.587	0.024212	0.025
-2	54.3	0.054168	22.737	0.054168	0.025
4.6	51.7	0.02475	44.415	0.02475	0.025
2.4	53.3	0.034043	28.273	0.034043	0.025
0.1	54.8	0.044718	28.252	0.044718	0.025
6.6	52	0.014191	45.188	0.014191	0.025
4.5	53.7	0.03569	25.044	0.03569	0.025
2.2	55.3	0.045113	29.364	0.045113	0.025
-0.3	56.8	0.037122	49.021	0.037122	0.025
6.6	54	0.030102	24.431	0.030102	0.025
4.3	55.7	0.042029	29.258	0.042029	0.025
1.9	57.2	0.039562	56.009	0.039562	0.025
8.7	54.4	0.028218	32.171	0.028218	0.025
6.6	56	0.034816	28.231	0.034816	0.025
4.2	57.6	0.03527	49.948	0.03527	0.025
10.9	54.7	0.023015	53.016	0.023015	0.025
8.8	56.4	0.023402	37.238	0.023402	0.025
6.6	58	0.033685	43.707	0.033685	0.025
4	59.6	0.042766	54.861	0.042766	0.025
11.1	56.7	0.023887	73.455	0.023887	0.025
8.9	58.4	0.032843	53.519	0.032843	0.025
6.5	60	0.048825	54.032	0.048825	0.025
13.4	56.9	0.03892	86.985	0.03892	0.025
11.3	58.7	0.037131	70.958	0.037131	0.025
9	60.3	0.051354	61.918	0.051354	0.025
15.8	57.1	0.038632	93.847	0.038632	0.025
13.8	58.9	0.03922	82.325	0.03922	0.025
11.5	60.6	0.045141	72.132	0.045141	0.025
9.1	62.3	0.053063	52.936	0.053063	0.025
16.3	59.1	0.036521	93.419	0.036521	0.025
14.2	60.9	0.032872	84.911	0.032872	0.025
11.8	62.6	0.033541	59.031	0.033541	0.025
18.7	59.3	0.0327	100.71	0.0327	0.025
16.8	61	0.013256	104.48	0.013256	0.025
14.6	62.8	0.00956	57.171	0.00956	0.025
21.2	59.4	0.022654	109.57	0.022654	0.025
19.5	61.2	0.014187	146.22	0.014187	0.025
17.5	63	0.016487	175.24	0.016487	0.025
15.2	64.8	0.014423	19.035	0.014423	0.025
22.1	61.3	0.017864	151.17	0.017864	0.025
20.3	63.1	0.026984	173.44	0.026984	0.025
18.2	64.9	0.022021	9.0616	0.022021	0.025
24.8	61.4	0.016786	162.42	0.016786	0.025
23.1	63.2	0.02177	178.83	0.02177	0.025
21.3	65	0.028712	12.098	0.028712	0.025
27.5	61.3	0.017032	2.063	0.017032	0.025
26	63.2	0.02018	14.118	0.02018	0.025
24.3	65.1	0.029101	18.757	0.029101	0.025
30.2	61.3	0.019821	9.539	0.019821	0.025
28.9	63.2	0.021896	25.604	0.021896	0.025
27.4	65.1	0.022223	25.379	0.022223	0.025
25.6	67	0.017315	7.5376	0.017315	0.025
31.7	63.1	0.020977	37.325	0.020977	0.025
30.5	65	0.018722	46.501	0.018722	0.025
29	66.9	0.008434	12.554	0.008434	0.025
34.5	63	0.017453	45.237	0.017453	0.025
33.5	64.9	0.021806	59.727	0.021806	0.025
32.3	66.8	0.007116	53.043	0.007116	0.025
37.3	62.8	0.011753	40.082	0.011753	0.025
36.4	64.8	0.014076	63.068	0.014076	0.025
35.5	66.7	0.007037	73.078	0.007037	0.025
34.4	68.5	0.004233	3.1153	0.004233	0.025
39.4	64.5	0.005725	47.629	0.005725	0.025
38.6	66.5	0.003896	81.589	0.003896	0.025
37.8	68.3	0.001382	164.54	0.001382	0.025
42.3	64.3	0.006579	32.279	0.006579	0.025
41.8	66.2	0.001634	50.914	0.001634	0.025
41.2	68.1	0.001224	51.643	0.001224	0.025
45.1	64	0.005333	29.062	0.005333	0.025
44.8	65.8	0.00137	27.735	0.00137	0.025
44.5	67.7	0.002094	56.397	0.002094	0.025
44.1	69.6	0.001582	48.887	0.001582	0.025
47.8	65.5	0.001416	140.68	0.001416	0.025
47.7	67.4	0.001016	72.541	0.001016	0.025
47.6	69.2	0.000826	59.743	0.000826	0.025
50.7	65.1	0.003311	117.83	0.003311	0.025
50.8	66.9	0.001838	101.42	0.001838	0.025
50.9	68.8	0.000561	106.74	0.000561	0.025
53.5	64.6	0.00356	92.15	0.00356	0.025
53.8	66.5	0.002555	95.06	0.002555	0.025
54.1	68.3	0.00126	112.99	0.00126	0.025
54.6	70.1	0.002073	151.57	0.002073	0.025
56.6	65.9	0.003572	82.044	0.003572	0.025
57.2	67.8	0.001312	101.56	0.001312	0.025
57.9	69.5	0.001776	161.14	0.001776	0.025
59.4	65.4	0.003764	77.633	0.003764	0.025
60.2	67.2	0.001096	90.777	0.001096	0.025
61.1	68.9	0.001107	160.84	0.001107	0.025
62	64.8	0.003025	74.242	0.003025	0.025
63	66.5	0.000899	95.378	0.000899	0.025
64	68.3	0.000832	130.08	0.000832	0.025
65.3	70	0.001309	147.9	0.001309	0.025
65.6	65.9	0.001077	99.873	0.001077	0.025
66.8	67.5	0.001188	114.59	0.001188	0.025
68.2	69.2	0.001046	132.93	0.001046	0.025
68.2	65.2	0.001539	105.27	0.001539	0.025
69.5	66.8	0.001571	113.04	0.001571	0.025
71	68.4	0.00069	122.92	0.00069	0.025
-24.8	27.2	0.000429	85.28	0.000429	0.025
-26.5	28.2	0.001746	165.38	0.001746	0.025
-28.2	29.2	0.00232	154.71	0.00232	0.025
-23.8	28	0.000453	71.679	0.000453	0.025
-25.5	29	0.001158	10.458	0.001158	0.025
-27.2	30.1	0.00266	164.63	0.00266	0.025
-29	31	0.001923	140.03	0.001923	0.025
-24.4	29.9	0.001443	16.101	0.001443	0.025
-26.2	30.9	0.002184	171.48	0.002184	0.025
-28	31.9	0.003309	142.22	0.003309	0.025
-23.4	30.7	0.001494	19.949	0.001494	0.025
-25.1	31.7	0.002435	171.04	0.002435	0.025
-27	32.7	0.003825	145.03	0.003825	0.025
-22.3	31.5	0.001324	18.305	0.001324	0.025
-24.1	32.5	0.002955	164.42	0.002955	0.025
-25.9	33.6	0.005406	145.9	0.005406	0.025
-27.8	34.6	0.005833	132.48	0.005833	0.025
-23	33.3	0.003907	159.9	0.003907	0.025
-24.9	34.4	0.007137	145.38	0.007137	0.025
-26.8	35.4	0.008329	140.51	0.008329	0.025
-21.9	34.1	0.005236	154.92	0.005236	0.025
-23.8	35.2	0.008927	138.75	0.008927	0.025
-25.7	36.2	0.009647	139.46	0.009647	0.025
-20.7	34.9	0.006334	146.16	0.006334	0.025
-22.6	36	0.009424	131.28	0.009424	0.025
-24.6	37.1	0.006174	131.77	0.006174	0.025
-26.6	38.1	0.017412	1.7352	0.017412	0.025
-21.4	36.8	0.006848	123.31	0.006848	0.025
-23.4	37.9	0.002355	29.536	0.002355	0.025
-25.5	38.9	0.030612	19.221	0.030612	0.025
-20.2	37.5	0.011236	91.425	0.011236	0.025
-22.2	38.6	0.00718	44.451	0.00718	0.025
-24.3	39.7	0.043536	25.209	0.043536	0.025
-19	38.3	0.036969	81.731	0.036969	0.025
-21	39.4	0.020677	75.707	0.020677	0.025
-23.1	40.5	0.035016	32.604	0.035016	0.025
-25.3	41.6	0.071909	28.62	0.071909	0.025
-19.7	40.2	0.047669	77.983	0.047669	0.025
-21.9	41.3	0.030504	50.953	0.030504	0.025
-24.1	42.4	0.06712	26.341	0.06712	0.025
-18.4	40.9	0.067228	76.494	0.067228	0.025
-20.6	42.1	0.037803	66.238	0.037803	0.025
-22.8	43.2	0.052773	22.951	0.052773	0.025
-17	41.7	0.065395	74.48	0.065395	0.025
-19.2	42.8	0.040336	69.875	0.040336	0.025
-21.5	44	0.040467	21.355	0.040467	0.025
-15.7	42.4	0.051111	71.903	0.051111	0.025
-17.8	43.6	0.035997	68.966	0.035997	0.025
-20.1	44.7	0.031863	26.049	0.031863	0.025
-22.6	45.8	0.0641	6.8775	0.0641	0.025
-16.4	44.3	0.035467	69.254	0.035467	0.025
-18.7	45.5	0.026236	42.883	0.026236	0.025
-21.1	46.6	0.043859	12.12	0.043859	0.025
-15	45	0.037025	67.376	0.037025	0.025
-17.3	46.2	0.029009	56.704	0.029009	0.025
-19.7	47.3	0.02448	29.413	0.02448	0.025
-13.5	45.7	0.03364	60.623	0.03364	0.025
-15.8	46.9	0.028214	61.076	0.028214	0.025
-18.2	48.1	0.020994	48.447	0.020994	0.025
-20.8	49.2	0.023051	42.726	0.023051	0.025
-14.2	47.6	0.01828	51.108	0.01828	0.025
-16.7	48.8	0.012885	46.345	0.012885	0.025
-19.3	50	0.024553	47.902	0.024553	0.025
-12.6	48.3	0.015359	23.213	0.015359	0.025
-15.1	49.5	0.004304	173.21	0.004304	0.025
-17.7	50.7	0.018616	53.402	0.018616	0.025
-11	48.9	0.017048	2.8771	0.017048	0.025
-13.4	50.2	0.017081	150.27	0.017081	0.025
-16	51.4	0.011254	61.359	0.011254	0.025
-18.8	52.6	0.034066	52.537	0.034066	0.025
-11.7	50.9	0.023506	147.17	0.023506	0.025
-14.3	52.1	0.007326	53.151	0.007326	0.025
-17.1	53.3	0.032803	52.434	0.032803	0.025
-10	51.5	0.02179	152.76	0.02179	0.025
-12.6	52.8	0.009593	27.132	0.009593	0.025
-15.3	54	0.027661	50.113	0.027661	0.025
-8.2	52.1	0.024342	175.12	0.024342	0.025
-10.8	53.5	0.025977	26.658	0.025977	0.025
-13.5	54.7	0.028002	41.498	0.028002	0.025
-16.4	55.9	0.041833	45.63	0.041833	0.025
-8.9	54.1	0.056992	24.503	0.056992	0.025
-11.7	55.4	0.045736	29.399	0.045736	0.025
-14.6	56.6	0.037742	38.035	0.037742	0.025
-6.9	54.7	0.085486	21.784	0.085486	0.025
-9.7	56	0.074834	23.488	0.074834	0.025
-12.7	57.3	0.048721	24.451	0.048721	0.025
-4.9	55.2	0.084597	22.418	0.084597	0.025
-7.6	56.6	0.08536	21.07	0.08536	0.025
-10.6	57.9	0.062621	16.038	0.062621	0.025
-13.8	59.2	0.032228	3.7987	0.032228	0.025
-5.6	57.2	0.059417	22.799	0.059417	0.025
-8.4	58.5	0.060701	13.832	0.060701	0.025
-11.6	59.8	0.050837	179.23	0.050837	0.025
-3.4	57.7	0.031349	43.246	0.031349	0.025
-6.3	59.1	0.036142	18.793	0.036142	0.025
-9.4	60.5	0.039811	179.65	0.039811	0.025
-1.2	58.2	0.040029	67.026	0.040029	0.025
-4	59.7	0.023406	53.184	0.023406	0.025
-7.1	61.1	0.016604	16.557	0.016604	0.025
1.2	58.7	0.045837	66.871	0.045837	0.025
-1.6	60.2	0.035959	68.635	0.035959	0.025
-4.7	61.6	0.015538	54.989	0.015538	0.025
-8	63	0.015556	171.46	0.015556	0.025
0.8	60.7	0.036469	59.516	0.036469	0.025
-2.2	62.1	0.02343	49.295	0.02343	0.025
-5.5	63.6	0.019484	8.4666	0.019484	0.025
3.3	61.1	0.047673	45.711	0.047673	0.025
0.4	62.6	0.041825	36.476	0.041825	0.025
-2.8	64.1	0.031602	16.682	0.031602	0.025
5.8	61.5	0.060786	47.598	0.060786	0.025
3	63.1	0.054769	33.941	0.054769	0.025
-0	64.6	0.031407	19.977	0.031407	0.025
-3.6	66	0.035858	178.53	0.035858	0.025
5.7	63.5	0.050303	37.689	0.050303	0.025
2.8	65	0.022777	25.077	0.022777	0.025
-0.6	66.5	0.014813	172.28	0.014813	0.025
8.6	63.8	0.034464	43.802	0.034464	0.025
5.6	65.4	0.012173	44.404	0.012173	0.025
2.4	66.9	0.008301	112.04	0.008301	0.025
11.5	64.1	0.018884	55.648	0.018884	0.025
8.7	65.7	0.014332	78.721	0.014332	0.025
5.5	67.3	0.023573	96.921	0.023573	0.025
2	68.9	0.003753	79.45	0.003753	0.025
11.8	66	0.015791	70.345	0.015791	0.025
8.8	67.7	0.027008	92.277	0.027008	0.025
5.4	69.3	0.024355	85.599	0.024355	0.025
14.9	66.2	0.015709	34.633	0.015709	0.025
12.2	67.9	0.017389	84.915	0.017389	0.025
9	69.6	0.037826	100.47	0.037826	0.025
18.1	66.4	0.024903	21.009	0.024903	0.025
15.6	68.1	0.011582	41.834	0.011582	0.025
12.7	69.8	0.032348	107.18	0.032348	0.025
9.2	71.5	0.047287	106.02	0.047287	0.025
19	68.3	0.026921	21.903	0.026921	0.025
16.4	70	0.018156	111.24	0.018156	0.025
13.3	71.7	0.060858	110.9	0.060858	0.025
22.6	68.4	0.02623	11.887	0.02623	0.025
20.1	70.2	0.008606	149.74	0.008606	0.025
17.3	71.9	0.046865	112.32	0.046865	0.025
26.1	68.4	0.018645	178.98	0.018645	0.025
24	70.2	0.02314	165.18	0.02314	0.025
21.4	72	0.018855	131.73	0.018855	0.025
29.6	68.3	0.013865	179.52	0.013865	0.025
27.8	70.2	0.019191	170.65	0.019191	0.025
25.7	72	0.021161	166.86	0.021161	0.025
23	73.8	0.01212	129.2	0.01212	0.025
31.6	70.1	0.008596	15.875	0.008596	0.025
29.9	71.9	0.015384	179.95	0.015384	0.025
27.7	73.8	0.017278	174.63	0.017278	0.025
35.3	69.9	0.005123	38.09	0.005123	0.025
34	71.8	0.006496	19.907	0.006496	0.025
32.4	73.6	0.013525	174.25	0.013525	0.025
39	69.7	0.002412	40.785	0.002412	0.025
38	71.6	0.002799	11.07	0.002799	0.025
36.8	73.4	0.00717	167.41	0.00717	0.025
35.4	75.3	0.011297	165.23	0.011297	0.025
42	71.3	0.002952	165.59	0.002952	0.025
41.2	73.2	0.005619	163.19	0.005619	0.025
40.3	75	0.006633	160.78	0.006633	0.025
45.8	70.9	0.001523	155.36	0.001523	0.025
45.4	72.8	0.003714	163.4	0.003714	0.025
45	74.6	0.003836	158.91	0.003836	0.025
49.5	70.5	0.001578	142.08	0.001578	0.025
49.5	72.3	0.002387	159.65	0.002387	0.025
49.5	74.2	0.002289	155.16	0.002289	0.025
49.5	76	0.002511	144.06	0.002511	0.025
53.3	71.8	0.002274	160.76	0.002274	0.025
53.8	73.6	0.001719	162.64	0.001719	0.025
54.3	75.4	0.00183	142.13	0.00183	0.025
57	71.3	0.002364	169.36	0.002364	0.025
57.7	73	0.001899	168.65	0.001899	0.025
58.7	74.8	0.001533	153	0.001533	0.025
60.4	70.6	0.002053	169.33	0.002053	0.025
61.5	72.4	0.001989	163.82	0.001989	0.025
62.7	74.1	0.00175	154.75	0.00175	0.025
64.3	75.8	0.00115	159.09	0.00115	0.025
64.9	71.6	0.001706	154.52	0.001706	0.025
66.5	73.4	0.001713	152.96	0.001713	0.025
68.4	75	0.001383	162.91	0.001383	0.025
68.1	70.9	0.001516	143.47	0.001516	0.025
69.9	72.5	0.001449	149.14	0.001449	0.025
72	74.2	0.00136	164.62	0.00136	0.025
71.1	70.1	0.001264	143.48	0.001264	0.025
73	71.7	0.001645	151.04	0.001645	0.025
75.3	73.3	0.001628	167.89	0.001628	0.025
-36.3	31.5	0.005046	60.804	0.005046	0.025
-31.7	30.5	0.001001	83.275	0.001001	0.025
-33.5	31.5	0.005583	66.408	0.005583	0.025
-35.4	32.4	0.008784	64.907	0.008784	0.025
-30.8	31.4	0.002539	88.315	0.002539	0.025
-32.7	32.4	0.007599	76.809	0.007599	0.025
-34.6	33.3	0.012361	74.128	0.012361	0.025
-29.9	32.3	0.003717	103.43	0.003717	0.025
-31.8	33.2	0.007623	88.952	0.007623	0.025
-33.7	34.2	0.011323	78.559	0.011323	0.025
-28.9	33.1	0.004819	119.7	0.004819	0.025
-30.8	34.1	0.004918	106.81	0.004918	0.025
-32.8	35.1	0.002759	25.354	0.002759	0.025
-34.8	36	0.006182	81.211	0.006182	0.025
-29.8	35	0.003879	147.11	0.003879	0.025
-31.8	35.9	0.016994	1.2332	0.016994	0.025
-33.9	36.8	0.010275	9.0174	0.010275	0.025
-28.8	35.8	0.007032	156.87	0.007032	0.025
-30.8	36.8	0.021534	176.95	0.021534	0.025
-33	37.7	0.019768	3.642	0.019768	0.025
-27.8	36.7	0.011485	161.35	0.011485	0.025
-29.8	37.6	0.021602	171.53	0.021602	0.025
-32	38.6	0.017405	175.13	0.017405	0.025
-34.2	39.5	0.006389	152.45	0.006389	0.025
-28.8	38.5	0.022755	171.01	0.022755	0.025
-31	39.5	0.014721	162.04	0.014721	0.025
-33.2	40.4	0.00909	140.66	0.00909	0.025
-27.7	39.3	0.029014	5.9133	0.029014	0.025
-29.9	40.3	0.011444	165.92	0.011444	0.025
-32.2	41.2	0.012173	132.02	0.012173	0.025
-26.5	40.2	0.049155	21.576	0.049155	0.025
-28.8	41.2	0.017516	19.777	0.017516	0.025
-31.1	42.1	0.009218	131.91	0.009218	0.025
-33.5	43	0.008036	138.4	0.008036	0.025
-27.6	42	0.043613	30.418	0.043613	0.025
-30	43	0.004155	32.509	0.004155	0.025
-32.5	43.9	0.009573	139.82	0.009573	0.025
-26.5	42.8	0.062621	27.878	0.062621	0.025
-28.8	43.8	0.023121	32.599	0.023121	0.025
-31.3	44.7	0.004563	158.41	0.004563	0.025
-25.3	43.7	0.073383	19.098	0.073383	0.025
-27.6	44.7	0.03927	20.73	0.03927	0.025
-30.1	45.6	0.007969	12.098	0.007969	0.025
-32.7	46.5	0.008168	150.58	0.008168	0.025
-26.4	45.5	0.044528	10.822	0.044528	0.025
-28.9	46.4	0.012541	8.9972	0.012541	0.025
-31.5	47.3	0.007172	155.85	0.007172	0.025
-25.1	46.3	0.046554	5.374	0.046554	0.025
-27.7	47.3	0.015883	9.8581	0.015883	0.025
-30.3	48.2	0.005434	175.46	0.005434	0.025
-23.7	47.1	0.045745	6.4059	0.045745	0.025
-26.3	48.1	0.017892	16.49	0.017892	0.025
-29.1	49.1	0.007309	23.102	0.007309	0.025
-22.4	47.9	0.030313	15.23	0.030313	0.025
-25	48.9	0.021391	30.848	0.021391	0.025
-27.7	49.9	0.014117	37.36	0.014117	0.025
-30.6	50.8	0.021009	40.143	0.021009	0.025
-23.6	49.7	0.029544	41.572	0.029544	0.025
-26.3	50.7	0.026534	41.499	0.026534	0.025
-29.2	51.7	0.037761	39.109	0.037761	0.025
-22.1	50.5	0.034862	46.136	0.034862	0.025
-24.9	51.5	0.037873	40.536	0.037873	0.025
-27.8	52.5	0.056634	36.8	0.056634	0.025
-20.5	51.3	0.034435	49.744	0.034435	0.025
-23.4	52.3	0.043121	37.105	0.043121	0.025
-26.4	53.3	0.070736	33.906	0.070736	0.025
-29.4	54.2	0.064084	40.401	0.064084	0.025
-21.8	53.1	0.050198	37.567	0.050198	0.025
-24.9	54.1	0.084727	33.446	0.084727	0.025
-28	55.1	0.060414	40.981	0.060414	0.025
-20.1	53.9	0.055575	41.139	0.055575	0.025
-23.2	54.9	0.094545	36.83	0.094545	0.025
-26.5	55.9	0.074777	42.666	0.074777	0.025
-18.5	54.6	0.048641	45.05	0.048641	0.025
-21.5	55.7	0.08515	42.08	0.08515	0.025
-24.8	56.7	0.075812	46.39	0.075812	0.025
-28.2	57.6	0.039506	78.779	0.039506	0.025
-19.8	56.5	0.068283	48.623	0.068283	0.025
-23	57.5	0.057594	56.887	0.057594	0.025
-26.5	58.5	0.046052	81.195	0.046052	0.025
-18	57.2	0.051459	54.636	0.051459	0.025
-21.2	58.3	0.05169	74.24	0.05169	0.025
-24.7	59.3	0.055045	92.671	0.055045	0.025
-16	57.9	0.033357	49.561	0.033357	0.025
-19.4	59.1	0.049249	87.294	0.049249	0.025
-22.9	60.1	0.066204	101.46	0.066204	0.025
-26.6	61	0.041745	100.95	0.041745	0.025
-17.3	59.8	0.024695	107.05	0.024695	0.025
-21	60.9	0.061165	111.68	0.061165	0.025
-24.7	61.8	0.041703	109.71	0.041703	0.025
-15.2	60.5	0.031142	157.09	0.031142	0.025
-18.8	61.6	0.046342	129.38	0.046342	0.025
-22.7	62.6	0.035367	120.58	0.035367	0.025
-13.1	61.2	0.045841	163.97	0.045841	0.025
-16.6	62.3	0.044245	142.61	0.044245	0.025
-20.6	63.4	0.031162	131.97	0.031162	0.025
-24.8	64.3	0.003189	153.38	0.003189	0.025
-14.4	63	0.037582	148.25	0.037582	0.025
-18.3	64.1	0.034828	138.4	0.034828	0.025
-22.5	65.1	0.008135	164.3	0.008135	0.025
-12	63.7	0.025325	152.36	0.025325	0.025
-15.9	64.9	0.031531	139.07	0.031531	0.025
-20.1	65.9	0.013457	156.04	0.013457	0.025
-9.5	64.3	0.022981	168.67	0.022981	0.025
-13.4	65.6	0.021565	141.04	0.021565	0.025
-17.7	66.6	0.016396	137.65	0.016396	0.025
-6.8	64.9	0.03769	178.78	0.03769	0.025
-10.7	66.2	0.019638	162.18	0.019638	0.025
-15	67.4	0.016346	126.94	0.016346	0.025
-19.7	68.4	0.014034	149.62	0.014034	0.025
-7.9	66.8	0.02854	173.33	0.02854	0.025
-12.2	68	0.015042	128.15	0.015042	0.025
-16.9	69.1	0.023843	134.76	0.023843	0.025
-5	67.4	0.031138	173.5	0.031138	0.025
-9.1	68.7	0.014879	148.7	0.014879	0.025
-13.9	69.8	0.034611	131.13	0.034611	0.025
-1.9	67.9	0.020452	166.5	0.020452	0.025
-6	69.2	0.026446	162.42	0.026446	0.025
-10.6	70.5	0.039801	136.79	0.039801	0.025
-15.9	71.6	0.034676	140.44	0.034676	0.025
-2.7	69.8	0.031072	175.27	0.031072	0.025
-7.3	71.1	0.040666	150.87	0.040666	0.025
-12.4	72.3	0.041545	142.56	0.041545	0.025
0.8	70.2	0.019044	19.935	0.019044	0.025
-3.7	71.7	0.035817	168.14	0.035817	0.025
-8.8	72.9	0.046019	148.59	0.046019	0.025
4.5	70.6	0.016002	69.209	0.016002	0.025
0.2	72.1	0.022049	8.9654	0.022049	0.025
-4.9	73.5	0.023975	163.92	0.023975	0.025
-10.6	74.7	0.02407	137.08	0.02407	0.025
4.2	72.5	0.017773	76.947	0.017773	0.025
-0.6	74	0.010486	95.991	0.010486	0.025
-6.3	75.3	0.037331	116.68	0.037331	0.025
8.4	72.9	0.045377	101.3	0.045377	0.025
3.9	74.4	0.052428	96.226	0.052428	0.025
-1.6	75.8	0.072389	108.56	0.072389	0.025
12.6	73.2	0.067564	109.62	0.067564	0.025
8.5	74.7	0.073831	105.36	0.073831	0.025
3.5	76.2	0.094939	107.82	0.094939	0.025
-2.8	77.6	0.075444	116.14	0.075444	0.025
13.3	75	0.0776	112.8	0.0776	0.025
8.7	76.6	0.088146	112.04	0.088146	0.025
3	78	0.080541	116.98	0.080541	0.025
18.4	75.1	0.049504	117.13	0.049504	0.025
14.2	76.8	0.057187	120.23	0.057187	0.025
9	78.4	0.062537	119.8	0.062537	0.025
23.5	75.2	0.014365	136.34	0.014365	0.025
19.9	76.9	0.0264	139.99	0.0264	0.025
15.3	78.6	0.032378	135.24	0.032378	0.025
28.5	75.1	0.017018	169.81	0.017018	0.025
25.7	76.9	0.02316	167.44	0.02316	0.025
21.9	78.7	0.025638	161.48	0.025638	0.025
16.8	80.4	0.016369	153.2	0.016369	0.025
31.3	76.8	0.019217	170.65	0.019217	0.025
28.6	78.6	0.021826	171.28	0.021826	0.025
24.7	80.4	0.013419	166.9	0.013419	0.025
36.9	76.6	0.011258	166.07	0.011258	0.025
35	78.4	0.013132	171.94	0.013132	0.025
32.4	80.2	0.008125	170.49	0.008125	0.025
42.3	76.3	0.005606	159.83	0.005606	0.025
41.2	78.1	0.005916	167.51	0.005916	0.025
39.7	80	0.003644	171.3	0.003644	0.025
37.6	81.8	0.000571	163.28	0.000571	0.025
47.1	77.7	0.002528	154.6	0.002528	0.025
46.6	79.5	0.001197	172.25	0.001197	0.025
46	81.4	0.000129	108.05	0.000129	0.025
52.5	77.1	0.00185	139.64	0.00185	0.025
53	79	0.00048	167.47	0.00048	0.025
53.6	80.8	0.000164	99.238	0.000164	0.025
57.5	76.5	0.001391	142.2	0.001391	0.025
58.7	78.3	0.000596	162.87	0.000596	0.025
60.2	80.1	0.000177	125.67	0.000177	0.025
62.4	81.9	0.000401	109.79	0.000401	0.025
63.8	77.6	0.000763	171.53	0.000763	0.025
66	79.3	0.000236	148.52	0.000236	0.025
69	81	0.00044	112.93	0.00044	0.025
68.3	76.7	0.000912	172.24	0.000912	0.025
71	78.4	0.000403	166.57	0.000403	0.025
74.4	80	0.000327	111.93	0.000327	0.025
72.3	75.8	0.001102	170.3	0.001102	0.025
75.3	77.5	0.000656	164.05	0.000656	0.025
79	79	0.000123	136.28	0.000123	0.025
83.9	80.5	0.000273	65.594	0.000273	0.025
79	76.5	0.000995	162.07	0.000995	0.025
-40.1	32.6	0.001473	114.81	0.001473	0.025
-42.1	33.4	0.001954	117.59	0.001954	0.025
-37.3	32.7	0.006209	64.953	0.006209	0.025
-39.3	33.5	0.00098	87.232	0.00098	0.025
-41.4	34.4	0.002043	117.45	0.002043	0.025
-36.5	33.6	0.009197	74.895	0.009197	0.025
-38.5	34.4	0.002661	87.955	0.002661	0.025
-40.7	35.3	0.002298	112.54	0.002298	0.025
-42.8	36.1	0.002222	96.477	0.002222	0.025
-37.7	35.3	0.004983	96.207	0.004983	0.025
-39.8	36.2	0.003418	107.4	0.003418	0.025
-42.1	37	0.002697	92.964	0.002697	0.025
-36.9	36.2	0.007178	100.61	0.007178	0.025
-39.1	37.1	0.004569	109.79	0.004569	0.025
-41.3	37.9	0.00326	94.122	0.00326	0.025
-36	37.1	0.005503	105.12	0.005503	0.025
-38.2	38	0.004476	117.91	0.004476	0.025
-40.5	38.8	0.003174	96.575	0.003174	0.025
-35.1	38	0.001963	143.3	0.001963	0.025
-37.3	38.9	0.003861	134.53	0.003861	0.025
-39.7	39.7	0.002611	96.972	0.002611	0.025
-42	40.5	0.001042	88.411	0.001042	0.025
-36.4	39.8	0.004454	150.05	0.004454	0.025
-38.8	40.6	0.00172	96.725	0.00172	0.025
-41.2	41.4	0.001024	85.972	0.001024	0.025
-35.5	40.7	0.005056	149.85	0.005056	0.025
-37.8	41.5	0.000855	86.448	0.000855	0.025
-40.3	42.3	0.001164	80.436	0.001164	0.025
-34.5	41.6	0.005819	142.71	0.005819	0.025
-36.9	42.4	0.000323	28.965	0.000323	0.025
-39.4	43.2	0.001123	74.954	0.001123	0.025
-42	43.9	0.000672	90.907	0.000672	0.025
-35.9	43.3	0.001517	173.24	0.001517	0.025
-38.5	44.1	0.000613	66.291	0.000613	0.025
-41	44.8	0.000695	92.531	0.000695	0.025
-34.9	44.2	0.004299	156.72	0.004299	0.025
-37.5	45	0.000379	0.34672	0.000379	0.025
-40.1	45.7	0.000517	85.059	0.000517	0.025
-33.8	45	0.008041	150.29	0.008041	0.025
-36.4	45.9	0.001911	160.55	0.001911	0.025
-39.2	46.6	0.000522	60.443	0.000522	0.025
-41.9	47.3	0.000626	115.12	0.000626	0.025
-35.3	46.7	0.003419	151.14	0.003419	0.025
-38.1	47.5	0.000707	39.228	0.000707	0.025
-41	48.2	5.5e-05	106.37	5.5e-05	0.025
-34.2	47.6	0.004452	146.35	0.004452	0.025
-37	48.4	0.000988	13.293	0.000988	0.025
-39.9	49.1	0.000789	15.619	0.000789	0.025
-33.1	48.5	0.00332	155.51	0.00332	0.025
-35.9	49.3	0.002439	7.0563	0.002439	0.025
-38.8	50	0.001943	1.1962	0.001943	0.025
-41.9	50.6	0.000518	160.72	0.000518	0.025
-34.8	50.2	0.006222	22.447	0.006222	0.025
-37.8	50.9	0.003723	1.3102	0.003723	0.025
-40.8	51.6	0.001513	168.66	0.001513	0.025
-33.5	51.1	0.019868	37.522	0.019868	0.025
-36.6	51.8	0.006889	26.328	0.006889	0.025
-39.7	52.5	0.002316	179.7	0.002316	0.025
-32.2	51.9	0.04396	41.501	0.04396	0.025
-35.3	52.7	0.025401	43.292	0.025401	0.025
-38.6	53.4	0.005199	29.391	0.005199	0.025
-30.9	52.8	0.064906	40.58	0.064906	0.025
-34	53.6	0.055772	45.683	0.055772	0.025
-37.3	54.3	0.016878	41.871	0.016878	0.025
-40.8	54.9	0.001259	24.541	0.001259	0.025
-32.7	54.5	0.061234	45.902	0.061234	0.025
-36	55.2	0.024826	46.823	0.024826	0.025
-39.5	55.8	0.002954	45.315	0.002954	0.025
-31.3	55.4	0.039198	51.136	0.039198	0.025
-34.7	56.1	0.021258	59.468	0.021258	0.025
-38.2	56.7	0.004415	64.689	0.004415	0.025
-29.8	56.2	0.031082	63.989	0.031082	0.025
-33.3	57	0.021717	87.222	0.021717	0.025
-36.9	57.7	0.00852	94.575	0.00852	0.025
-40.6	58.2	0.002529	71.844	0.002529	0.025
-31.7	57.9	0.038669	100.6	0.038669	0.025
-35.5	58.6	0.016469	103.97	0.016469	0.025
-39.2	59.1	0.002872	78.706	0.002872	0.025
-30.1	58.7	0.048778	99.259	0.048778	0.025
-33.9	59.5	0.0241	105.75	0.0241	0.025
-37.9	60.1	0.002464	76.941	0.002464	0.025
-28.4	59.6	0.051536	97.073	0.051536	0.025
-32.2	60.3	0.022883	103.23	0.022883	0.025
-36.3	61	0.001664	71.393	0.001664	0.025
-40.5	61.5	0.003023	30.705	0.003023	0.025
-30.6	61.2	0.017854	98.154	0.017854	0.025
-34.6	61.9	0.000463	59.868	0.000463	0.025
-38.9	62.4	0.003374	15.307	0.003374	0.025
-28.8	62.1	0.010052	97.79	0.010052	0.025
-32.9	62.8	0.002023	4.3826	0.002023	0.025
-37.3	63.4	0.004346	171.99	0.004346	0.025
-26.8	62.9	0.006765	114.25	0.006765	0.025
-31.1	63.7	0.003451	3.6224	0.003451	0.025
-35.6	64.3	0.005957	155.38	0.005957	0.025
-40.2	64.8	0.004157	170.43	0.004157	0.025
-29.1	64.6	0.004165	5.4322	0.004165	0.025
-33.8	65.2	0.006707	144.92	0.006707	0.025
-38.5	65.7	0.005291	157.57	0.005291	0.025
-27	65.4	0.005389	8.0772	0.005389	0.025
-31.8	66.1	0.006429	142.41	0.006429	0.025
-36.7	66.7	0.005662	151.92	0.005662	0.025
-24.8	66.3	0.008551	7.3035	0.008551	0.025
-29.6	67	0.005682	158.09	0.005682	0.025
-34.7	67.6	0.005383	148.97	0.005383	0.025
-40.1	68	0.006266	4.3467	0.006266	0.025
-27.3	67.9	0.008371	170.44	0.008371	0.025
-32.5	68.5	0.005461	154.32	0.005461	0.025
-38	69	0.004064	178.41	0.004064	0.025
-24.9	68.7	0.012345	164.97	0.012345	0.025
-30.2	69.4	0.007677	158.83	0.007677	0.025
-35.8	70	0.004154	167.08	0.004154	0.025
-22.2	69.5	0.019158	152.79	0.019158	0.025
-27.7	70.3	0.010939	159.03	0.010939	0.025
-33.5	70.9	0.006018	165.28	0.006018	0.025
-19.3	70.3	0.027802	144.3	0.027802	0.025
-24.9	71.2	0.014072	156.37	0.014072	0.025
-31	71.8	0.007441	170.01	0.007441	0.025
-37.4	72.3	0.002313	20.185	0.002313	0.025
-21.8	72	0.017147	149.06	0.017147	0.025
-28.1	72.7	0.006953	176.33	0.006953	0.025
-34.8	73.3	0.003512	10.438	0.003512	0.025
-18.6	72.8	0.020872	142.88	0.020872	0.025
-24.9	73.6	0.004695	175.55	0.004695	0.025
-31.9	74.2	0.004099	18.866	0.004099	0.025
-15.1	73.5	0.02773	140.43	0.02773	0.025
-21.5	74.4	0.0067	150.1	0.0067	0.025
-28.6	75.1	0.004417	19.434	0.004417	0.025
-36.4	75.6	0.002153	29.989	0.002153	0.025
-17.8	75.2	0.012904	138.16	0.012904	0.025
-25	76	0.003588	1.6712	0.003588	0.025
-33	76.5	0.002621	17.83	0.002621	0.025
-13.5	75.9	0.023191	124.22	0.023191	0.025
-21	76.8	0.006239	140.61	0.006239	0.025
-29.4	77.5	0.003308	3.9617	0.003308	0.025
-8.8	76.5	0.04651	116.08	0.04651	0.025
-16.4	77.6	0.019142	122.75	0.019142	0.025
-25.2	78.4	0.00414	163.76	0.00414	0.025
-34.8	78.8	0.001172	171.41	0.001172	0.025
-11.2	78.3	0.033619	119.5	0.033619	0.025
-20.1	79.2	0.00628	141.7	0.00628	0.025
-30.5	79.8	0.002007	170.17	0.002007	0.025
-5.5	78.9	0.047167	120.82	0.047167	0.025
-14.3	79.9	0.010906	128.55	0.010906	0.025
-25.1	80.7	0.002789	170.99	0.002789	0.025
0.7	79.4	0.048579	123.58	0.048579	0.025
-7.9	80.6	0.013256	128.43	0.013256	0.025
-18.6	81.5	0.002587	174.58	0.002587	0.025
-31.8	82.1	0.000365	3.097	0.000365	0.025
-0.6	81.1	0.012733	132.59	0.012733	0.025
-11.2	82.3	0.002114	173.55	0.002114	0.025
-24.8	83	0.000726	20.335	0.000726	0.025
7.7	81.5	0.009509	141.68	0.009509	0.025
-2.5	82.8	0.001591	179.39	0.001591	0.025
-16.3	83.9	0.000962	29.692	0.000962	0.025
16.5	81.7	0.005673	160.23	0.005673	0.025
7.9	83.2	0.001433	5.8915	0.001433	0.025
-5.4	84.5	0.000894	28.256	0.000894	0.025
25.4	81.7	0.003844	170.31	0.003844	0.025
19	83.4	0.001163	7.5315	0.001163	0.025
8.1	84.9	0.000632	20.594	0.000632	0.025
-10.9	86.2	4.8e-05	66.833	4.8e-05	0.025
30.1	83.3	0.000433	10.922	0.000433	0.025
23.1	85	0.000217	13.744	0.000217	0.025
8.7	86.6	3.5e-05	126.58	3.5e-05	0.025
40.8	83	0.000194	70.216	0.000194	0.025
37.6	84.8	9.8e-05	99.818	9.8e-05	0.025
31.1	86.6	0.000156	120.42	0.000156	0.025
50.4	82.5	0.000328	92.242	0.000328	0.025
50.5	84.4	0.000247	98.724	0.000247	0.025
50.7	86.2	0.000169	113.23	0.000169	0.025
50.9	88	6.8e-05	177.48	6.8e-05	0.025
61	83.6	0.000272	102.38	0.000272	0.025
65.1	85.4	9.6e-05	99.796	9.6e-05	0.025
74.1	87.1	0.000127	161.47	0.000127	0.025
69.2	82.7	0.000255	103.02	0.000255	0.025
75.1	84.4	0.000101	70.509	0.000101	0.025
85.7	86	9.7e-05	152.22	9.7e-05	0.025
75.7	81.8	0.00022	101.07	0.00022	0.025
82	83.3	9e-05	37.166	9e-05	0.025
92.1	84.8	2.7e-05	155.05	2.7e-05	0.025
109	86	0.000156	139.29	0.000156	0.025
87.2	82.2	0.0002	20.308	0.0002	0.025
96.2	83.5	0.000157	19.984	0.000157	0.025
109.6	84.6	0.000157	125.86	0.000157	0.025
-44.1	33.7	0.001537	107.38	0.001537	0.025
-46.2	34.4	0.001135	103.06	0.001135	0.025
-48.4	35.1	0.000958	82.663	0.000958	0.025
-43.4	34.6	0.001807	105.79	0.001807	0.025
-45.6	35.3	0.001282	98.064	0.001282	0.025
-47.8	36	0.001042	84.341	0.001042	0.025
-50.1	36.7	0.001205	45.941	0.001205	0.025
-44.9	36.2	0.001487	93.209	0.001487	0.025
-47.2	37	0.001093	83.519	0.001093	0.025
-49.5	37.6	0.000919	51.359	0.000919	0.025
-44.2	37.2	0.001692	88.333	0.001692	0.025
-46.5	37.9	0.001122	82.659	0.001122	0.025
-48.9	38.5	0.000811	61.103	0.000811	0.025
-43.5	38.1	0.001824	84.303	0.001824	0.025
-45.8	38.8	0.001004	82.915	0.001004	0.025
-48.2	39.4	0.000788	70.412	0.000788	0.025
-50.7	40	0.00065	52.898	0.00065	0.025
-45.1	39.7	0.000672	77.414	0.000672	0.025
-47.5	40.4	0.000634	62.385	0.000634	0.025
-50.1	41	0.000728	46.837	0.000728	0.025
-44.3	40.6	0.000379	73.034	0.000379	0.025
-46.8	41.3	0.000769	42.151	0.000769	0.025
-49.4	41.9	0.001018	35.38	0.001018	0.025
-43.5	41.5	0.000295	89.385	0.000295	0.025
-46.1	42.2	0.00088	35.159	0.00088	0.025
-48.7	42.8	0.00124	29.195	0.00124	0.025
-42.7	42.4	0.000451	93.543	0.000451	0.025
-45.3	43.1	0.000657	33.998	0.000657	0.025
-48	43.7	0.000985	26.884	0.000985	0.025
-50.7	44.2	0.000957	179.16	0.000957	0.025
-44.4	44	0.000324	49.271	0.000324	0.025
-47.2	44.6	0.000368	30.638	0.000368	0.025
-50	45.1	0.000737	163.91	0.000737	0.025
-43.6	44.9	0.000405	84.686	0.000405	0.025
-46.3	45.5	0.00037	104.69	0.00037	0.025
-49.2	46.1	0.000794	144.77	0.000794	0.025
-42.7	45.8	0.000623	102.19	0.000623	0.025
-45.5	46.4	0.000843	113.06	0.000843	0.025
-48.4	47	0.000926	133.15	0.000926	0.025
-51.3	47.4	0.000788	166.64	0.000788	0.025
-44.7	47.4	0.001008	119.9	0.001008	0.025
-47.6	47.9	0.000832	133.31	0.000832	0.025
-50.5	48.3	0.000854	0.05693	0.000854	0.025
-43.7	48.3	0.000949	125.72	0.000949	0.025
-46.7	48.8	0.000587	141.07	0.000587	0.025
-49.8	49.3	0.001125	8.2135	0.001125	0.025
-42.7	49.2	0.000536	133.19	0.000536	0.025
-45.8	49.7	0.000451	138.79	0.000451	0.025
-48.9	50.2	0.001161	10.462	0.001161	0.025
-52.1	50.6	0.001201	11.085	0.001201	0.025
-44.8	50.7	0.000402	134.94	0.000402	0.025
-48	51.1	0.000895	14.355	0.000895	0.025
-51.3	51.5	0.000948	15.454	0.000948	0.025
-43.8	51.6	0.000188	136.07	0.000188	0.025
-47.1	52.1	0.000571	31.547	0.000571	0.025
-50.4	52.4	0.000835	28.957	0.000835	0.025
-42.8	52.5	0.000349	175.37	0.000349	0.025
-46.1	53	0.000919	45.93	0.000919	0.025
-49.5	53.4	0.000999	44.403	0.000999	0.025
-52.9	53.7	0.001228	53.654	0.001228	0.025
-45.1	53.9	0.001341	44.635	0.001341	0.025
-48.5	54.3	0.001194	51.36	0.001194	0.025
-52	54.6	0.001628	59.875	0.001628	0.025
-44	54.9	0.001165	40.634	0.001165	0.025
-47.6	55.3	0.001167	53.245	0.001167	0.025
-51.1	55.6	0.001701	68.828	0.001701	0.025
-42.8	55.8	0.000971	46.381	0.000971	0.025
-46.5	56.2	0.000962	52.19	0.000962	0.025
-50.2	56.5	0.001749	80.142	0.001749	0.025
-41.7	56.8	0.001648	64.534	0.001648	0.025
-45.3	57.2	0.000816	49.977	0.000816	0.025
-49.2	57.5	0.001872	87.118	0.001872	0.025
-53	57.7	0.001706	75.462	0.001706	0.025
-44.2	58.1	0.001099	61.196	0.001099	0.025
-48	58.5	0.002037	86.438	0.002037	0.025
-52	58.7	0.00165	91.381	0.00165	0.025
-43	59.1	0.001669	59.215	0.001669	0.025
-46.9	59.4	0.002246	83.773	0.002246	0.025
-50.9	59.6	0.002404	96.583	0.002404	0.025
-41.6	60	0.002419	47.157	0.002419	0.025
-45.8	60.4	0.001943	77.419	0.001943	0.025
-49.9	60.6	0.003242	94.761	0.003242	0.025
-54.1	60.7	0.002064	114.32	0.002064	0.025
-44.4	61.4	0.001557	60.243	0.001557	0.025
-48.8	61.6	0.003733	91.624	0.003733	0.025
-53.1	61.7	0.002568	108.28	0.002568	0.025
-43	62.3	0.002045	34.596	0.002045	0.025
-47.5	62.6	0.003246	84.651	0.003246	0.025
-52	62.7	0.002909	101.6	0.002909	0.025
-41.6	63.3	0.002659	15.553	0.002659	0.025
-46.1	63.6	0.00193	64.267	0.00193	0.025
-50.8	63.7	0.003191	99.495	0.003191	0.025
-55.5	63.7	0.000539	161.29	0.000539	0.025
-44.7	64.6	0.002507	17.569	0.002507	0.025
-49.5	64.8	0.003282	100.82	0.003282	0.025
-54.3	64.7	0.000875	113.71	0.000875	0.025
-43.2	65.6	0.005492	4.2667	0.005492	0.025
-48.1	65.8	0.001736	121.64	0.001736	0.025
-53.1	65.8	0.002738	106.17	0.002738	0.025
-41.5	66.6	0.006967	1.8454	0.006967	0.025
-46.7	66.8	0.003612	175.88	0.003612	0.025
-51.9	66.8	0.003804	107.67	0.003804	0.025
-57	66.7	0.001398	133.63	0.001398	0.025
-45.1	67.8	0.007215	7.6522	0.007215	0.025
-50.6	67.9	0.002525	113.39	0.002525	0.025
-55.9	67.8	0.002418	112.24	0.002418	0.025
-43.3	68.8	0.006254	11.381	0.006254	0.025
-49	68.9	0.001722	166.13	0.001722	0.025
-54.7	68.8	0.00239	110.24	0.00239	0.025
-41.5	69.8	0.003937	12.723	0.003937	0.025
-47.3	70	0.002226	6.231	0.002226	0.025
-53.3	69.9	0.001093	119.08	0.001093	0.025
-59.2	69.6	0.001202	116.72	0.001202	0.025
-45.6	71	0.002074	15.867	0.002074	0.025
-51.7	71	0.000466	166.37	0.000466	0.025
-57.9	70.7	0.000348	124.84	0.000348	0.025
-43.6	72	0.002036	25.096	0.002036	0.025
-50.1	72.1	0.000753	9.7471	0.000753	0.025
-56.6	71.9	0.000265	15.619	0.000265	0.025
-41.4	73.1	0.00205	33.884	0.00205	0.025
-48.4	73.1	0.000693	23.284	0.000693	0.025
-55.2	73	0.000339	28.112	0.000339	0.025
-38.8	74.1	0.002026	36.596	0.002026	0.025
-46.2	74.2	0.000568	42.553	0.000568	0.025
-53.7	74.1	0.000321	36.053	0.000321	0.025
-60.7	73.7	0.001021	30.711	0.001021	0.025
-43.8	75.3	0.000607	53.236	0.000607	0.025
-51.7	75.2	0.000227	23.813	0.000227	0.025
-59.5	74.8	0.000954	22.152	0.000954	0.025
-41.2	76.3	0.000406	41.237	0.000406	0.025
-49.5	76.3	8.8e-05	8.3915	8.8e-05	0.025
-57.9	76	0.000683	3.6672	0.000683	0.025
-38.2	77.3	0.000604	7.2032	0.000604	0.025
-47.2	77.4	8.3e-05	113.11	8.3e-05	0.025
-56.1	77.2	0.000462	152.59	0.000462	0.025
-64.6	76.6	0.000703	5.1992	0.000703	0.025
-44.4	78.5	0.000145	113.26	0.000145	0.025
-54.2	78.3	0.000456	130.56	0.000456	0.025
-63.3	77.8	0.000359	133.73	0.000359	0.025
-40.9	79.6	0.000152	119.53	0.000152	0.025
-51.9	79.5	0.000395	120.35	0.000395	0.025
-62	79	0.000615	110.35	0.000615	0.025
-36.6	80.6	0.000326	166.8	0.000326	0.025
-48.8	80.6	0.000378	110.37	0.000378	0.025
-60.5	80.2	0.000568	102.49	0.000568	0.025
-70.7	79.5	0.000837	95.296	0.000837	0.025
-45	81.8	0.000401	107.42	0.000401	0.025
-58.3	81.5	0.000466	103.27	0.000466	0.025
-70.1	80.7	0.000864	91.841	0.000864	0.025
-40.3	82.9	0.000281	100.27	0.000281	0.025
-55.5	82.7	0.000481	113.01	0.000481	0.025
-69.3	82	0.000613	91.912	0.000613	0.025
-34.1	83.9	0.000186	72.512	0.000186	0.025
-52.1	83.9	0.000414	110.57	0.000414	0.025
-68.2	83.2	0.000383	96.509	0.000383	0.025
-81.1	82.2	0.000416	75.971	0.000416	0.025
-47.1	85	0.00029	97.243	0.00029	0.025
-67.1	84.5	0.00024	93.649	0.00024	0.025
-82.2	83.4	0.00026	60.399	0.00026	0.025
-38.6	86.2	0.000225	82.235	0.000225	0.025
-65.6	85.8	0.000205	74.058	0.000205	0.025
-84.4	84.7	0.000204	46.46	0.000204	0.025
-23.9	87.2	0.00019	68.494	0.00019	0.025
-62.4	87.1	0.000288	57.292	0.000288	0.025
-88.1	85.9	0.000288	52.102	0.000288	0.025
1.6	87.8	0.000101	57.621	0.000101	0.025
-54.6	88.3	0.000359	49.884	0.000359	0.025
-94.9	87.2	0.000308	49.666	0.000308	0.025
-108.6	85.5	0.000407	40.972	0.000407	0.025
-15	89.5	0.000319	44.936	0.000319	0.025
-112.2	88.3	0.000235	45.513	0.000235	0.025
-121	86.5	0.000311	28.812	0.000311	0.025
86.1	88.9	0.000158	34.164	0.000158	0.025
-162.4	88.9	0.000173	47.342	0.000173	0.025
-141.4	87.2	8.1e-05	5.35	8.1e-05	0.025
99.2	87.6	0.000136	173.44	0.000136	0.025
149.7	88.2	0.000121	40.034	0.000121	0.025
-168.6	87.3	6.9e-05	125.83	6.9e-05	0.025
-152.4	85.8	0.000124	132.25	0.000124	0.025
132.5	87.1	7.5e-05	179.55	7.5e-05	0.025
167.2	86.8	2.6e-05	139.22	2.6e-05	0.025
-170.2	85.8	0.000159	126.2	0.000159	0.025
125.5	85.8	0.000171	138.19	0.000171	0.025
150.8	86	6.2e-05	163.42	6.2e-05	0.025
173.6	85.4	0.000138	138.51	0.000138	0.025
