7	8.4	0.000702	167.01	0.000702	0.025
5.7	9.7	0.000526	169.77	0.000526	0.025
4.3	10.9	0.000129	159.27	0.000129	0.025
3	12.2	0.000147	91.523	0.000147	0.025
7	10	0.000457	171.86	0.000457	0.025
5.7	11.2	0.000174	28.493	0.000174	0.025
4.4	12.5	0.000235	66.718	0.000235	0.025
8.3	10.2	0.000273	161.72	0.000273	0.025
7	11.5	0.000129	45.514	0.000129	0.025
5.7	12.8	0.000246	57.235	0.000246	0.025
9.7	10.5	0.000129	117.94	0.000129	0.025
8.3	11.8	0.000121	36.421	0.000121	0.025
7	13.1	0.000223	50.2	0.000223	0.025
5.7	14.5	9.7e-05	76.352	9.7e-05	0.025
9.6	12	0.000259	29.911	0.000259	0.025
8.3	13.4	0.000263	35.602	0.000263	0.025
7	14.8	8.8e-05	35.699	8.8e-05	0.025
11	12.2	0.000518	24.16	0.000518	0.025
9.7	13.7	0.000493	26.344	0.000493	0.025
8.3	15.1	0.000139	24.844	0.000139	0.025
12.3	12.5	0.000582	29.57	0.000582	0.025
11	13.9	0.000751	22.796	0.000751	0.025
9.7	15.3	0.000249	31.812	0.000249	0.025
8.3	16.7	0.000302	172.87	0.000302	0.025
12.3	14.1	0.000815	21.82	0.000815	0.025
11	15.5	0.000326	33.32	0.000326	0.025
9.7	17	0.00029	167.69	0.00029	0.025
13.6	14.3	0.000695	21.054	0.000695	0.025
12.3	15.7	0.000339	42.752	0.000339	0.025
11	17.2	0.000248	164.63	0.000248	0.025
14.9	14.4	0.000358	16.782	0.000358	0.025
13.6	15.9	0.000253	60.743	0.000253	0.025
12.3	17.4	0.000183	168.77	0.000183	0.025
11	18.9	0.000211	19.807	0.000211	0.025
14.9	16.1	0.000302	78.306	0.000302	0.025
13.6	17.6	0.000146	43.92	0.000146	0.025
12.4	19.1	0.000185	55.45	0.000185	0.025
16.3	16.2	0.000368	69.429	0.000368	0.025
15	17.8	0.000345	59.085	0.000345	0.025
13.7	19.3	0.000406	48.738	0.000406	0.025
17.6	16.3	0.000398	53.17	0.000398	0.025
16.3	17.9	0.000302	59.448	0.000302	0.025
15	19.5	0.000726	51.882	0.000726	0.025
13.7	21	0.000724	16.565	0.000724	0.025
17.6	18	0.000248	29.418	0.000248	0.025
16.4	19.6	0.000592	58.572	0.000592	0.025
15.1	21.2	0.001095	17.139	0.001095	0.025
18.9	18.1	0.000486	9.9158	0.000486	0.025
17.7	19.7	0.000109	59.601	0.000109	0.025
16.5	21.3	0.001214	8.3854	0.001214	0.025
20.2	18.2	0.000322	159.9	0.000322	0.025
19	19.8	0.00035	155.67	0.00035	0.025
17.8	21.5	0.001206	175.25	0.001206	0.025
21.5	18.2	0.000913	158.46	0.000913	0.025
20.3	19.9	0.000642	153.91	0.000642	0.025
19.1	21.6	0.001025	157.99	0.001025	0.025
17.9	23.2	0.002256	28.079	0.002256	0.025
21.6	19.9	0.000902	164.2	0.000902	0.025
20.5	21.6	0.000902	148.04	0.000902	0.025
19.2	23.4	0.002163	22.364	0.002163	0.025
22.9	20	0.001169	174.77	0.001169	0.025
21.8	21.7	0.000497	149.86	0.000497	0.025
20.6	23.4	0.001541	18.658	0.001541	0.025
24.2	20	0.00112	1.3925	0.00112	0.025
23.1	21.7	0.000345	19.186	0.000345	0.025
22	23.5	0.000793	27.801	0.000793	0.025
20.8	25.2	0.002435	52.482	0.002435	0.025
24.4	21.8	0.000799	40.212	0.000799	0.025
23.3	23.5	0.001047	56.4	0.001047	0.025
22.2	25.3	0.001366	39.352	0.001366	0.025
25.7	21.7	0.001141	42.694	0.001141	0.025
24.6	23.6	0.001681	62.8	0.001681	0.025
23.5	25.3	0.000873	57.995	0.000873	0.025
26.9	21.7	0.001366	40.39	0.001366	0.025
25.9	23.5	0.001568	59.909	0.001568	0.025
24.8	25.4	0.001341	81.365	0.001341	0.025
23.7	27.1	0.004899	125.48	0.004899	0.025
27.2	23.5	0.000911	42.432	0.000911	0.025
26.1	25.3	0.001555	81.138	0.001555	0.025
25.1	27.2	0.004654	126.1	0.004654	0.025
28.5	23.5	0.001403	15.747	0.001403	0.025
27.5	25.3	0.000897	92.27	0.000897	0.025
26.4	27.2	0.005047	129.01	0.005047	0.025
29.7	23.4	0.002649	8.0494	0.002649	0.025
28.8	25.3	0.00123	131.29	0.00123	0.025
27.8	27.1	0.006508	129.8	0.006508	0.025
26.8	29	0.037395	156.44	0.037395	0.025
30	25.2	0.002189	152.42	0.002189	0.025
29.1	27.1	0.009575	131.92	0.009575	0.025
28.2	29	0.033734	153.32	0.033734	0.025
31.3	25.1	0.002993	160.29	0.002993	0.025
30.4	27	0.010876	137.71	0.010876	0.025
29.5	28.9	0.032254	148.49	0.032254	0.025
32.6	25	0.003054	173.23	0.003054	0.025
31.7	26.9	0.010354	154.98	0.010354	0.025
30.8	28.9	0.029038	150.09	0.029038	0.025
33.8	24.9	0.002423	3.4977	0.002423	0.025
33	26.8	0.013294	171.38	0.013294	0.025
32.2	28.8	0.031879	167.96	0.031879	0.025
31.3	30.7	0.034883	28.312	0.034883	0.025
34.3	26.7	0.01627	178.14	0.01627	0.025
33.5	28.7	0.049765	1.4258	0.049765	0.025
32.7	30.6	0.056655	21.708	0.056655	0.025
35.5	26.6	0.014968	1.1952	0.014968	0.025
34.8	28.6	0.058306	7.3313	0.058306	0.025
34	30.5	0.090767	16.15	0.090767	0.025
36.8	26.4	0.014725	5.1094	0.014725	0.025
36.1	28.5	0.057688	11.448	0.057688	0.025
35.4	30.4	0.10497	15.991	0.10497	0.025
34.6	32.4	0.10477	41.445	0.10477	0.025
37.3	28.3	0.045458	15.201	0.045458	0.025
36.7	30.3	0.098603	18.525	0.098603	0.025
36	32.3	0.085263	30.72	0.085263	0.025
38.6	28.1	0.03074	19.207	0.03074	0.025
38	30.1	0.074166	22.593	0.074166	0.025
37.3	32.2	0.074677	29.382	0.074677	0.025
39.8	27.9	0.019708	23.157	0.019708	0.025
39.2	29.9	0.050341	26.543	0.050341	0.025
38.7	32	0.062976	31.97	0.062976	0.025
38.1	34	0.043986	63.421	0.043986	0.025
40.5	29.8	0.02805	27.998	0.02805	0.025
40	31.8	0.048686	35.473	0.048686	0.025
39.4	33.8	0.047247	58.241	0.047247	0.025
41.7	29.6	0.015161	26.817	0.015161	0.025
41.3	31.6	0.034624	37.209	0.034624	0.025
40.8	33.6	0.054653	53.142	0.054653	0.025
43	29.4	0.005992	22.104	0.005992	0.025
42.5	31.4	0.02237	37.872	0.02237	0.025
42.1	33.5	0.053453	48.331	0.053453	0.025
41.7	35.5	0.071337	53.662	0.071337	0.025
43.8	31.2	0.010477	40.657	0.010477	0.025
43.4	33.3	0.046582	47.694	0.046582	0.025
43	35.3	0.082563	45.233	0.082563	0.025
45	30.9	0.004777	42.962	0.004777	0.025
44.7	33	0.033177	48.107	0.033177	0.025
44.4	35.1	0.084004	43.472	0.084004	0.025
46.2	30.7	0.005339	16.369	0.005339	0.025
46	32.8	0.022273	49.256	0.022273	0.025
45.7	34.8	0.071166	48.889	0.071166	0.025
45.4	36.9	0.12951	36.939	0.12951	0.025
47.2	32.5	0.021743	52.187	0.021743	0.025
47	34.6	0.069705	60.925	0.069705	0.025
46.8	36.6	0.10923	45.599	0.10923	0.025
48.4	32.3	0.030702	54.425	0.030702	0.025
48.3	34.3	0.075015	68.788	0.075015	0.025
48.1	36.4	0.097854	58.634	0.097854	0.025
49.7	32	0.036246	53.639	0.036246	0.025
49.5	34.1	0.071212	68.925	0.071212	0.025
49.4	36.1	0.10076	71.094	0.10076	0.025
50.9	31.7	0.036598	56.392	0.036598	0.025
50.8	33.8	0.054791	68.101	0.054791	0.025
50.7	35.9	0.09312	74.853	0.09312	0.025
50.7	37.9	0.083465	76.471	0.083465	0.025
52	33.5	0.038688	68.819	0.038688	0.025
52	35.6	0.056883	72.172	0.056883	0.025
52	37.6	0.08729	79.733	0.08729	0.025
53.2	33.2	0.023881	71.038	0.023881	0.025
53.3	35.2	0.020103	67.15	0.020103	0.025
53.4	37.3	0.042949	77.255	0.042949	0.025
54.4	32.9	0.010276	80.608	0.010276	0.025
54.5	35	0.010455	163.3	0.010455	0.025
54.7	37	0.021275	169.13	0.021275	0.025
54.8	39	0.021425	52.998	0.021425	0.025
55.8	34.7	0.027213	157.58	0.027213	0.025
55.9	36.7	0.064295	165.39	0.064295	0.025
56.1	38.6	0.047069	177.51	0.047069	0.025
57	34.3	0.027827	153.31	0.027827	0.025
57.2	36.4	0.068786	163.38	0.068786	0.025
57.4	38.3	0.07125	172.01	0.07125	0.025
58.2	34	0.021123	150.31	0.021123	0.025
58.4	36	0.044497	159.94	0.044497	0.025
58.7	38	0.053677	170.71	0.053677	0.025
59.1	40	0.04848	3.6538	0.04848	0.025
59.7	35.7	0.022572	157.48	0.022572	0.025
60	37.6	0.027229	172.45	0.027229	0.025
60.4	39.6	0.023966	6.8532	0.023966	0.025
60.9	35.3	0.007765	159.55	0.007765	0.025
61.3	37.3	0.009838	178.42	0.009838	0.025
61.7	39.2	0.009695	20.979	0.009695	0.025
62.1	35	0.001627	14.561	0.001627	0.025
62.5	36.9	0.003925	25.041	0.003925	0.025
63	38.8	0.005772	42.954	0.005772	0.025
63.5	40.8	0.004737	66.669	0.004737	0.025
63.7	36.6	0.004016	38.333	0.004016	0.025
64.3	38.5	0.004277	48.003	0.004277	0.025
-2.5	15	0.000434	103.57	0.000434	0.025
1.4	13	0.000189	54.574	0.000189	0.025
0.1	14.2	0.000211	76.612	0.000211	0.025
-1.2	15.4	0.000498	117.7	0.000498	0.025
2.7	13.4	3.9e-05	13.585	3.9e-05	0.025
1.4	14.6	0.000218	85.137	0.000218	0.025
0	15.9	0.00061	121.76	0.00061	0.025
4	13.7	0.000114	172.91	0.000114	0.025
2.7	15	0.000267	122.24	0.000267	0.025
1.4	16.3	0.000553	124.74	0.000553	0.025
0	17.6	0.000562	143.8	0.000562	0.025
4	15.4	0.000272	126.4	0.000272	0.025
2.7	16.7	0.000261	124.54	0.000261	0.025
1.3	18	0.000141	143.41	0.000141	0.025
5.3	15.7	0.000151	134.56	0.000151	0.025
4	17	0.00039	90.653	0.00039	0.025
2.7	18.4	0.000984	70.046	0.000984	0.025
6.7	16	0.000327	174.48	0.000327	0.025
5.3	17.4	0.000509	75.82	0.000509	0.025
4	18.7	0.002912	77.511	0.002912	0.025
2.6	20.1	0.006097	84.54	0.006097	0.025
6.7	17.7	0.000265	55.652	0.000265	0.025
5.3	19.1	0.003058	87.119	0.003058	0.025
4	20.5	0.013078	97.207	0.013078	0.025
8	18	0.000315	165.79	0.000315	0.025
6.7	19.4	0.003162	117.58	0.003162	0.025
5.3	20.8	0.020542	110.32	0.020542	0.025
9.4	18.2	0.00044	165.37	0.00044	0.025
8	19.7	0.002875	140.81	0.002875	0.025
6.7	21.1	0.022286	122.53	0.022286	0.025
5.3	22.6	0.044744	104.67	0.044744	0.025
9.4	20	0.00315	157.95	0.00315	0.025
8	21.4	0.020763	138.08	0.020763	0.025
6.7	22.9	0.045221	118.26	0.045221	0.025
10.7	20.2	0.002103	170.35	0.002103	0.025
9.4	21.7	0.018608	147.08	0.018608	0.025
8.1	23.2	0.059516	136.16	0.059516	0.025
12.1	20.4	0.000869	11.172	0.000869	0.025
10.7	22	0.009429	153.58	0.009429	0.025
9.4	23.5	0.06276	139.5	0.06276	0.025
8.1	25	0.10755	132.2	0.10755	0.025
12.1	22.2	0.002723	160.73	0.002723	0.025
10.8	23.7	0.047026	138.09	0.047026	0.025
9.4	25.3	0.12534	136.45	0.12534	0.025
13.5	22.4	0.001379	54.633	0.001379	0.025
12.2	24	0.024775	131.14	0.024775	0.025
10.8	25.5	0.10369	136.17	0.10369	0.025
14.8	22.6	0.00187	56.466	0.00187	0.025
13.6	24.1	0.012155	112.97	0.012155	0.025
12.2	25.8	0.075296	132.23	0.075296	0.025
10.9	27.4	0.13156	135.89	0.13156	0.025
14.9	24.3	0.009046	93.26	0.009046	0.025
13.7	26	0.043768	124.81	0.043768	0.025
12.3	27.6	0.10793	133.5	0.10793	0.025
16.3	24.5	0.006768	73.687	0.006768	0.025
15	26.2	0.026599	116.45	0.026599	0.025
13.8	27.8	0.079587	129.69	0.079587	0.025
17.7	24.6	0.005735	63.035	0.005735	0.025
16.4	26.3	0.015926	103.34	0.015926	0.025
15.2	28	0.058005	125.27	0.058005	0.025
19.1	24.7	0.003681	53.31	0.003681	0.025
17.8	26.4	0.012755	86.478	0.012755	0.025
16.6	28.2	0.038434	117.59	0.038434	0.025
15.3	29.8	0.067018	132.08	0.067018	0.025
19.2	26.5	0.011337	82.219	0.011337	0.025
18	28.3	0.031819	109.09	0.031819	0.025
16.7	30	0.055163	129.17	0.055163	0.025
20.6	26.6	0.007425	83.061	0.007425	0.025
19.4	28.4	0.028533	104.13	0.028533	0.025
18.2	30.1	0.047695	125.25	0.047695	0.025
22	26.7	0.002069	89.274	0.002069	0.025
20.8	28.5	0.024866	108.78	0.024866	0.025
19.7	30.2	0.045696	126.92	0.045696	0.025
18.4	32	0.094424	150.01	0.094424	0.025
22.2	28.6	0.021012	122.33	0.021012	0.025
21.1	30.3	0.049297	138.16	0.049297	0.025
19.9	32.1	0.10553	155.05	0.10553	0.025
23.6	28.6	0.022084	136.71	0.022084	0.025
22.5	30.4	0.060797	149.71	0.060797	0.025
21.4	32.2	0.13754	160.3	0.13754	0.025
25	28.6	0.024371	147.52	0.024371	0.025
23.9	30.5	0.0849	157.39	0.0849	0.025
22.8	32.3	0.18677	162.44	0.18677	0.025
21.7	34.1	0.13783	148.08	0.13783	0.025
25.4	30.5	0.10332	161.09	0.10332	0.025
24.3	32.3	0.21847	163.41	0.21847	0.025
23.2	34.2	0.19019	150.42	0.19019	0.025
26.8	30.5	0.093936	163.57	0.093936	0.025
25.7	32.3	0.21154	166.6	0.21154	0.025
24.7	34.2	0.22023	154.63	0.22023	0.025
28.1	30.5	0.072089	167.43	0.072089	0.025
27.2	32.4	0.17637	174.77	0.17637	0.025
26.2	34.2	0.15601	163.63	0.15601	0.025
25.1	36.1	0.20478	107.95	0.20478	0.025
28.6	32.4	0.11964	12.313	0.11964	0.025
27.6	34.2	0.12944	16.36	0.12944	0.025
26.6	36.1	0.14635	76.27	0.14635	0.025
30	32.3	0.11415	38.618	0.11415	0.025
29.1	34.2	0.21322	45.228	0.21322	0.025
28.1	36.1	0.3873	61.802	0.3873	0.025
31.4	32.2	0.13517	47.804	0.13517	0.025
30.5	34.2	0.32707	56.01	0.32707	0.025
29.6	36.1	0.62059	61.849	0.62059	0.025
32.8	32.1	0.12327	45.436	0.12327	0.025
32	34.1	0.34203	59.207	0.34203	0.025
31.1	36.1	0.63445	64.277	0.63445	0.025
30.2	38	0.96746	65.419	0.96746	0.025
33.4	34	0.2745	61.377	0.2745	0.025
32.6	36	0.55155	67.376	0.55155	0.025
31.8	38	0.87655	65.881	0.87655	0.025
34.8	33.9	0.16859	63.16	0.16859	0.025
34.1	35.9	0.33942	71.594	0.33942	0.025
33.3	37.9	0.51851	66.308	0.51851	0.025
36.2	33.8	0.081192	58.153	0.081192	0.025
35.5	35.8	0.1829	76.025	0.1829	0.025
34.8	37.8	0.22355	65.058	0.22355	0.025
34.1	39.7	0.30269	47.839	0.30269	0.025
36.9	35.7	0.086883	81.433	0.086883	0.025
36.3	37.7	0.064069	58.243	0.064069	0.025
35.6	39.7	0.22984	27.311	0.22984	0.025
38.4	35.5	0.057658	83.937	0.057658	0.025
37.8	37.5	0.031136	64.605	0.031136	0.025
37.1	39.5	0.21272	17.432	0.21272	0.025
39.8	35.3	0.058522	73.983	0.058522	0.025
39.2	37.3	0.045104	62.5	0.045104	0.025
38.7	39.4	0.13052	19.35	0.13052	0.025
38.1	41.4	0.46507	24.05	0.46507	0.025
40.7	37.2	0.059963	49.891	0.059963	0.025
40.2	39.2	0.11399	28.406	0.11399	0.025
39.7	41.2	0.35632	29.667	0.35632	0.025
42.1	37	0.088971	37.597	0.088971	0.025
41.6	39	0.15165	30.4	0.15165	0.025
41.2	41	0.333	34.928	0.333	0.025
43.5	36.8	0.11392	35.56	0.11392	0.025
43.1	38.8	0.19506	30.971	0.19506	0.025
42.7	40.8	0.32691	35.603	0.32691	0.025
42.3	42.8	0.44616	40.329	0.44616	0.025
44.5	38.6	0.20466	30.611	0.20466	0.025
44.2	40.7	0.31437	35.038	0.31437	0.025
43.9	42.7	0.40283	39.937	0.40283	0.025
46	38.3	0.19283	28.406	0.19283	0.025
45.7	40.4	0.26484	31.844	0.26484	0.025
45.5	42.4	0.30334	39.834	0.30334	0.025
47.4	38.1	0.14406	28.892	0.14406	0.025
47.2	40.1	0.19835	26.15	0.19835	0.025
47	42.2	0.17806	39.282	0.17806	0.025
46.8	44.2	0.13276	41.696	0.13276	0.025
48.6	39.9	0.11234	22.8	0.11234	0.025
48.5	41.9	0.083692	40.139	0.083692	0.025
48.4	43.9	0.068887	46.568	0.068887	0.025
50	39.6	0.045553	48.224	0.045553	0.025
50	41.6	0.040647	56.325	0.040647	0.025
49.9	43.6	0.046217	54.716	0.046217	0.025
51.4	39.3	0.084535	78.707	0.084535	0.025
51.4	41.4	0.057032	71.477	0.057032	0.025
51.5	43.3	0.051934	53.708	0.051934	0.025
52.8	39	0.084865	79.026	0.084865	0.025
52.9	41	0.067543	64.606	0.067543	0.025
53	43	0.068287	44.676	0.068287	0.025
53.1	45	0.073025	35.43	0.073025	0.025
54.3	40.7	0.065736	49.156	0.065736	0.025
54.4	42.7	0.082499	35.841	0.082499	0.025
54.6	44.7	0.079255	29.941	0.079255	0.025
55.7	40.4	0.063756	28.495	0.063756	0.025
55.9	42.3	0.085975	27	0.085975	0.025
56.1	44.3	0.073025	24.15	0.073025	0.025
57.1	40.1	0.067395	11.421	0.067395	0.025
57.3	42	0.07551	19.185	0.07551	0.025
57.6	43.9	0.056353	19.128	0.056353	0.025
58	45.9	0.033682	20.737	0.033682	0.025
58.7	41.7	0.053776	12.732	0.053776	0.025
59.1	43.6	0.033832	15.504	0.033832	0.025
59.5	45.5	0.013733	19.861	0.013733	0.025
60.1	41.3	0.028026	11.581	0.028026	0.025
60.5	43.2	0.013081	16.228	0.013081	0.025
61	45.1	0.001585	72.674	0.001585	0.025
61.5	40.9	0.010525	21.413	0.010525	0.025
62	42.8	0.003051	46.855	0.003051	0.025
62.5	44.7	0.006857	98.921	0.006857	0.025
63	46.5	0.008071	99.417	0.008071	0.025
63.4	42.4	0.00527	85.207	0.00527	0.025
63.9	44.3	0.008312	100.69	0.008312	0.025
64.5	46.1	0.007615	98.911	0.007615	0.025
64.7	42	0.006073	91.738	0.006073	0.025
-5.5	16.9	0.00215	76.325	0.00215	0.025
-6.8	18.1	0.002642	75.617	0.002642	0.025
-2.9	16.2	0.000612	87.671	0.000612	0.025
-4.2	17.4	0.001405	78.865	0.001405	0.025
-5.6	18.6	0.002184	77.64	0.002184	0.025
-6.9	19.8	0.002005	69.118	0.002005	0.025
-3	17.9	0.000563	85.395	0.000563	0.025
-4.3	19.1	0.000988	86.804	0.000988	0.025
-5.7	20.3	0.000724	76.336	0.000724	0.025
-1.6	18.4	0.000292	136.78	0.000292	0.025
-3	19.6	0.000728	119.03	0.000728	0.025
-4.4	20.8	0.000737	127.93	0.000737	0.025
-0.3	18.8	0.000409	148.14	0.000409	0.025
-1.7	20.1	0.001	129.46	0.001	0.025
-3.1	21.4	0.001341	124.3	0.001341	0.025
1	19.2	0.000319	77.104	0.000319	0.025
-0.4	20.5	0.000299	125.53	0.000299	0.025
-1.8	21.8	0.000962	146.37	0.000962	0.025
-3.2	23.1	0.000867	152.14	0.000867	0.025
0.9	21	0.003505	83.181	0.003505	0.025
-0.4	22.3	0.000731	67.871	0.000731	0.025
-1.9	23.6	0.002799	23.98	0.002799	0.025
2.3	21.4	0.013797	91.387	0.013797	0.025
0.9	22.7	0.009074	83.004	0.009074	0.025
-0.5	24.1	0.007444	55.99	0.007444	0.025
3.6	21.8	0.028287	100.07	0.028287	0.025
2.2	23.1	0.025333	88.899	0.025333	0.025
0.8	24.5	0.01985	70.851	0.01985	0.025
-0.6	25.9	0.017969	53.983	0.017969	0.025
3.6	23.5	0.042677	93.603	0.042677	0.025
2.2	24.9	0.035495	82.77	0.035495	0.025
0.7	26.3	0.025569	63.283	0.025569	0.025
5	23.9	0.053145	97.341	0.053145	0.025
3.5	25.3	0.048512	92.242	0.048512	0.025
2.1	26.8	0.028658	82.121	0.028658	0.025
6.3	24.2	0.057539	112.17	0.057539	0.025
5	25.7	0.060026	101.31	0.060026	0.025
3.5	27.1	0.039816	98.84	0.039816	0.025
2	28.6	0.013083	86.145	0.013083	0.025
6.3	26	0.079114	114.06	0.079114	0.025
4.9	27.5	0.051324	104.31	0.051324	0.025
3.4	29	0.018065	103.63	0.018065	0.025
7.7	26.4	0.11026	126.51	0.11026	0.025
6.3	27.9	0.066191	108.91	0.066191	0.025
4.9	29.3	0.028079	102.94	0.028079	0.025
9.1	26.6	0.13652	134.41	0.13652	0.025
7.7	28.2	0.084169	120.54	0.084169	0.025
6.3	29.7	0.044098	103.27	0.044098	0.025
4.9	31.2	0.006057	57.268	0.006057	0.025
9.2	28.5	0.098238	131.53	0.098238	0.025
7.7	30	0.045812	110.16	0.045812	0.025
6.3	31.6	0.00937	122.36	0.00937	0.025
10.6	28.7	0.11067	136.36	0.11067	0.025
9.2	30.3	0.043243	129.02	0.043243	0.025
7.7	31.9	0.026877	150	0.026877	0.025
12	29	0.10253	135.74	0.10253	0.025
10.7	30.6	0.055552	140.02	0.055552	0.025
9.2	32.2	0.06026	159.14	0.06026	0.025
7.8	33.8	0.15353	151.36	0.15353	0.025
12.1	30.9	0.063191	143.52	0.063191	0.025
10.8	32.5	0.078866	159.81	0.078866	0.025
9.3	34.1	0.17157	147.5	0.17157	0.025
13.6	31.1	0.072364	145.18	0.072364	0.025
12.2	32.7	0.099926	159.92	0.099926	0.025
10.8	34.4	0.14411	145.59	0.14411	0.025
15.1	31.3	0.079604	147.84	0.079604	0.025
13.7	33	0.12297	159.28	0.12297	0.025
12.3	34.7	0.11973	144.27	0.11973	0.025
16.6	31.4	0.077775	146.25	0.077775	0.025
15.2	33.2	0.13864	156.46	0.13864	0.025
13.9	34.9	0.1211	138.02	0.1211	0.025
12.5	36.6	0.074656	115.29	0.074656	0.025
16.8	33.3	0.1363	149.88	0.1363	0.025
15.4	35.1	0.16196	126.09	0.16196	0.025
14	36.8	0.11167	107.12	0.11167	0.025
18.2	33.5	0.12581	143.55	0.12581	0.025
17	35.2	0.24972	113.3	0.24972	0.025
15.6	37	0.26019	101.19	0.26019	0.025
19.7	33.6	0.11266	144.94	0.11266	0.025
18.5	35.4	0.28991	107.17	0.28991	0.025
17.2	37.2	0.46283	98.301	0.46283	0.025
15.9	38.9	0.29074	81.667	0.29074	0.025
20	35.5	0.31696	103.89	0.31696	0.025
18.8	37.3	0.61175	94.56	0.61175	0.025
17.5	39.1	0.54981	80.7	0.54981	0.025
21.6	35.6	0.3118	105.82	0.3118	0.025
20.4	37.5	0.67738	91.093	0.67738	0.025
19.1	39.3	0.79516	76.93	0.79516	0.025
23.1	35.7	0.2655	111.85	0.2655	0.025
21.9	37.5	0.61997	90.378	0.61997	0.025
20.7	39.4	0.81837	73.787	0.81837	0.025
19.5	41.2	0.79119	64.452	0.79119	0.025
23.5	37.6	0.51516	91.139	0.51516	0.025
22.4	39.5	0.6931	74.544	0.6931	0.025
21.1	41.3	0.77943	65.639	0.77943	0.025
25.1	37.6	0.38761	89.633	0.38761	0.025
24	39.5	0.59474	76.866	0.59474	0.025
22.8	41.4	0.75881	69.013	0.75881	0.025
26.6	37.7	0.43424	74.998	0.43424	0.025
25.6	39.6	0.61449	74.911	0.61449	0.025
24.5	41.5	0.75372	71.276	0.75372	0.025
23.3	43.4	0.5619	70.856	0.5619	0.025
27.2	39.6	0.69629	70.324	0.69629	0.025
26.2	41.5	0.71039	70.355	0.71039	0.025
25.1	43.4	0.56836	67.497	0.56836	0.025
28.8	39.6	0.85938	67.68	0.85938	0.025
27.8	41.5	0.71318	67.571	0.71318	0.025
26.8	43.4	0.54527	64.258	0.54527	0.025
30.4	39.5	0.88562	67.109	0.88562	0.025
29.5	41.5	0.63676	66.436	0.63676	0.025
28.5	43.5	0.53405	62.735	0.53405	0.025
32	39.5	0.68327	65.651	0.68327	0.025
31.1	41.4	0.46614	65.169	0.46614	0.025
30.2	43.4	0.43781	60.939	0.43781	0.025
29.2	45.4	0.32557	59.017	0.32557	0.025
32.7	41.4	0.27791	50.956	0.27791	0.025
31.9	43.3	0.27704	53.273	0.27704	0.025
31	45.3	0.23676	57.169	0.23676	0.025
34.3	41.3	0.3292	27.85	0.3292	0.025
33.6	43.3	0.23707	29.636	0.23707	0.025
32.8	45.2	0.14608	46.742	0.14608	0.025
35.9	41.2	0.44882	21.526	0.44882	0.025
35.2	43.2	0.36978	21.33	0.36978	0.025
34.5	45.2	0.14374	26.418	0.14374	0.025
33.7	47.1	0.096684	34.695	0.096684	0.025
36.9	43	0.48327	22.883	0.48327	0.025
36.2	45.1	0.19372	18.771	0.19372	0.025
35.5	47	0.10658	21.18	0.10658	0.025
38.5	42.9	0.4918	27.424	0.4918	0.025
37.9	44.9	0.2296	23.713	0.2296	0.025
37.3	46.9	0.10498	17.642	0.10498	0.025
40.1	42.7	0.46136	34.52	0.46136	0.025
39.6	44.7	0.26036	34.278	0.26036	0.025
39.1	46.7	0.09445	26.17	0.09445	0.025
38.5	48.7	0.091347	27.868	0.091347	0.025
41.3	44.6	0.35294	40.822	0.35294	0.025
40.8	46.5	0.11576	35.452	0.11576	0.025
40.4	48.6	0.086184	29.265	0.086184	0.025
42.9	44.4	0.37676	41.154	0.37676	0.025
42.6	46.4	0.14775	36.213	0.14775	0.025
42.2	48.3	0.088421	25.468	0.088421	0.025
44.5	44.1	0.30793	40.637	0.30793	0.025
44.2	46.1	0.14178	34.846	0.14178	0.025
43.9	48.1	0.083698	21.976	0.083698	0.025
43.6	50.1	0.07544	25.577	0.07544	0.025
45.9	45.9	0.10877	35.856	0.10877	0.025
45.7	47.9	0.068137	24.701	0.068137	0.025
45.5	49.9	0.067688	23.949	0.067688	0.025
47.6	45.6	0.071404	38.27	0.071404	0.025
47.4	47.6	0.059153	32.642	0.059153	0.025
47.3	49.6	0.056278	30.737	0.056278	0.025
49.2	45.3	0.053842	42.736	0.053842	0.025
49.1	47.3	0.061789	38.218	0.061789	0.025
49.1	49.3	0.058269	37.446	0.058269	0.025
49	51.3	0.048761	43.062	0.048761	0.025
50.8	47	0.066079	38.156	0.066079	0.025
50.8	49	0.065404	37.754	0.065404	0.025
50.9	50.9	0.049244	43.798	0.049244	0.025
52.4	46.7	0.069167	35.033	0.069167	0.025
52.6	48.6	0.066768	35.854	0.066768	0.025
52.7	50.6	0.052887	40.614	0.052887	0.025
54.1	46.4	0.069198	30.62	0.069198	0.025
54.2	48.3	0.059325	33.159	0.059325	0.025
54.5	50.2	0.050844	38.903	0.050844	0.025
55.6	46	0.061448	25.961	0.061448	0.025
55.9	47.9	0.044459	30.575	0.044459	0.025
56.2	49.9	0.038618	40.152	0.038618	0.025
56.5	51.7	0.040794	58.249	0.040794	0.025
57.5	47.5	0.027551	29.079	0.027551	0.025
57.9	49.4	0.021609	45.387	0.021609	0.025
58.3	51.3	0.027478	63.483	0.027478	0.025
59.1	47.2	0.011265	33.143	0.011265	0.025
59.6	49	0.01156	62.99	0.01156	0.025
60	50.9	0.01682	74.861	0.01682	0.025
60.7	46.8	0.00416	80.032	0.00416	0.025
61.2	48.6	0.009271	78.481	0.009271	0.025
61.7	50.4	0.010612	79.569	0.010612	0.025
62.3	52.3	0.008287	83.673	0.008287	0.025
62.8	48.2	0.007393	82.773	0.007393	0.025
63.4	50	0.007896	73.608	0.007896	0.025
64.1	51.8	0.002894	81.529	0.002894	0.025
64.4	47.7	0.006048	81.071	0.006048	0.025
65.1	49.5	0.006987	67.996	0.006987	0.025
65.8	51.3	0.00207	71.378	0.00207	0.025
-8.4	18.7	0.002227	70.022	0.002227	0.025
-9.8	19.9	0.001702	60.275	0.001702	0.025
-11.2	21	0.002013	57.295	0.002013	0.025
-12.6	22.1	0.001284	65.376	0.001284	0.025
-8.6	20.4	0.001619	54.33	0.001619	0.025
-10	21.6	0.001953	44.009	0.001953	0.025
-11.4	22.8	0.001205	44.8	0.001205	0.025
-7.3	21	0.000864	52.624	0.000864	0.025
-8.7	22.2	0.001642	38.623	0.001642	0.025
-10.2	23.4	0.001485	40.766	0.001485	0.025
-6.1	21.6	0.000493	148.27	0.000493	0.025
-7.5	22.8	0.00035	6.2609	0.00035	0.025
-8.9	24	0.00054	28.742	0.00054	0.025
-10.4	25.2	0.00084	23.893	0.00084	0.025
-6.2	23.4	0.001784	137.81	0.001784	0.025
-7.7	24.6	0.002247	142.73	0.002247	0.025
-9.2	25.8	0.001522	154.83	0.001522	0.025
-4.9	23.9	0.00184	136.96	0.00184	0.025
-6.4	25.2	0.002987	147.75	0.002987	0.025
-7.9	26.4	0.003795	147.56	0.003795	0.025
-3.6	24.4	0.001431	23.8	0.001431	0.025
-5.1	25.7	0.002122	14.916	0.002122	0.025
-6.6	27	0.003123	170.82	0.003123	0.025
-2.3	24.9	0.005934	38.494	0.005934	0.025
-3.7	26.2	0.006261	35.229	0.006261	0.025
-5.3	27.5	0.005401	19.379	0.005401	0.025
-6.8	28.8	0.005494	137.95	0.005494	0.025
-2.4	26.7	0.011712	40.601	0.011712	0.025
-3.9	28	0.009755	22.884	0.009755	0.025
-5.5	29.4	0.010117	148.75	0.010117	0.025
-1.1	27.2	0.019821	45.492	0.019821	0.025
-2.6	28.6	0.016393	22.978	0.016393	0.025
-4.1	29.9	0.017422	164.77	0.017422	0.025
0.3	27.7	0.021624	51.558	0.021624	0.025
-1.2	29.1	0.02528	27.822	0.02528	0.025
-2.7	30.4	0.025596	8.4695	0.025596	0.025
-4.3	31.8	0.025932	162.75	0.025932	0.025
0.2	29.5	0.027052	36.215	0.027052	0.025
-1.4	30.9	0.044191	30.358	0.044191	0.025
-2.9	32.3	0.041301	28.285	0.041301	0.025
1.6	29.9	0.020251	47.41	0.020251	0.025
0.1	31.4	0.064448	40.875	0.064448	0.025
-1.5	32.8	0.086989	39.705	0.086989	0.025
3.1	30.4	0.013752	49.433	0.013752	0.025
1.5	31.8	0.070016	42.817	0.070016	0.025
-0.1	33.3	0.12318	43.271	0.12318	0.025
-1.7	34.7	0.16736	27.707	0.16736	0.025
3	32.2	0.059038	37.647	0.059038	0.025
1.4	33.7	0.12853	43.2	0.12853	0.025
-0.2	35.2	0.15455	26.017	0.15455	0.025
4.4	32.6	0.03285	21.838	0.03285	0.025
2.9	34.1	0.077161	36.674	0.077161	0.025
1.3	35.6	0.098536	11.358	0.098536	0.025
5.9	33	0.048883	163.28	0.048883	0.025
4.4	34.6	0.050372	160.97	0.050372	0.025
2.8	36.1	0.16286	155.86	0.16286	0.025
1.2	37.6	0.27858	162.56	0.27858	0.025
5.9	34.9	0.16141	145.28	0.16141	0.025
4.3	36.5	0.31177	144.02	0.31177	0.025
2.7	38	0.43806	153.57	0.43806	0.025
7.4	35.2	0.24131	141.41	0.24131	0.025
5.9	36.8	0.36107	138.95	0.36107	0.025
4.2	38.4	0.52264	149.35	0.52264	0.025
9	35.6	0.23705	136	0.23705	0.025
7.5	37.2	0.2928	135.36	0.2928	0.025
5.8	38.8	0.46189	148.61	0.46189	0.025
4.2	40.4	0.44983	161.07	0.44983	0.025
9	37.5	0.15393	131.48	0.15393	0.025
7.5	39.1	0.24	149.4	0.24	0.025
5.8	40.7	0.35449	159.69	0.35449	0.025
10.6	37.8	0.017508	150.85	0.017508	0.025
9.1	39.4	0.1499	163.15	0.1499	0.025
7.5	41.1	0.27609	159.44	0.27609	0.025
12.2	38.1	0.067311	21.286	0.067311	0.025
10.7	39.8	0.22032	176.23	0.22032	0.025
9.1	41.4	0.28836	157.85	0.28836	0.025
13.8	38.3	0.056944	38.721	0.056944	0.025
12.3	40	0.26974	178.47	0.26974	0.025
10.8	41.7	0.30631	157.25	0.30631	0.025
9.2	43.4	0.30863	128.28	0.30863	0.025
14	40.2	0.13386	1.2234	0.13386	0.025
12.5	42	0.18957	151.6	0.18957	0.025
10.9	43.7	0.28788	117.13	0.28788	0.025
15.7	40.4	0.21168	70.97	0.21168	0.025
14.2	42.2	0.21169	93.527	0.21169	0.025
12.7	43.9	0.43893	102.35	0.43893	0.025
17.3	40.6	0.56721	68.408	0.56721	0.025
15.9	42.4	0.45603	77.875	0.45603	0.025
14.5	44.2	0.60696	96.442	0.60696	0.025
12.9	45.9	0.38682	100.26	0.38682	0.025
17.6	42.6	0.54914	73.551	0.54914	0.025
16.2	44.4	0.63203	95.198	0.63203	0.025
14.7	46.1	0.46057	104.83	0.46057	0.025
19.4	42.7	0.57825	71.923	0.57825	0.025
18	44.6	0.54053	97.147	0.54053	0.025
16.5	46.4	0.5272	109.22	0.5272	0.025
21.1	42.8	0.60661	71.292	0.60661	0.025
19.8	44.7	0.43628	98.898	0.43628	0.025
18.4	46.5	0.59408	115.19	0.59408	0.025
16.9	48.3	0.39883	124.74	0.39883	0.025
21.6	44.8	0.367	98.016	0.367	0.025
20.2	46.7	0.61333	116.98	0.61333	0.025
18.8	48.5	0.55212	124.01	0.55212	0.025
23.3	44.9	0.28335	83.364	0.28335	0.025
22.1	46.7	0.46999	116.33	0.46999	0.025
20.8	48.6	0.55217	121.71	0.55217	0.025
25.1	45	0.30399	67.326	0.30399	0.025
23.9	46.8	0.25161	112.77	0.25161	0.025
22.7	48.7	0.41821	121.19	0.41821	0.025
21.3	50.6	0.38168	134.41	0.38168	0.025
25.8	46.9	0.12166	90.79	0.12166	0.025
24.6	48.8	0.25941	120.87	0.25941	0.025
23.4	50.7	0.30624	134.02	0.30624	0.025
27.6	46.9	0.1657	66.984	0.1657	0.025
26.5	48.8	0.15956	116.55	0.15956	0.025
25.4	50.7	0.25722	137.33	0.25722	0.025
29.5	46.9	0.17476	62.433	0.17476	0.025
28.4	48.8	0.085692	103.36	0.085692	0.025
27.3	50.8	0.19929	138.92	0.19929	0.025
31.3	46.8	0.14425	56.159	0.14425	0.025
30.4	48.8	0.045088	76.203	0.045088	0.025
29.4	50.7	0.082426	136.58	0.082426	0.025
28.3	52.7	0.096515	160.13	0.096515	0.025
32.2	48.7	0.050603	39.319	0.050603	0.025
31.4	50.7	0.008779	63.607	0.008779	0.025
30.4	52.6	0.039707	49.235	0.039707	0.025
34.1	48.7	0.086287	25.164	0.086287	0.025
33.3	50.6	0.058104	40.719	0.058104	0.025
32.4	52.6	0.11353	60.454	0.11353	0.025
36	48.5	0.10633	21.898	0.10633	0.025
35.3	50.5	0.078112	38.343	0.078112	0.025
34.5	52.5	0.11646	64.691	0.11646	0.025
33.7	54.4	0.14854	69.039	0.14854	0.025
37.2	50.4	0.074665	40.869	0.074665	0.025
36.5	52.4	0.095983	73.829	0.095983	0.025
35.8	54.3	0.12102	76.104	0.12102	0.025
39.1	50.2	0.067521	44.135	0.067521	0.025
38.5	52.2	0.081582	80.71	0.081582	0.025
37.9	54.2	0.097528	84.215	0.097528	0.025
41	50	0.070402	36.826	0.070402	0.025
40.5	52	0.048984	74.586	0.048984	0.025
40	54	0.050776	90.032	0.050776	0.025
39.5	55.9	0.052122	44.759	0.052122	0.025
42.5	51.8	0.045022	35.92	0.045022	0.025
42.1	53.7	0.01291	18.449	0.01291	0.025
41.7	55.7	0.047712	18.778	0.047712	0.025
44.4	51.6	0.063177	26.338	0.063177	0.025
44.1	53.5	0.047528	18.297	0.047528	0.025
43.8	55.4	0.051946	14.089	0.051946	0.025
46.3	51.3	0.059354	30.012	0.059354	0.025
46.1	53.3	0.046981	31.402	0.046981	0.025
46	55.2	0.036254	28.297	0.036254	0.025
45.8	57.1	0.043339	19.645	0.043339	0.025
48.1	52.9	0.044257	48.421	0.044257	0.025
48	54.9	0.032241	54.462	0.032241	0.025
47.9	56.8	0.017971	28.041	0.017971	0.025
50.1	52.6	0.043449	58.241	0.043449	0.025
50.1	54.5	0.038757	70.71	0.038757	0.025
50.1	56.5	0.005513	74.175	0.005513	0.025
52	52.3	0.042443	58.637	0.042443	0.025
52.1	54.2	0.047619	75.179	0.047619	0.025
52.2	56.1	0.027177	88.705	0.027177	0.025
52.4	58	0.015822	135.39	0.015822	0.025
54	53.8	0.054487	73.936	0.054487	0.025
54.3	55.7	0.052851	87.339	0.052851	0.025
54.5	57.6	0.031688	99.529	0.031688	0.025
55.9	53.4	0.055342	73.409	0.055342	0.025
56.3	55.3	0.071494	86.795	0.071494	0.025
56.7	57.1	0.056932	89.9	0.056932	0.025
57.8	53	0.045459	72.942	0.045459	0.025
58.2	54.9	0.06466	85.187	0.06466	0.025
58.7	56.7	0.056415	85.985	0.056415	0.025
59.6	52.5	0.028427	76.093	0.028427	0.025
60.2	54.4	0.039256	82.482	0.039256	0.025
60.7	56.2	0.033654	80.317	0.033654	0.025
61.4	58	0.01172	60.012	0.01172	0.025
62	53.9	0.014872	79.197	0.014872	0.025
62.7	55.7	0.015482	67.703	0.015482	0.025
63.4	57.5	0.011077	44.819	0.011077	0.025
63.8	53.4	0.002947	77.308	0.002947	0.025
64.6	55.1	0.007592	51.955	0.007592	0.025
65.4	56.9	0.010075	39.062	0.010075	0.025
65.6	52.9	0.00104	179.66	0.00104	0.025
66.4	54.6	0.004525	38.852	0.004525	0.025
67.3	56.3	0.008467	39.473	0.008467	0.025
-18.4	24.2	0.002516	162.14	0.002516	0.025
-14.3	22.7	0.00074	100.94	0.00074	0.025
-15.7	23.8	0.001641	131.76	0.001641	0.025
-17.2	24.9	0.00131	156.71	0.00131	0.025
-13.1	23.4	0.000303	119.7	0.000303	0.025
-14.6	24.5	0.001449	123.62	0.001449	0.025
-16.1	25.6	0.000659	73.29	0.000659	0.025
-11.9	24	0.000167	161.89	0.000167	0.025
-13.4	25.2	0.000775	126	0.000775	0.025
-14.9	26.3	0.001896	42.123	0.001896	0.025
-16.5	27.5	0.004882	27.274	0.004882	0.025
-12.2	25.8	0.001114	11.624	0.001114	0.025
-13.7	27	0.005979	17.506	0.005979	0.025
-15.3	28.2	0.012746	17.461	0.012746	0.025
-10.9	26.5	0.002286	10.826	0.002286	0.025
-12.5	27.7	0.010531	12.246	0.010531	0.025
-14.1	28.9	0.023844	13.966	0.023844	0.025
-9.7	27.1	0.002374	156.76	0.002374	0.025
-11.2	28.3	0.009581	10.827	0.009581	0.025
-12.8	29.5	0.028087	15.55	0.028087	0.025
-14.5	30.7	0.032522	13.416	0.032522	0.025
-10	29	0.002164	166.11	0.002164	0.025
-11.6	30.2	0.024764	22.493	0.024764	0.025
-13.2	31.4	0.039724	18.345	0.039724	0.025
-8.7	29.6	0.006562	124.99	0.006562	0.025
-10.3	30.8	0.017624	29.208	0.017624	0.025
-12	32.1	0.043153	24.026	0.043153	0.025
-7.3	30.1	0.014845	132.08	0.014845	0.025
-9	31.4	0.007872	6.1359	0.007872	0.025
-10.7	32.7	0.050277	21.734	0.050277	0.025
-6	30.7	0.027587	140.6	0.027587	0.025
-7.6	32	0.02586	156.32	0.02586	0.025
-9.3	33.3	0.070535	10.744	0.070535	0.025
-11.1	34.6	0.080256	13.494	0.080256	0.025
-6.2	32.6	0.041124	164.15	0.041124	0.025
-7.9	33.9	0.10179	3.4963	0.10179	0.025
-9.7	35.2	0.16138	3.1253	0.16138	0.025
-4.9	33.2	0.05128	12.612	0.05128	0.025
-6.5	34.5	0.14523	8.2823	0.14523	0.025
-8.3	35.8	0.25875	2.949	0.25875	0.025
-3.4	33.7	0.10644	27.862	0.10644	0.025
-5.1	35.1	0.20651	16.368	0.20651	0.025
-6.9	36.4	0.33077	8.882	0.33077	0.025
-8.7	37.7	0.23603	168.42	0.23603	0.025
-3.7	35.6	0.26874	19.425	0.26874	0.025
-5.4	37	0.41245	14.644	0.41245	0.025
-7.2	38.4	0.29383	5.529	0.29383	0.025
-2.2	36.1	0.27578	18.292	0.27578	0.025
-3.9	37.5	0.46451	15.894	0.46451	0.025
-5.8	38.9	0.44088	14.085	0.44088	0.025
-0.7	36.6	0.21937	11.569	0.21937	0.025
-2.4	38	0.40919	13.506	0.40919	0.025
-4.2	39.5	0.51949	15.816	0.51949	0.025
-6.1	40.9	0.29245	6.3208	0.29245	0.025
-0.9	38.5	0.3078	4.4214	0.3078	0.025
-2.7	40	0.46499	13.602	0.46499	0.025
-4.6	41.4	0.33712	7.5482	0.33712	0.025
0.6	39	0.33128	169.83	0.33128	0.025
-1.1	40.5	0.34833	9.4549	0.34833	0.025
-3	41.9	0.27074	4.498	0.27074	0.025
2.2	39.4	0.46492	162.03	0.46492	0.025
0.4	41	0.27149	2.0639	0.27149	0.025
-1.4	42.5	0.19299	177.24	0.19299	0.025
-3.3	43.9	0.24765	160.35	0.24765	0.025
2.1	41.4	0.26887	175.32	0.26887	0.025
0.2	42.9	0.15866	168.46	0.15866	0.025
-1.7	44.4	0.2802	156.3	0.2802	0.025
3.7	41.8	0.28775	167.51	0.28775	0.025
1.9	43.4	0.16038	158.9	0.16038	0.025
-0	44.9	0.30706	150.48	0.30706	0.025
5.4	42.2	0.24924	158.72	0.24924	0.025
3.6	43.8	0.19969	145.52	0.19969	0.025
1.7	45.4	0.34235	142.65	0.34235	0.025
-0.3	46.9	0.31757	149.63	0.31757	0.025
5.3	44.2	0.27263	134.62	0.27263	0.025
3.5	45.8	0.36651	135.07	0.36651	0.025
1.5	47.4	0.34041	139.06	0.34041	0.025
7	44.6	0.29068	124.46	0.29068	0.025
5.3	46.2	0.34484	129.81	0.34484	0.025
3.4	47.8	0.35122	130.65	0.35122	0.025
8.8	44.9	0.24077	111.04	0.24077	0.025
7.1	46.6	0.18071	116.85	0.18071	0.025
5.2	48.2	0.24821	117.56	0.24821	0.025
10.6	45.2	0.26977	99.151	0.26977	0.025
8.9	46.9	0.20281	64.5	0.20281	0.025
7.1	48.6	0.22908	75.646	0.22908	0.025
5.1	50.2	0.1832	87.581	0.1832	0.025
10.8	47.2	0.26753	58.384	0.26753	0.025
9	48.9	0.36493	62.164	0.36493	0.025
7.1	50.6	0.26987	74.078	0.26987	0.025
12.6	47.4	0.16514	68.919	0.16514	0.025
10.9	49.2	0.28371	56.792	0.28371	0.025
9.1	50.9	0.19088	73.545	0.19088	0.025
14.5	47.7	0.15291	105.58	0.15291	0.025
12.8	49.4	0.079829	33.414	0.079829	0.025
11.1	51.1	0.061509	151.32	0.061509	0.025
9.1	52.9	0.16692	127.93	0.16692	0.025
14.8	49.7	0.21372	151.23	0.21372	0.025
13.1	51.4	0.30195	157.6	0.30195	0.025
11.3	53.1	0.2484	147.83	0.2484	0.025
16.8	49.9	0.38837	141.32	0.38837	0.025
15.1	51.7	0.40822	155.78	0.40822	0.025
13.4	53.4	0.30319	154.86	0.30319	0.025
18.8	50	0.44848	134.77	0.44848	0.025
17.2	51.8	0.4537	151.4	0.4537	0.025
15.5	53.7	0.32586	155.92	0.32586	0.025
13.7	55.4	0.13891	155.51	0.13891	0.025
19.3	52	0.42868	148.11	0.42868	0.025
17.7	53.8	0.33988	154.21	0.33988	0.025
15.9	55.6	0.17934	155.42	0.17934	0.025
21.3	52.1	0.39196	145.69	0.39196	0.025
19.9	54	0.37187	151.9	0.37187	0.025
18.2	55.8	0.23906	152.24	0.23906	0.025
23.4	52.2	0.32263	146.62	0.32263	0.025
22	54.1	0.33816	151.53	0.33816	0.025
20.5	55.9	0.26217	150.94	0.26217	0.025
18.8	57.8	0.1648	157.57	0.1648	0.025
24.2	54.2	0.26318	155.43	0.26318	0.025
22.8	56	0.23598	155.48	0.23598	0.025
21.2	57.9	0.21992	164.18	0.21992	0.025
26.4	54.2	0.16295	162.35	0.16295	0.025
25.1	56.1	0.1696	167.29	0.1696	0.025
23.6	58	0.2456	171.9	0.2456	0.025
28.6	54.2	0.047269	15.259	0.047269	0.025
27.4	56.1	0.093312	15.972	0.093312	0.025
26	58	0.22345	2.1897	0.22345	0.025
30.7	54.1	0.11494	59.508	0.11494	0.025
29.7	56.1	0.13618	49.462	0.13618	0.025
28.5	58	0.18036	16.12	0.18036	0.025
27.2	59.9	0.29632	6.3182	0.29632	0.025
31.9	56	0.16151	59.376	0.16151	0.025
30.9	57.9	0.15964	29.955	0.15964	0.025
29.7	59.9	0.24196	13.6	0.24196	0.025
34.2	55.9	0.13567	64.922	0.13567	0.025
33.3	57.8	0.13912	40.957	0.13912	0.025
32.3	59.8	0.17982	23.25	0.17982	0.025
36.4	55.8	0.097625	68.842	0.097625	0.025
35.6	57.7	0.12525	41.969	0.12525	0.025
34.8	59.7	0.15922	30.455	0.15922	0.025
33.8	61.6	0.17502	26.293	0.17502	0.025
38	57.6	0.11026	36.58	0.11026	0.025
37.3	59.5	0.15139	29.458	0.15139	0.025
36.5	61.4	0.16079	30.636	0.16079	0.025
40.3	57.3	0.094568	27.138	0.094568	0.025
39.7	59.3	0.12898	22.952	0.12898	0.025
39.1	61.3	0.14033	26.837	0.14033	0.025
42.6	57.1	0.077708	18.854	0.077708	0.025
42.2	59	0.10244	18.391	0.10244	0.025
41.7	61	0.10379	21.666	0.10379	0.025
41.2	62.9	0.1034	27.359	0.1034	0.025
44.5	58.8	0.069913	16.496	0.069913	0.025
44.2	60.7	0.067675	16.448	0.067675	0.025
43.9	62.6	0.05793	18.236	0.05793	0.025
46.8	58.5	0.040273	13.207	0.040273	0.025
46.7	60.4	0.041423	7.3011	0.041423	0.025
46.5	62.3	0.035317	1.7046	0.035317	0.025
49.1	58.1	0.022612	177.91	0.022612	0.025
49.1	60.1	0.031376	170.73	0.031376	0.025
49.1	61.9	0.028069	166.42	0.028069	0.025
49.1	63.8	0.017529	176.79	0.017529	0.025
51.5	59.7	0.027801	153.99	0.027801	0.025
51.6	61.6	0.022506	155.14	0.022506	0.025
51.8	63.4	0.008698	1.6864	0.008698	0.025
53.8	59.2	0.021479	131.54	0.021479	0.025
54.1	61.1	0.015527	144.13	0.015527	0.025
54.4	63	0.007215	24.661	0.007215	0.025
56	58.8	0.022935	105.39	0.022935	0.025
56.4	60.6	0.005949	137.38	0.005949	0.025
56.9	62.5	0.010245	29.693	0.010245	0.025
57.4	64.3	0.005656	40.456	0.005656	0.025
58.7	60.1	0.003139	42.883	0.003139	0.025
59.3	61.9	0.009813	29.509	0.009813	0.025
60	63.7	0.002668	20.993	0.002668	0.025
60.9	59.6	0.008114	36.432	0.008114	0.025
61.7	61.4	0.006649	29.284	0.006649	0.025
62.5	63.1	0.000402	82.79	0.000402	0.025
63.1	59.1	0.008732	31.22	0.008732	0.025
63.9	60.8	0.004186	32.765	0.004186	0.025
64.8	62.5	0.004173	84.032	0.004173	0.025
65.2	58.5	0.007683	30.921	0.007683	0.025
66.1	60.2	0.002894	43.833	0.002894	0.025
67.1	61.9	0.006494	83.168	0.006494	0.025
68.2	63.6	0.007912	89.526	0.007912	0.025
68.2	59.6	0.001764	49.08	0.001764	0.025
-21.6	25.7	0.001221	165.75	0.001221	0.025
-23.1	26.8	0.001506	22.411	0.001506	0.025
-18.9	25.4	0.003197	169.39	0.003197	0.025
-20.5	26.5	0.001941	163.27	0.001941	0.025
-22.1	27.6	0.001373	33.413	0.001373	0.025
-17.8	26.2	0.001365	0.09184	0.001365	0.025
-19.4	27.3	0.001554	160.44	0.001554	0.025
-21	28.3	0.002022	46.948	0.002022	0.025
-22.6	29.4	0.000986	61.702	0.000986	0.025
-18.3	28	0.001798	8.662	0.001798	0.025
-19.9	29.1	0.002333	48.093	0.002333	0.025
-21.5	30.2	0.001439	61.235	0.001439	0.025
-17.1	28.7	0.006689	14.636	0.006689	0.025
-18.8	29.9	0.003086	26.224	0.003086	0.025
-20.4	31	0.000698	166.14	0.000698	0.025
-15.9	29.5	0.015918	12.471	0.015918	0.025
-17.6	30.6	0.008951	12.216	0.008951	0.025
-19.3	31.7	0.006223	172.13	0.006223	0.025
-21.1	32.8	0.00536	115.68	0.00536	0.025
-16.4	31.3	0.021095	10.391	0.021095	0.025
-18.1	32.5	0.013912	177.47	0.013912	0.025
-19.9	33.6	0.020061	106.4	0.020061	0.025
-15.1	32	0.031971	12.367	0.031971	0.025
-16.9	33.2	0.017973	174.28	0.017973	0.025
-18.7	34.3	0.044587	106.94	0.044587	0.025
-13.9	32.7	0.037069	18.811	0.037069	0.025
-15.6	33.9	0.015062	155.25	0.015062	0.025
-17.4	35.1	0.075442	112.06	0.075442	0.025
-19.3	36.2	0.13248	96.786	0.13248	0.025
-14.4	34.6	0.011394	110.45	0.011394	0.025
-16.2	35.8	0.11362	114.16	0.11362	0.025
-18.1	37	0.14189	95.162	0.14189	0.025
-13.1	35.3	0.027427	101.65	0.027427	0.025
-14.9	36.5	0.1503	116.37	0.1503	0.025
-16.8	37.7	0.099062	93.64	0.099062	0.025
-11.7	35.9	0.041023	147.37	0.041023	0.025
-13.6	37.2	0.21508	120.34	0.21508	0.025
-15.5	38.4	0.072317	119.19	0.072317	0.025
-10.3	36.6	0.13951	158.39	0.13951	0.025
-12.2	37.9	0.28399	125.67	0.28399	0.025
-14.1	39.1	0.15092	128.28	0.15092	0.025
-16.2	40.3	0.063228	47.414	0.063228	0.025
-10.8	38.5	0.30645	130.15	0.30645	0.025
-12.7	39.8	0.25946	126.43	0.25946	0.025
-14.8	41	0.024579	114.9	0.024579	0.025
-9.4	39.2	0.24662	138.33	0.24662	0.025
-11.3	40.4	0.28297	126.48	0.28297	0.025
-13.3	41.7	0.099662	120.16	0.099662	0.025
-7.9	39.7	0.15878	160.7	0.15878	0.025
-9.9	41.1	0.24093	128.68	0.24093	0.025
-11.9	42.4	0.12849	122.78	0.12849	0.025
-14	43.6	0.030145	114.73	0.030145	0.025
-8.4	41.7	0.1613	138.66	0.1613	0.025
-10.4	43	0.1407	129.04	0.1407	0.025
-12.5	44.3	0.031059	155.87	0.031059	0.025
-6.8	42.3	0.15417	165.09	0.15417	0.025
-8.9	43.6	0.12025	139.96	0.12025	0.025
-11	45	0.061842	172.56	0.061842	0.025
-5.3	42.8	0.20976	169.94	0.20976	0.025
-7.3	44.2	0.14346	155.84	0.14346	0.025
-9.4	45.6	0.090324	1.1556	0.090324	0.025
-11.7	46.9	0.14092	0.54698	0.14092	0.025
-5.7	44.8	0.20326	160.52	0.20326	0.025
-7.8	46.2	0.14006	4.477	0.14006	0.025
-10	47.5	0.10108	14.881	0.10108	0.025
-4	45.4	0.2698	159.88	0.2698	0.025
-6.1	46.8	0.18135	4.4608	0.18135	0.025
-8.3	48.1	0.12623	33.176	0.12623	0.025
-2.3	45.9	0.3289	157.22	0.3289	0.025
-4.4	47.3	0.19925	179.34	0.19925	0.025
-6.6	48.7	0.1453	47.523	0.1453	0.025
-9	50.1	0.27452	101.42	0.27452	0.025
-2.7	47.9	0.17997	173.58	0.17997	0.025
-4.9	49.3	0.15644	57.082	0.15644	0.025
-7.2	50.7	0.34453	99.133	0.34453	0.025
-0.9	48.3	0.17032	157.9	0.17032	0.025
-3.1	49.8	0.11963	53.905	0.11963	0.025
-5.4	51.3	0.2957	97.972	0.2957	0.025
0.9	48.8	0.17087	142.73	0.17087	0.025
-1.2	50.3	0.093503	38.848	0.093503	0.025
-3.5	51.8	0.17039	99.409	0.17039	0.025
-6	53.3	0.42867	114.01	0.42867	0.025
0.7	50.8	0.094695	40.194	0.094695	0.025
-1.5	52.3	0.057176	62.994	0.057176	0.025
-4	53.8	0.24471	117.42	0.24471	0.025
2.6	51.3	0.090909	65.138	0.090909	0.025
0.4	52.8	0.10024	44.105	0.10024	0.025
-2	54.3	0.060426	138.47	0.060426	0.025
4.6	51.7	0.13031	82.584	0.13031	0.025
2.4	53.3	0.072711	53.464	0.072711	0.025
0.1	54.8	0.070069	179.11	0.070069	0.025
6.6	52	0.16131	94.32	0.16131	0.025
4.5	53.7	0.085589	103.66	0.085589	0.025
2.2	55.3	0.02624	159.31	0.02624	0.025
-0.3	56.8	0.16329	175.62	0.16329	0.025
6.6	54	0.16874	116.1	0.16874	0.025
4.3	55.7	0.10277	114.23	0.10277	0.025
1.9	57.2	0.074864	170.1	0.074864	0.025
8.7	54.4	0.17161	123.19	0.17161	0.025
6.6	56	0.1551	111.69	0.1551	0.025
4.2	57.6	0.10717	105.87	0.10717	0.025
10.9	54.7	0.14619	139.67	0.14619	0.025
8.8	56.4	0.1106	112.76	0.1106	0.025
6.6	58	0.20075	99.245	0.20075	0.025
4	59.6	0.21988	81.392	0.21988	0.025
11.1	56.7	0.053277	128.1	0.053277	0.025
8.9	58.4	0.1726	97.916	0.1726	0.025
6.5	60	0.32359	89.089	0.32359	0.025
13.4	56.9	0.072665	152.95	0.072665	0.025
11.3	58.7	0.067019	108.01	0.067019	0.025
9	60.3	0.28344	91.178	0.28344	0.025
15.8	57.1	0.11909	154.9	0.11909	0.025
13.8	58.9	0.055832	150.6	0.055832	0.025
11.5	60.6	0.15109	97.784	0.15109	0.025
9.1	62.3	0.34013	79.777	0.34013	0.025
16.3	59.1	0.1083	162.68	0.1083	0.025
14.2	60.9	0.068678	133.66	0.068678	0.025
11.8	62.6	0.182	86.395	0.182	0.025
18.7	59.3	0.17242	167.8	0.17242	0.025
16.8	61	0.1186	162.43	0.1186	0.025
14.6	62.8	0.036341	124.57	0.036341	0.025
21.2	59.4	0.2633	173.39	0.2633	0.025
19.5	61.2	0.20694	172.79	0.20694	0.025
17.5	63	0.12015	165.45	0.12015	0.025
15.2	64.8	0.16639	10.672	0.16639	0.025
22.1	61.3	0.31238	177.73	0.31238	0.025
20.3	63.1	0.20854	172.79	0.20854	0.025
18.2	64.9	0.22176	1.1663	0.22176	0.025
24.8	61.4	0.35807	1.4816	0.35807	0.025
23.1	63.2	0.29826	178.01	0.29826	0.025
21.3	65	0.3105	1.7452	0.3105	0.025
27.5	61.3	0.33888	5.7365	0.33888	0.025
26	63.2	0.35884	2.4887	0.35884	0.025
24.3	65.1	0.42331	2.9689	0.42331	0.025
30.2	61.3	0.26161	12.369	0.26161	0.025
28.9	63.2	0.31104	7.78	0.31104	0.025
27.4	65.1	0.45122	5.7054	0.45122	0.025
25.6	67	0.432	11.202	0.432	0.025
31.7	63.1	0.21741	16.799	0.21741	0.025
30.5	65	0.35566	11.235	0.35566	0.025
29	66.9	0.38201	10.439	0.38201	0.025
34.5	63	0.17647	27.66	0.17647	0.025
33.5	64.9	0.18252	20.824	0.18252	0.025
32.3	66.8	0.24758	13.25	0.24758	0.025
37.3	62.8	0.16137	30.754	0.16137	0.025
36.4	64.8	0.14502	28.828	0.14502	0.025
35.5	66.7	0.096491	21.426	0.096491	0.025
34.4	68.5	0.10945	4.556	0.10945	0.025
39.4	64.5	0.11048	30.356	0.11048	0.025
38.6	66.5	0.064608	29.16	0.064608	0.025
37.8	68.3	0.031904	27.314	0.031904	0.025
42.3	64.3	0.063804	25.3	0.063804	0.025
41.8	66.2	0.039207	31.745	0.039207	0.025
41.2	68.1	0.024583	51.414	0.024583	0.025
45.1	64	0.034805	11.004	0.034805	0.025
44.8	65.8	0.018984	25.9	0.018984	0.025
44.5	67.7	0.01706	64.389	0.01706	0.025
44.1	69.6	0.015286	79.538	0.015286	0.025
47.8	65.5	0.012147	19.46	0.012147	0.025
47.7	67.4	0.011934	69.105	0.011934	0.025
47.6	69.2	0.016125	87.828	0.016125	0.025
50.7	65.1	0.010432	35.365	0.010432	0.025
50.8	66.9	0.014142	69.632	0.014142	0.025
50.9	68.8	0.013156	91.41	0.013156	0.025
53.5	64.6	0.010269	42.594	0.010269	0.025
53.8	66.5	0.010429	74.142	0.010429	0.025
54.1	68.3	0.009891	94.997	0.009891	0.025
54.6	70.1	0.007646	110.4	0.007646	0.025
56.6	65.9	0.004054	80.374	0.004054	0.025
57.2	67.8	0.004826	108.57	0.004826	0.025
57.9	69.5	0.004588	125.06	0.004588	0.025
59.4	65.4	0.000792	126.2	0.000792	0.025
60.2	67.2	0.002335	148.21	0.002335	0.025
61.1	68.9	0.003414	146.9	0.003414	0.025
62	64.8	0.001786	122.21	0.001786	0.025
63	66.5	0.001585	158.21	0.001585	0.025
64	68.3	0.002034	162.43	0.002034	0.025
65.3	70	0.001048	127.35	0.001048	0.025
65.6	65.9	0.00193	105.61	0.00193	0.025
66.8	67.5	0.000398	139.2	0.000398	0.025
68.2	69.2	0.000919	78.574	0.000919	0.025
68.2	65.2	0.004106	94.799	0.004106	0.025
69.5	66.8	0.001707	89.052	0.001707	0.025
71	68.4	0.001476	75.766	0.001476	0.025
-24.8	27.2	0.002417	2.073	0.002417	0.025
-26.5	28.2	0.00332	17.713	0.00332	0.025
-28.2	29.2	0.004881	12.531	0.004881	0.025
-23.8	28	0.000995	15.696	0.000995	0.025
-25.5	29	0.002096	37.371	0.002096	0.025
-27.2	30.1	0.005221	24.344	0.005221	0.025
-29	31	0.012312	170.92	0.012312	0.025
-24.4	29.9	0.001453	33.894	0.001453	0.025
-26.2	30.9	0.006206	26.242	0.006206	0.025
-28	31.9	0.009889	10.33	0.009889	0.025
-23.4	30.7	0.001659	6.1312	0.001659	0.025
-25.1	31.7	0.006221	27.416	0.006221	0.025
-27	32.7	0.01399	38.907	0.01399	0.025
-22.3	31.5	0.002588	172.12	0.002588	0.025
-24.1	32.5	0.00572	54.015	0.00572	0.025
-25.9	33.6	0.026357	56.671	0.026357	0.025
-27.8	34.6	0.03937	80.694	0.03937	0.025
-23	33.3	0.015979	81.176	0.015979	0.025
-24.9	34.4	0.042023	69.624	0.042023	0.025
-26.8	35.4	0.052745	77.586	0.052745	0.025
-21.9	34.1	0.036484	90.535	0.036484	0.025
-23.8	35.2	0.059177	81.173	0.059177	0.025
-25.7	36.2	0.03908	88.963	0.03908	0.025
-20.7	34.9	0.068074	94.836	0.068074	0.025
-22.6	36	0.088147	92.515	0.088147	0.025
-24.6	37.1	0.057733	120	0.057733	0.025
-26.6	38.1	0.19636	155.44	0.19636	0.025
-21.4	36.8	0.13753	96.417	0.13753	0.025
-23.4	37.9	0.13941	120.52	0.13941	0.025
-25.5	38.9	0.33844	153.13	0.33844	0.025
-20.2	37.5	0.17446	93.664	0.17446	0.025
-22.2	38.6	0.21995	116.9	0.21995	0.025
-24.3	39.7	0.44531	146.18	0.44531	0.025
-19	38.3	0.16265	82.406	0.16265	0.025
-21	39.4	0.21748	111.18	0.21748	0.025
-23.1	40.5	0.48482	139.26	0.48482	0.025
-25.3	41.6	0.73116	157.63	0.73116	0.025
-19.7	40.2	0.1501	104.92	0.1501	0.025
-21.9	41.3	0.43422	136.98	0.43422	0.025
-24.1	42.4	0.64346	154.25	0.64346	0.025
-18.4	40.9	0.089055	96.903	0.089055	0.025
-20.6	42.1	0.35363	133.6	0.35363	0.025
-22.8	43.2	0.50199	148.11	0.50199	0.025
-17	41.7	0.046142	89.555	0.046142	0.025
-19.2	42.8	0.28538	130.71	0.28538	0.025
-21.5	44	0.42623	141.34	0.42623	0.025
-15.7	42.4	0.038511	104.17	0.038511	0.025
-17.8	43.6	0.2144	129.6	0.2144	0.025
-20.1	44.7	0.37787	135.44	0.37787	0.025
-22.6	45.8	0.38719	150.57	0.38719	0.025
-16.4	44.3	0.11248	132.97	0.11248	0.025
-18.7	45.5	0.30098	134.79	0.30098	0.025
-21.1	46.6	0.40381	143.58	0.40381	0.025
-15	45	0.081741	161.82	0.081741	0.025
-17.3	46.2	0.23197	146.14	0.23197	0.025
-19.7	47.3	0.38209	146.86	0.38209	0.025
-13.5	45.7	0.14256	176.15	0.14256	0.025
-15.8	46.9	0.25403	160.91	0.25403	0.025
-18.2	48.1	0.33005	152.54	0.33005	0.025
-20.8	49.2	0.39074	162.61	0.39074	0.025
-14.2	47.6	0.24971	164.31	0.24971	0.025
-16.7	48.8	0.24833	154.83	0.24833	0.025
-19.3	50	0.24715	175.18	0.24715	0.025
-12.6	48.3	0.15806	158.02	0.15806	0.025
-15.1	49.5	0.13488	142.95	0.13488	0.025
-17.7	50.7	0.15959	26.715	0.15959	0.025
-11	48.9	0.09949	123.51	0.09949	0.025
-13.4	50.2	0.18179	114.21	0.18179	0.025
-16	51.4	0.2362	51.766	0.2362	0.025
-18.8	52.6	0.40412	35.259	0.40412	0.025
-11.7	50.9	0.31483	108.13	0.31483	0.025
-14.3	52.1	0.28469	59.354	0.28469	0.025
-17.1	53.3	0.52109	37.967	0.52109	0.025
-10	51.5	0.4246	109.09	0.4246	0.025
-12.6	52.8	0.21737	71.652	0.21737	0.025
-15.3	54	0.58396	39.802	0.58396	0.025
-8.2	52.1	0.49499	110.9	0.49499	0.025
-10.8	53.5	0.18278	92.358	0.18278	0.025
-13.5	54.7	0.49584	41.606	0.49584	0.025
-16.4	55.9	0.424	34.527	0.424	0.025
-8.9	54.1	0.26645	109.32	0.26645	0.025
-11.7	55.4	0.24939	49.515	0.24939	0.025
-14.6	56.6	0.34428	45.538	0.34428	0.025
-6.9	54.7	0.31841	114.22	0.31841	0.025
-9.7	56	0.11898	94.09	0.11898	0.025
-12.7	57.3	0.20332	71.817	0.20332	0.025
-4.9	55.2	0.18797	120.66	0.18797	0.025
-7.6	56.6	0.1911	115.32	0.1911	0.025
-10.6	57.9	0.31081	102.54	0.31081	0.025
-13.8	59.2	0.17076	98.066	0.17076	0.025
-5.6	57.2	0.12957	128.34	0.12957	0.025
-8.4	58.5	0.38544	110.35	0.38544	0.025
-11.6	59.8	0.44073	107.33	0.44073	0.025
-3.4	57.7	0.10134	173.73	0.10134	0.025
-6.3	59.1	0.26154	108.39	0.26154	0.025
-9.4	60.5	0.5255	105.67	0.5255	0.025
-1.2	58.2	0.14786	12.722	0.14786	0.025
-4	59.7	0.093251	69.705	0.093251	0.025
-7.1	61.1	0.36037	95.264	0.36037	0.025
1.2	58.7	0.07979	30.674	0.07979	0.025
-1.6	60.2	0.21475	42.071	0.21475	0.025
-4.7	61.6	0.24982	70.739	0.24982	0.025
-8	63	0.42259	89.608	0.42259	0.025
0.8	60.7	0.25147	46.5	0.25147	0.025
-2.2	62.1	0.27055	48.282	0.27055	0.025
-5.5	63.6	0.27519	76.885	0.27519	0.025
3.3	61.1	0.26442	61.618	0.26442	0.025
0.4	62.6	0.30505	39.377	0.30505	0.025
-2.8	64.1	0.14513	43.723	0.14513	0.025
5.8	61.5	0.33841	76.692	0.33841	0.025
3	63.1	0.29614	45.245	0.29614	0.025
-0	64.6	0.27117	18.6	0.27117	0.025
-3.6	66	0.2198	165.97	0.2198	0.025
5.7	63.5	0.32594	58.106	0.32594	0.025
2.8	65	0.3606	19.944	0.3606	0.025
-0.6	66.5	0.48604	179.4	0.48604	0.025
8.6	63.8	0.33766	66.507	0.33766	0.025
5.6	65.4	0.32862	33.853	0.32862	0.025
2.4	66.9	0.61642	5.9259	0.61642	0.025
11.5	64.1	0.19925	64.109	0.19925	0.025
8.7	65.7	0.34065	41.396	0.34065	0.025
5.5	67.3	0.51519	15.755	0.51519	0.025
2	68.9	0.58808	1.501	0.58808	0.025
11.8	66	0.30446	37.927	0.30446	0.025
8.8	67.7	0.45069	28.751	0.45069	0.025
5.4	69.3	0.46177	15.421	0.46177	0.025
14.9	66.2	0.25395	25.827	0.25395	0.025
12.2	67.9	0.4137	34.602	0.4137	0.025
9	69.6	0.39526	33.054	0.39526	0.025
18.1	66.4	0.31583	14.681	0.31583	0.025
15.6	68.1	0.35423	35.272	0.35423	0.025
12.7	69.8	0.42479	42.872	0.42479	0.025
9.2	71.5	0.18424	36.729	0.18424	0.025
19	68.3	0.28171	29.822	0.28171	0.025
16.4	70	0.3817	45.8	0.3817	0.025
13.3	71.7	0.23955	44.417	0.23955	0.025
22.6	68.4	0.32753	21.274	0.32753	0.025
20.1	70.2	0.21216	46.227	0.21216	0.025
17.3	71.9	0.17766	43.684	0.17766	0.025
26.1	68.4	0.30673	13.056	0.30673	0.025
24	70.2	0.048422	28.827	0.048422	0.025
21.4	72	0.029731	51.579	0.029731	0.025
29.6	68.3	0.25057	6.6689	0.25057	0.025
27.8	70.2	0.092481	155.32	0.092481	0.025
25.7	72	0.077846	129.38	0.077846	0.025
23	73.8	0.16386	173.34	0.16386	0.025
31.6	70.1	0.09697	152.07	0.09697	0.025
29.9	71.9	0.091428	131	0.091428	0.025
27.7	73.8	0.079869	159.76	0.079869	0.025
35.3	69.9	0.027529	160.78	0.027529	0.025
34	71.8	0.052431	132.9	0.052431	0.025
32.4	73.6	0.037486	141.27	0.037486	0.025
39	69.7	0.007697	52.221	0.007697	0.025
38	71.6	0.031087	124.8	0.031087	0.025
36.8	73.4	0.027263	128.08	0.027263	0.025
35.4	75.3	0.023119	175.27	0.023119	0.025
42	71.3	0.017561	107.24	0.017561	0.025
41.2	73.2	0.020214	121.84	0.020214	0.025
40.3	75	0.01336	138.27	0.01336	0.025
45.8	70.9	0.01285	100.98	0.01285	0.025
45.4	72.8	0.01245	120.87	0.01245	0.025
45	74.6	0.009673	131.1	0.009673	0.025
49.5	70.5	0.010141	102.09	0.010141	0.025
49.5	72.3	0.007391	119.52	0.007391	0.025
49.5	74.2	0.005322	124.26	0.005322	0.025
49.5	76	0.002847	132.64	0.002847	0.025
53.3	71.8	0.006463	113.94	0.006463	0.025
53.8	73.6	0.003925	116.16	0.003925	0.025
54.3	75.4	0.002086	123.77	0.002086	0.025
57	71.3	0.004842	119.51	0.004842	0.025
57.7	73	0.002993	126.73	0.002993	0.025
58.7	74.8	0.002008	140.36	0.002008	0.025
60.4	70.6	0.0036	135.2	0.0036	0.025
61.5	72.4	0.001834	131.52	0.001834	0.025
62.7	74.1	0.002061	147.86	0.002061	0.025
64.3	75.8	0.001098	155.06	0.001098	0.025
64.9	71.6	0.001585	120.67	0.001585	0.025
66.5	73.4	0.001922	122.25	0.001922	0.025
68.4	75	0.001185	142.85	0.001185	0.025
68.1	70.9	0.001632	103.1	0.001632	0.025
69.9	72.5	0.002678	111.25	0.002678	0.025
72	74.2	0.001935	122.03	0.001935	0.025
71.1	70.1	0.002018	87.993	0.002018	0.025
73	71.7	0.002684	100.6	0.002684	0.025
75.3	73.3	0.002147	106.68	0.002147	0.025
-36.3	31.5	0.063954	168.01	0.063954	0.025
-31.7	30.5	0.032854	162.51	0.032854	0.025
-33.5	31.5	0.072313	170.49	0.072313	0.025
-35.4	32.4	0.114	166.07	0.114	0.025
-30.8	31.4	0.034829	166.81	0.034829	0.025
-32.7	32.4	0.085922	166.94	0.085922	0.025
-34.6	33.3	0.17039	161.67	0.17039	0.025
-29.9	32.3	0.028563	168.53	0.028563	0.025
-31.8	33.2	0.083283	155.18	0.083283	0.025
-33.7	34.2	0.20531	153.82	0.20531	0.025
-28.9	33.1	0.008266	179.18	0.008266	0.025
-30.8	34.1	0.076842	132.81	0.076842	0.025
-32.8	35.1	0.21331	143.35	0.21331	0.025
-34.8	36	0.25352	154.1	0.25352	0.025
-29.8	35	0.097282	112.59	0.097282	0.025
-31.8	35.9	0.18731	131.11	0.18731	0.025
-33.9	36.8	0.18039	148.79	0.18039	0.025
-28.8	35.8	0.098132	103.72	0.098132	0.025
-30.8	36.8	0.15923	120.85	0.15923	0.025
-33	37.7	0.11274	139.82	0.11274	0.025
-27.8	36.7	0.071187	114.61	0.071187	0.025
-29.8	37.6	0.1215	128.72	0.1215	0.025
-32	38.6	0.081012	142.76	0.081012	0.025
-34.2	39.5	0.027819	149.77	0.027819	0.025
-28.8	38.5	0.18232	156.79	0.18232	0.025
-31	39.5	0.13729	162.37	0.13729	0.025
-33.2	40.4	0.038823	156.15	0.038823	0.025
-27.7	39.3	0.38601	164.42	0.38601	0.025
-29.9	40.3	0.30444	167.53	0.30444	0.025
-32.2	41.2	0.099159	157.17	0.099159	0.025
-26.5	40.2	0.58626	162.39	0.58626	0.025
-28.8	41.2	0.53053	165.46	0.53053	0.025
-31.1	42.1	0.1994	153.4	0.1994	0.025
-33.5	43	0.070922	121.96	0.070922	0.025
-27.6	42	0.74706	162.8	0.74706	0.025
-30	43	0.37898	151.37	0.37898	0.025
-32.5	43.9	0.12821	124.27	0.12821	0.025
-26.5	42.8	0.77996	161.82	0.77996	0.025
-28.8	43.8	0.53436	152.26	0.53436	0.025
-31.3	44.7	0.18746	131.88	0.18746	0.025
-25.3	43.7	0.70836	162.4	0.70836	0.025
-27.6	44.7	0.5898	158.94	0.5898	0.025
-30.1	45.6	0.19087	143.34	0.19087	0.025
-32.7	46.5	0.004295	79.032	0.004295	0.025
-26.4	45.5	0.5695	165.31	0.5695	0.025
-28.9	46.4	0.19759	162.83	0.19759	0.025
-31.5	47.3	0.044909	2.9117	0.044909	0.025
-25.1	46.3	0.45755	168.93	0.45755	0.025
-27.7	47.3	0.27067	175.49	0.27067	0.025
-30.3	48.2	0.12474	175.19	0.12474	0.025
-23.7	47.1	0.39055	159.86	0.39055	0.025
-26.3	48.1	0.35471	173.21	0.35471	0.025
-29.1	49.1	0.21017	169.4	0.21017	0.025
-22.4	47.9	0.45833	154.65	0.45833	0.025
-25	48.9	0.4205	167.23	0.4205	0.025
-27.7	49.9	0.29264	163.02	0.29264	0.025
-30.6	50.8	0.21296	144.12	0.21296	0.025
-23.6	49.7	0.42387	167.5	0.42387	0.025
-26.3	50.7	0.30624	161.22	0.30624	0.025
-29.2	51.7	0.27869	136.11	0.27869	0.025
-22.1	50.5	0.3238	176.6	0.3238	0.025
-24.9	51.5	0.22415	162.85	0.22415	0.025
-27.8	52.5	0.29087	131.45	0.29087	0.025
-20.5	51.3	0.26097	15.918	0.26097	0.025
-23.4	52.3	0.16295	175.67	0.16295	0.025
-26.4	53.3	0.28296	134.03	0.28296	0.025
-29.4	54.2	0.24326	124.41	0.24326	0.025
-21.8	53.1	0.2076	13.615	0.2076	0.025
-24.9	54.1	0.30207	141.44	0.30207	0.025
-28	55.1	0.34384	133.86	0.34384	0.025
-20.1	53.9	0.32429	20.965	0.32429	0.025
-23.2	54.9	0.32442	149.69	0.32442	0.025
-26.5	55.9	0.47031	140.15	0.47031	0.025
-18.5	54.6	0.45664	27.983	0.45664	0.025
-21.5	55.7	0.24854	163.06	0.24854	0.025
-24.8	56.7	0.50183	143.47	0.50183	0.025
-28.2	57.6	0.46308	142.58	0.46308	0.025
-19.8	56.5	0.17635	5.6119	0.17635	0.025
-23	57.5	0.35402	149.73	0.35402	0.025
-26.5	58.5	0.41568	149.79	0.41568	0.025
-18	57.2	0.22538	30.374	0.22538	0.025
-21.2	58.3	0.21907	178.71	0.21907	0.025
-24.7	59.3	0.37602	170.37	0.37602	0.025
-16	57.9	0.18903	43.908	0.18903	0.025
-19.4	59.1	0.36551	17.44	0.36551	0.025
-22.9	60.1	0.52775	9.0053	0.52775	0.025
-26.6	61	0.3257	0.22866	0.3257	0.025
-17.3	59.8	0.35759	21.007	0.35759	0.025
-21	60.9	0.58868	15.933	0.58868	0.025
-24.7	61.8	0.46613	11.917	0.46613	0.025
-15.2	60.5	0.067324	25.722	0.067324	0.025
-18.8	61.6	0.48218	18.292	0.48218	0.025
-22.7	62.6	0.4214	14.142	0.4214	0.025
-13.1	61.2	0.25024	107.35	0.25024	0.025
-16.6	62.3	0.2276	18.66	0.2276	0.025
-20.6	63.4	0.32895	9.0959	0.32895	0.025
-24.8	64.3	0.12243	0.85719	0.12243	0.025
-14.4	63	0.10269	99.194	0.10269	0.025
-18.3	64.1	0.21398	178.18	0.21398	0.025
-22.5	65.1	0.18055	160.74	0.18055	0.025
-12	63.7	0.3111	96.363	0.3111	0.025
-15.9	64.9	0.12924	149.39	0.12924	0.025
-20.1	65.9	0.25274	150.31	0.25274	0.025
-9.5	64.3	0.33951	90.268	0.33951	0.025
-13.4	65.6	0.15553	119.76	0.15553	0.025
-17.7	66.6	0.30989	144.91	0.30989	0.025
-6.8	64.9	0.21711	89.333	0.21711	0.025
-10.7	66.2	0.17416	120.22	0.17416	0.025
-15	67.4	0.34962	144.58	0.34962	0.025
-19.7	68.4	0.35118	143.87	0.35118	0.025
-7.9	66.8	0.25855	140.81	0.25855	0.025
-12.2	68	0.42616	147.14	0.42616	0.025
-16.9	69.1	0.46194	145.54	0.46194	0.025
-5	67.4	0.44094	158.41	0.44094	0.025
-9.1	68.7	0.54254	150.15	0.54254	0.025
-13.9	69.8	0.50069	145.9	0.50069	0.025
-1.9	67.9	0.62209	169.31	0.62209	0.025
-6	69.2	0.56994	153.01	0.56994	0.025
-10.6	70.5	0.45932	143.75	0.45932	0.025
-15.9	71.6	0.31509	144.86	0.31509	0.025
-2.7	69.8	0.51277	160.61	0.51277	0.025
-7.3	71.1	0.36134	141.97	0.36134	0.025
-12.4	72.3	0.30326	141.24	0.30326	0.025
0.8	70.2	0.42133	174.54	0.42133	0.025
-3.7	71.7	0.2731	150.03	0.2731	0.025
-8.8	72.9	0.28316	139.48	0.28316	0.025
4.5	70.6	0.29003	8.869	0.29003	0.025
0.2	72.1	0.29363	160.09	0.29363	0.025
-4.9	73.5	0.32094	144.06	0.32094	0.025
-10.6	74.7	0.23405	144.34	0.23405	0.025
4.2	72.5	0.26993	158.35	0.26993	0.025
-0.6	74	0.44546	148.9	0.44546	0.025
-6.3	75.3	0.33941	146.9	0.33941	0.025
8.4	72.9	0.2263	155.21	0.2263	0.025
3.9	74.4	0.56851	149.62	0.56851	0.025
-1.6	75.8	0.44761	149.04	0.44761	0.025
12.6	73.2	0.17116	168.55	0.17116	0.025
8.5	74.7	0.58188	152.67	0.58188	0.025
3.5	76.2	0.52996	150.37	0.52996	0.025
-2.8	77.6	0.22277	154.27	0.22277	0.025
13.3	75	0.45976	160.48	0.45976	0.025
8.7	76.6	0.44697	154.39	0.44697	0.025
3	78	0.33797	138.82	0.33797	0.025
18.4	75.1	0.34349	168.97	0.34349	0.025
14.2	76.8	0.38245	163.42	0.38245	0.025
9	78.4	0.19211	158.56	0.19211	0.025
23.5	75.2	0.26686	177.01	0.26686	0.025
19.9	76.9	0.35133	171.72	0.35133	0.025
15.3	78.6	0.16981	166.54	0.16981	0.025
28.5	75.1	0.12872	2.4879	0.12872	0.025
25.7	76.9	0.19604	3.0488	0.19604	0.025
21.9	78.7	0.14144	1.4535	0.14144	0.025
16.8	80.4	0.042221	22.34	0.042221	0.025
31.3	76.8	0.088372	9.5223	0.088372	0.025
28.6	78.6	0.079638	9.8839	0.079638	0.025
24.7	80.4	0.047265	18.095	0.047265	0.025
36.9	76.6	0.02389	3.4285	0.02389	0.025
35	78.4	0.029156	13.198	0.029156	0.025
32.4	80.2	0.021587	19.678	0.021587	0.025
42.3	76.3	0.008832	152.43	0.008832	0.025
41.2	78.1	0.007254	1.1776	0.007254	0.025
39.7	80	0.006258	20.503	0.006258	0.025
37.6	81.8	0.00365	27.853	0.00365	0.025
47.1	77.7	0.002104	154.77	0.002104	0.025
46.6	79.5	0.000901	16.587	0.000901	0.025
46	81.4	0.000177	38.896	0.000177	0.025
52.5	77.1	0.001192	126.4	0.001192	0.025
53	79	0.000163	73.994	0.000163	0.025
53.6	80.8	0.000186	107.98	0.000186	0.025
57.5	76.5	0.001041	133.89	0.001041	0.025
58.7	78.3	0.000166	150.95	0.000166	0.025
60.2	80.1	0.000157	17.347	0.000157	0.025
62.4	81.9	0.000174	126.74	0.000174	0.025
63.8	77.6	0.000647	175.43	0.000647	0.025
66	79.3	0.000516	15.821	0.000516	0.025
69	81	0.000126	176.66	0.000126	0.025
68.3	76.7	0.000925	11.737	0.000925	0.025
71	78.4	0.000621	24.367	0.000621	0.025
74.4	80	7.1e-05	118.35	7.1e-05	0.025
72.3	75.8	0.00042	179.91	0.00042	0.025
75.3	77.5	0.000765	29.081	0.000765	0.025
79	79	0.000212	3.8815	0.000212	0.025
83.9	80.5	0.000513	0.42986	0.000513	0.025
79	76.5	0.001192	31.396	0.001192	0.025
-40.1	32.6	0.023256	156.63	0.023256	0.025
-42.1	33.4	0.008355	151.08	0.008355	0.025
-37.3	32.7	0.095855	161.63	0.095855	0.025
-39.3	33.5	0.048455	157.48	0.048455	0.025
-41.4	34.4	0.014918	155.92	0.014918	0.025
-36.5	33.6	0.16803	160.18	0.16803	0.025
-38.5	34.4	0.09687	159.27	0.09687	0.025
-40.7	35.3	0.027721	161.25	0.027721	0.025
-42.8	36.1	0.006081	152.42	0.006081	0.025
-37.7	35.3	0.14014	159.92	0.14014	0.025
-39.8	36.2	0.040146	165.81	0.040146	0.025
-42.1	37	0.007542	160.48	0.007542	0.025
-36.9	36.2	0.16842	160.32	0.16842	0.025
-39.1	37.1	0.049918	167.97	0.049918	0.025
-41.3	37.9	0.009116	169.74	0.009116	0.025
-36	37.1	0.14427	160.52	0.14427	0.025
-38.2	38	0.043899	170.35	0.043899	0.025
-40.5	38.8	0.008158	174.79	0.008158	0.025
-35.1	38	0.093446	158.64	0.093446	0.025
-37.3	38.9	0.028335	174.15	0.028335	0.025
-39.7	39.7	0.005661	176.5	0.005661	0.025
-42	40.5	0.001013	13.438	0.001013	0.025
-36.4	39.8	0.010527	175.52	0.010527	0.025
-38.8	40.6	0.003489	1.2361	0.003489	0.025
-41.2	41.4	0.001469	9.6131	0.001469	0.025
-35.5	40.7	0.005553	129.63	0.005553	0.025
-37.8	41.5	0.0023	163.21	0.0023	0.025
-40.3	42.3	0.00166	177.96	0.00166	0.025
-34.5	41.6	0.020468	123.89	0.020468	0.025
-36.9	42.4	0.004363	130.96	0.004363	0.025
-39.4	43.2	0.002983	172.34	0.002983	0.025
-42	43.9	0.001018	69.801	0.001018	0.025
-35.9	43.3	0.010997	118.46	0.010997	0.025
-38.5	44.1	0.004509	179.86	0.004509	0.025
-41	44.8	0.000748	64.729	0.000748	0.025
-34.9	44.2	0.025517	111.01	0.025517	0.025
-37.5	45	0.00604	5.5463	0.00604	0.025
-40.1	45.7	0.001267	30.812	0.001267	0.025
-33.8	45	0.043078	108.74	0.043078	0.025
-36.4	45.9	0.006182	10.104	0.006182	0.025
-39.2	46.6	0.002764	32.608	0.002764	0.025
-41.9	47.3	0.001967	77.199	0.001967	0.025
-35.3	46.7	0.008325	9.1254	0.008325	0.025
-38.1	47.5	0.004448	26.355	0.004448	0.025
-41	48.2	0.003316	68.66	0.003316	0.025
-34.2	47.6	0.022079	179.78	0.022079	0.025
-37	48.4	0.01011	6.0186	0.01011	0.025
-39.9	49.1	0.005835	63.388	0.005835	0.025
-33.1	48.5	0.055835	170.29	0.055835	0.025
-35.9	49.3	0.025441	174.39	0.025441	0.025
-38.8	50	0.007003	56.011	0.007003	0.025
-41.9	50.6	0.004428	76.364	0.004428	0.025
-34.8	50.2	0.046371	164.38	0.046371	0.025
-37.8	50.9	0.011377	51.853	0.011377	0.025
-40.8	51.6	0.011367	69.505	0.011367	0.025
-33.5	51.1	0.082717	145.79	0.082717	0.025
-36.6	51.8	0.029847	59.831	0.029847	0.025
-39.7	52.5	0.027509	62.899	0.027509	0.025
-32.2	51.9	0.14561	129.48	0.14561	0.025
-35.3	52.7	0.061732	61.465	0.061732	0.025
-38.6	53.4	0.059315	54.788	0.059315	0.025
-30.9	52.8	0.21844	123.22	0.21844	0.025
-34	53.6	0.070903	66.663	0.070903	0.025
-37.3	54.3	0.10229	47.289	0.10229	0.025
-40.8	54.9	0.023741	56.435	0.023741	0.025
-32.7	54.5	0.05709	82.789	0.05709	0.025
-36	55.2	0.10038	41.003	0.10038	0.025
-39.5	55.8	0.03271	50.275	0.03271	0.025
-31.3	55.4	0.1021	124.78	0.1021	0.025
-34.7	56.1	0.027674	22.291	0.027674	0.025
-38.2	56.7	0.026383	46.404	0.026383	0.025
-29.8	56.2	0.28645	137.74	0.28645	0.025
-33.3	57	0.10791	139.74	0.10791	0.025
-36.9	57.7	0.010019	131.24	0.010019	0.025
-40.6	58.2	0.006576	78.732	0.006576	0.025
-31.7	57.9	0.26138	138.89	0.26138	0.025
-35.5	58.6	0.063449	137.55	0.063449	0.025
-39.2	59.1	0.002963	154.24	0.002963	0.025
-30.1	58.7	0.36474	142.76	0.36474	0.025
-33.9	59.5	0.12394	140.74	0.12394	0.025
-37.9	60.1	0.017091	160.97	0.017091	0.025
-28.4	59.6	0.32598	153.47	0.32598	0.025
-32.2	60.3	0.13048	148.25	0.13048	0.025
-36.3	61	0.029859	161.78	0.029859	0.025
-40.5	61.5	0.014224	10.092	0.014224	0.025
-30.6	61.2	0.12646	165.86	0.12646	0.025
-34.6	61.9	0.034325	166.37	0.034325	0.025
-38.9	62.4	0.019687	5.9998	0.019687	0.025
-28.8	62.1	0.15491	5.5067	0.15491	0.025
-32.9	62.8	0.034612	4.6072	0.034612	0.025
-37.3	63.4	0.021727	4.4393	0.021727	0.025
-26.8	62.9	0.19893	14.393	0.19893	0.025
-31.1	63.7	0.049298	20.793	0.049298	0.025
-35.6	64.3	0.022613	12.428	0.022613	0.025
-40.2	64.8	0.011307	10.999	0.011307	0.025
-29.1	64.6	0.052339	21.766	0.052339	0.025
-33.8	65.2	0.025818	23.606	0.025818	0.025
-38.5	65.7	0.010063	6.462	0.010063	0.025
-27	65.4	0.037469	166.66	0.037469	0.025
-31.8	66.1	0.02064	28.208	0.02064	0.025
-36.7	66.7	0.012186	18.909	0.012186	0.025
-24.8	66.3	0.11941	145.42	0.11941	0.025
-29.6	67	0.013366	144.45	0.013366	0.025
-34.7	67.6	0.009495	22.293	0.009495	0.025
-40.1	68	0.016248	35.161	0.016248	0.025
-27.3	67.9	0.061588	136.9	0.061588	0.025
-32.5	68.5	0.00203	152.99	0.00203	0.025
-38	69	0.014692	27.052	0.014692	0.025
-24.9	68.7	0.12718	139.62	0.12718	0.025
-30.2	69.4	0.029305	137.01	0.029305	0.025
-35.8	70	0.02001	1.064	0.02001	0.025
-22.2	69.5	0.23594	143.37	0.23594	0.025
-27.7	70.3	0.05161	135.4	0.05161	0.025
-33.5	70.9	0.024045	165.26	0.024045	0.025
-19.3	70.3	0.32567	145.29	0.32567	0.025
-24.9	71.2	0.065425	137.56	0.065425	0.025
-31	71.8	0.015681	157.43	0.015681	0.025
-37.4	72.3	0.022733	10.024	0.022733	0.025
-21.8	72	0.11831	143.09	0.11831	0.025
-28.1	72.7	0.001753	47.647	0.001753	0.025
-34.8	73.3	0.019414	17.272	0.019414	0.025
-18.6	72.8	0.15031	144.36	0.15031	0.025
-24.9	73.6	0.00925	41.035	0.00925	0.025
-31.9	74.2	0.024805	33.033	0.024805	0.025
-15.1	73.5	0.17641	143.16	0.17641	0.025
-21.5	74.4	0.01867	176.21	0.01867	0.025
-28.6	75.1	0.036211	34.763	0.036211	0.025
-36.4	75.6	0.017779	34.296	0.017779	0.025
-17.8	75.2	0.046552	166.75	0.046552	0.025
-25	76	0.041827	29.666	0.041827	0.025
-33	76.5	0.018504	33.545	0.018504	0.025
-13.5	75.9	0.10833	159.15	0.10833	0.025
-21	76.8	0.047906	20.85	0.047906	0.025
-29.4	77.5	0.019712	28.843	0.019712	0.025
-8.8	76.5	0.2087	155.29	0.2087	0.025
-16.4	77.6	0.061094	7.7194	0.061094	0.025
-25.2	78.4	0.018009	23.338	0.018009	0.025
-34.8	78.8	0.002516	19.187	0.002516	0.025
-11.2	78.3	0.058233	169.84	0.058233	0.025
-20.1	79.2	0.014043	19.425	0.014043	0.025
-30.5	79.8	0.002323	179.78	0.002323	0.025
-5.5	78.9	0.059641	161.97	0.059641	0.025
-14.3	79.9	0.005277	117.98	0.005277	0.025
-25.1	80.7	0.002492	151.77	0.002492	0.025
0.7	79.4	0.11584	120.55	0.11584	0.025
-7.9	80.6	0.006217	134.25	0.006217	0.025
-18.6	81.5	0.003605	119.06	0.003605	0.025
-31.8	82.1	0.001322	158.01	0.001322	0.025
-0.6	81.1	0.040301	98.045	0.040301	0.025
-11.2	82.3	0.005967	100.99	0.005967	0.025
-24.8	83	0.001187	173.65	0.001187	0.025
7.7	81.5	0.02377	73.866	0.02377	0.025
-2.5	82.8	0.004898	68.029	0.004898	0.025
-16.3	83.9	0.001416	12.291	0.001416	0.025
16.5	81.7	0.023637	35.813	0.023637	0.025
7.9	83.2	0.008021	38.585	0.008021	0.025
-5.4	84.5	0.002039	23.105	0.002039	0.025
25.4	81.7	0.018505	25.787	0.018505	0.025
19	83.4	0.00777	27.671	0.00777	0.025
8.1	84.9	0.002437	21.519	0.002437	0.025
-10.9	86.2	0.000681	16.272	0.000681	0.025
30.1	83.3	0.003552	22.577	0.003552	0.025
23.1	85	0.00138	16.687	0.00138	0.025
8.7	86.6	0.000325	22.652	0.000325	0.025
40.8	83	0.000607	18.306	0.000607	0.025
37.6	84.8	0.000426	25.57	0.000426	0.025
31.1	86.6	0.000263	58.452	0.000263	0.025
50.4	82.5	5e-05	97.689	5e-05	0.025
50.5	84.4	0.000366	69.567	0.000366	0.025
50.7	86.2	0.0004	80.711	0.0004	0.025
50.9	88	0.000521	100.39	0.000521	0.025
61	83.6	0.000355	88.568	0.000355	0.025
65.1	85.4	0.00025	88.567	0.00025	0.025
74.1	87.1	0.000296	107.92	0.000296	0.025
69.2	82.7	0.000181	106.3	0.000181	0.025
75.1	84.4	0.000124	145.53	0.000124	0.025
85.7	86	0.000132	163.75	0.000132	0.025
75.7	81.8	0.00016	143.47	0.00016	0.025
82	83.3	0.000337	162.38	0.000337	0.025
92.1	84.8	0.000298	175.07	0.000298	0.025
109	86	0.00013	138.15	0.00013	0.025
87.2	82.2	0.000422	173.4	0.000422	0.025
96.2	83.5	0.000451	170.37	0.000451	0.025
109.6	84.6	0.000161	164.26	0.000161	0.025
-44.1	33.7	0.002821	146.49	0.002821	0.025
-46.2	34.4	0.000836	128.29	0.000836	0.025
-48.4	35.1	0.002741	30.927	0.002741	0.025
-43.4	34.6	0.004658	147.41	0.004658	0.025
-45.6	35.3	0.001178	139.31	0.001178	0.025
-47.8	36	0.002994	35.501	0.002994	0.025
-50.1	36.7	0.002646	26.553	0.002646	0.025
-44.9	36.2	0.002066	141.42	0.002066	0.025
-47.2	37	0.002808	42.844	0.002808	0.025
-49.5	37.6	0.002742	36.283	0.002742	0.025
-44.2	37.2	0.001847	135.99	0.001847	0.025
-46.5	37.9	0.00266	49.797	0.00266	0.025
-48.9	38.5	0.002744	46.274	0.002744	0.025
-43.5	38.1	0.001607	137.6	0.001607	0.025
-45.8	38.8	0.002316	55.526	0.002316	0.025
-48.2	39.4	0.002652	53.511	0.002652	0.025
-50.7	40	0.00226	105.18	0.00226	0.025
-45.1	39.7	0.002089	57.23	0.002089	0.025
-47.5	40.4	0.00215	58.644	0.00215	0.025
-50.1	41	0.002208	110.75	0.002208	0.025
-44.3	40.6	0.001637	55.083	0.001637	0.025
-46.8	41.3	0.001477	66.193	0.001477	0.025
-49.4	41.9	0.001836	113.92	0.001836	0.025
-43.5	41.5	0.001531	47.341	0.001531	0.025
-46.1	42.2	0.001247	86.636	0.001247	0.025
-48.7	42.8	0.00162	117.46	0.00162	0.025
-42.7	42.4	0.001494	45.359	0.001494	0.025
-45.3	43.1	0.00188	96.081	0.00188	0.025
-48	43.7	0.002013	114.08	0.002013	0.025
-50.7	44.2	0.001981	7.5607	0.001981	0.025
-44.4	44	0.002208	94.381	0.002208	0.025
-47.2	44.6	0.003161	107.55	0.003161	0.025
-50	45.1	0.000607	179.08	0.000607	0.025
-43.6	44.9	0.002233	93.124	0.002233	0.025
-46.3	45.5	0.003261	102.9	0.003261	0.025
-49.2	46.1	0.001447	108.08	0.001447	0.025
-42.7	45.8	0.001932	89.887	0.001932	0.025
-45.5	46.4	0.002608	100.22	0.002608	0.025
-48.4	47	0.002551	102.55	0.002551	0.025
-51.3	47.4	0.001487	115.78	0.001487	0.025
-44.7	47.4	0.002377	101.28	0.002377	0.025
-47.6	47.9	0.002548	100.25	0.002548	0.025
-50.5	48.3	0.001575	107.6	0.001575	0.025
-43.7	48.3	0.002438	102.1	0.002438	0.025
-46.7	48.8	0.002465	101.4	0.002465	0.025
-49.8	49.3	0.000956	103.49	0.000956	0.025
-42.7	49.2	0.002479	92.191	0.002479	0.025
-45.8	49.7	0.002352	102.82	0.002352	0.025
-48.9	50.2	0.000401	82.895	0.000401	0.025
-52.1	50.6	0.000386	88.265	0.000386	0.025
-44.8	50.7	0.001914	97.946	0.001914	0.025
-48	51.1	0.000838	61.828	0.000838	0.025
-51.3	51.5	0.000734	53.638	0.000734	0.025
-43.8	51.6	0.002364	81.589	0.002364	0.025
-47.1	52.1	0.001463	60.869	0.001463	0.025
-50.4	52.4	0.001375	49.257	0.001375	0.025
-42.8	52.5	0.005251	70.578	0.005251	0.025
-46.1	53	0.001543	59.772	0.001543	0.025
-49.5	53.4	0.001905	46.083	0.001905	0.025
-52.9	53.7	0.001573	35.058	0.001573	0.025
-45.1	53.9	0.002066	64.692	0.002066	0.025
-48.5	54.3	0.001907	39.392	0.001907	0.025
-52	54.6	0.002327	33.653	0.002327	0.025
-44	54.9	0.005052	71.7	0.005052	0.025
-47.6	55.3	0.001103	34.468	0.001103	0.025
-51.1	55.6	0.001754	28.715	0.001754	0.025
-42.8	55.8	0.009068	71.762	0.009068	0.025
-46.5	56.2	0.000755	85.629	0.000755	0.025
-50.2	56.5	0.000308	3.7538	0.000308	0.025
-41.7	56.8	0.010806	73.625	0.010806	0.025
-45.3	57.2	0.002889	96.456	0.002889	0.025
-49.2	57.5	0.001869	114.88	0.001869	0.025
-53	57.7	0.001273	134.87	0.001273	0.025
-44.2	58.1	0.003505	99.88	0.003505	0.025
-48	58.5	0.00355	111.68	0.00355	0.025
-52	58.7	0.002666	113.72	0.002666	0.025
-43	59.1	0.001143	118.09	0.001143	0.025
-46.9	59.4	0.003975	112.74	0.003975	0.025
-50.9	59.6	0.004094	102.12	0.004094	0.025
-41.6	60	0.005525	7.0682	0.005525	0.025
-45.8	60.4	0.002059	118.62	0.002059	0.025
-49.9	60.6	0.005068	94.638	0.005068	0.025
-54.1	60.7	0.005183	107.67	0.005183	0.025
-44.4	61.4	0.00232	24.72	0.00232	0.025
-48.8	61.6	0.006497	86.199	0.006497	0.025
-53.1	61.7	0.006641	100.85	0.006641	0.025
-43	62.3	0.009623	25.598	0.009623	0.025
-47.5	62.6	0.008913	71.065	0.008913	0.025
-52	62.7	0.009249	93.886	0.009249	0.025
-41.6	63.3	0.013172	21.14	0.013172	0.025
-46.1	63.6	0.011355	55.2	0.011355	0.025
-50.8	63.7	0.012	84.529	0.012	0.025
-55.5	63.7	0.010761	104.4	0.010761	0.025
-44.7	64.6	0.012577	43.124	0.012577	0.025
-49.5	64.8	0.013326	69.184	0.013326	0.025
-54.3	64.7	0.010121	92.868	0.010121	0.025
-43.2	65.6	0.012356	36.156	0.012356	0.025
-48.1	65.8	0.016652	50.434	0.016652	0.025
-53.1	65.8	0.009663	71.278	0.009663	0.025
-41.5	66.6	0.01115	32.87	0.01115	0.025
-46.7	66.8	0.025651	39.819	0.025651	0.025
-51.9	66.8	0.014335	51.878	0.014335	0.025
-57	66.7	0.005915	82.102	0.005915	0.025
-45.1	67.8	0.028994	38.726	0.028994	0.025
-50.6	67.9	0.021993	44.993	0.021993	0.025
-55.9	67.8	0.006216	65.493	0.006216	0.025
-43.3	68.8	0.033585	39.76	0.033585	0.025
-49	68.9	0.023998	45.628	0.023998	0.025
-54.7	68.8	0.007869	58.75	0.007869	0.025
-41.5	69.8	0.027745	33.008	0.027745	0.025
-47.3	70	0.027765	43.9	0.027765	0.025
-53.3	69.9	0.012644	52.172	0.012644	0.025
-59.2	69.6	0.003672	81.93	0.003672	0.025
-45.6	71	0.022903	39.769	0.022903	0.025
-51.7	71	0.011749	52.241	0.011749	0.025
-57.9	70.7	0.002439	77.999	0.002439	0.025
-43.6	72	0.019456	32.351	0.019456	0.025
-50.1	72.1	0.009099	49.384	0.009099	0.025
-56.6	71.9	0.002145	60.342	0.002145	0.025
-41.4	73.1	0.018212	25.488	0.018212	0.025
-48.4	73.1	0.007136	41.524	0.007136	0.025
-55.2	73	0.00154	50.248	0.00154	0.025
-38.8	74.1	0.017223	27.878	0.017223	0.025
-46.2	74.2	0.005926	34.767	0.005926	0.025
-53.6	74.1	0.001037	40.695	0.001037	0.025
-60.7	73.7	0.001642	0.42297	0.001642	0.025
-43.8	75.3	0.006213	33.186	0.006213	0.025
-51.7	75.2	0.000864	36.507	0.000864	0.025
-59.5	74.8	0.001053	162.34	0.001053	0.025
-41.2	76.3	0.00587	34.079	0.00587	0.025
-49.5	76.3	0.00071	34.408	0.00071	0.025
-57.9	76	0.001006	145.72	0.001006	0.025
-38.2	77.3	0.005126	32.973	0.005126	0.025
-47.2	77.4	0.000661	28.716	0.000661	0.025
-56.1	77.2	0.000831	143.56	0.000831	0.025
-64.6	76.6	0.001331	119.59	0.001331	0.025
-44.4	78.5	0.000691	17.226	0.000691	0.025
-54.2	78.3	0.000692	146.9	0.000692	0.025
-63.3	77.8	0.001172	119.1	0.001172	0.025
-40.9	79.6	0.000905	175.38	0.000905	0.025
-51.9	79.5	0.00057	150.86	0.00057	0.025
-62	79	0.000762	127.43	0.000762	0.025
-36.6	80.6	0.001589	158.3	0.001589	0.025
-48.8	80.6	0.000242	168.64	0.000242	0.025
-60.5	80.2	0.000486	141.24	0.000486	0.025
-70.7	79.5	0.000827	118.1	0.000827	0.025
-45	81.8	0.000476	7.3518	0.000476	0.025
-58.3	81.5	0.000402	157.63	0.000402	0.025
-70.1	80.7	0.000608	117.9	0.000608	0.025
-40.3	82.9	0.000722	177.56	0.000722	0.025
-55.5	82.7	0.000366	162.96	0.000366	0.025
-69.3	82	0.000349	122.97	0.000349	0.025
-34.1	83.9	0.000849	9.0693	0.000849	0.025
-52.1	83.9	0.000281	171.92	0.000281	0.025
-68.2	83.2	0.000311	132.81	0.000311	0.025
-81.1	82.2	0.000854	93.613	0.000854	0.025
-47.1	85	0.000296	14.568	0.000296	0.025
-67.1	84.5	0.000207	150.58	0.000207	0.025
-82.2	83.4	0.000294	100.88	0.000294	0.025
-38.6	86.2	0.000376	19.3	0.000376	0.025
-65.6	85.8	0.000262	179.38	0.000262	0.025
-84.4	84.7	0.000184	157.28	0.000184	0.025
-23.9	87.2	0.00023	20.61	0.00023	0.025
-62.4	87.1	0.000269	170.07	0.000269	0.025
-88.1	85.9	0.000302	158.29	0.000302	0.025
1.6	87.8	0.000114	91.272	0.000114	0.025
-54.6	88.3	0.000461	128.99	0.000461	0.025
-94.9	87.2	0.000485	140.8	0.000485	0.025
-108.6	85.5	0.000537	143.31	0.000537	0.025
-15	89.5	0.000957	116.14	0.000957	0.025
-112.2	88.3	0.000719	128.62	0.000719	0.025
-121	86.5	0.000534	145.53	0.000534	0.025
86.1	88.9	0.00093	110.4	0.00093	0.025
-162.4	88.9	0.000743	119.67	0.000743	0.025
-141.4	87.2	0.000332	135.79	0.000332	0.025
99.2	87.6	0.000401	115.25	0.000401	0.025
149.7	88.2	0.00067	120.43	0.00067	0.025
-168.6	87.3	0.000283	136.05	0.000283	0.025
-152.4	85.8	0.000376	149.39	0.000376	0.025
132.5	87.1	0.000459	124.72	0.000459	0.025
167.2	86.8	0.000422	134.63	0.000422	0.025
-170.2	85.8	0.000625	159.35	0.000625	0.025
125.5	85.8	0.000199	122.36	0.000199	0.025
150.8	86	0.000472	120.56	0.000472	0.025
173.6	85.4	0.000472	153.86	0.000472	0.025
