-73.41,-37.69,21
-73.4083156742499,-37.6886841484935,21.875
-73.4047049984282,-37.6858631299331,23.75
-73.3974778881132,-37.6802156181511,27.5
-73.3902430891848,-37.6745607950822,31.25
-73.3866228025897,-37.6717306374045,33.125
-73.3830005891569,-37.6688986466078,35
-73.3814470998121,-37.6676839665646,35.6662888829499
-73.3798930690992,-37.6664688030563,36.332647874741
-73.3767833825264,-37.6640370245689,37.6655762291114
-73.3705575014618,-37.6591676541589,40.3322747310044
-73.3580796488736,-37.6494055990099,45.6690413893526
-73.3455668956193,-37.6396123414164,51.0103056534594
-73.333019105749,-37.6297877412185,56.3560732113143
-73.3206030348129,-37.6200624079316,61.6354556803995
-73.3081525842454,-37.6103062833003,66.9192339716901
-73.2956676214353,-37.600519230295,72.2074135776759
-73.2831480131035,-37.5907011110913,77.5
-73.269374575094,-37.5798951930134,83.3107978594423
-73.2555591089157,-37.5690515418198,89.126912393105
-73.2417014358336,-37.5581699722371,94.9483509011809
-73.2278013761197,-37.5472502978065,100.775120697231
-73.2005129272874,-37.5257988593818,112.178010498598
-73.1817276966347,-37.511020973544,120
-73.1616991992788,-37.4952553137625,128.316210957766
-73.1416005215344,-37.4794243160469,136.638571687629
-73.1272489443845,-37.4681139097999,142.567164179106
-73.1031175974575,-37.4490844833065,152.509498489537
-73.0788848949116,-37.4299604429243,162.460614540196
-73.0726881794188,-37.4250677355896,165
-73.0441554373339,-37.4025268639833,176.664936727765
-73.0298362596325,-37.3912070127011,182.501932901358
-73.015481712764,-37.3798540348533,188.341950740003
-72.9888029408017,-37.3587401110774,199.16578174378
-72.9754176503717,-37.3481400841074,204.581591531031
-72.9620016237972,-37.3375111987525,210
-72.9479706323174,-37.3263902654721,215.644922069009
-72.9338221879554,-37.3151712268809,221.314420010072
-72.909823650996,-37.2961300232688,230.879491175603
-72.8854845500956,-37.2768038028196,240.514923480173
-72.8607983433475,-37.2571867315768,250.221496159884
-72.835758328995,-37.237272822518,260
-72.8066309890078,-37.2140884492447,271.290854387338
-72.7817544217602,-37.1942706085388,280.863666446062
-72.7565289761843,-37.174158891689,290.505624974055
-72.7309480243066,-37.1537473334298,300.217481876511
-72.7050047778166,-37.1330298131319,310
-72.6749012580621,-37.1089687021796,321.268118876023
-72.6491200990666,-37.0883441492704,330.84840112145
-72.6229814602114,-37.0674164516702,340.49665633665
-72.6051278565819,-37.0531121636171,347.049681671167
-72.5964785917349,-37.0461794800088,350.213610508655
-72.5769162113931,-37.0304925698626,357.344016141245
-72.5696046441872,-37.0246269961083,360
-72.5482865265121,-37.0075171851494,367.716111905669
-72.519230424928,-36.9841783558361,378.166853394176
-72.4897392542266,-36.9604681673618,388.697138499809
-72.4598041708102,-36.9363785100169,399.307878836069
-72.4294161015526,-36.9119010462595,410
-72.4251710676382,-36.9084798215299,411.421817664446
-72.4209163656544,-36.9050503454644,412.845326953464
-72.4123778394475,-36.898166531447,415.697432495386
-72.4038002821305,-36.8912493844235,418.556340878194
-72.3951834522016,-36.8842986837109,421.42207647015
-72.380842979617,-36.8727268642602,426.177513909115
-72.3663932675676,-36.8610616053009,430.951810835079
-72.3518331881736,-36.8493018736856,435.745079662605
-72.3371615987065,-36.837446621602,440.55743370145
-72.3223773413488,-36.825494786316,445.388987165494
-72.3074792429492,-36.8134452899097,450.239855181777
-72.2924661147729,-36.8012970390145,455.110153799645
-72.2773367522471,-36.7890489245375,460
-72.2456618166314,-36.763387295175,470.179032946135
-72.2134730947674,-36.7372832064554,480.443297181012
-72.1807592429052,-36.71072616237,490.793867695779
-72.1475085963729,-36.6837053456489,501.231837635871
-72.1193736373725,-36.6608196789332,510
-72.1009151821639,-36.6457941250228,515.721110339925
-72.074882335189,-36.6245880522631,523.748093657487
-72.0725885745789,-36.6227187487786,524.453026404614
-72.0619310883948,-36.6140316491061,527.723442650462
-72.0613691374864,-36.6135735126103,527.895662281578
-72.0608070364085,-36.6131152456015,528.067905554689
-72.0596823835288,-36.612198319843,528.412463046378
-72.0574312733579,-36.6103628999422,529.101861948018
-72.0551777543741,-36.6085253861216,529.791639667362
-72.0529218230827,-36.6066857751088,530.481796516729
-72.0484027097046,-36.6030002484975,531.863248856533
-72.0438739049956,-36.5993062936823,533.246221472873
-72.0428629123932,-36.5984815979998,533.554754032585
-72.0418514363799,-36.5976564817965,533.863362308618
-72.0398270328789,-36.5960049866627,534.480806121155
-72.0357724112394,-36.5926969372862,535.716603569497
-72.0258808011029,-36.584624890252,538.726620490491
-72.0159429601947,-36.5765125930057,541.743844590016
-72.0059585950809,-36.5683597701106,544.768301784382
-71.9959274099456,-36.5601661437051,547.800018114301
-71.978027555244,-36.5455388602825,553.192741540924
-71.9553284937335,-36.5269779802845,560
-71.909207790362,-36.4892246623295,573.724799718285
-71.8685650485821,-36.4559102155926,585.703166460287
-71.8271669687807,-36.4219329994585,597.794365946859
-71.8251282250055,-36.420258575069,598.386997236882
-71.7926129328035,-36.3935392530136,607.803266391352
-71.784994290494,-36.3872747289596,610
-71.7833328247203,-36.3859083695562,610.478581138349
-71.747851632206,-36.3567123191064,620.658098913648
-71.7407577411363,-36.3508711528401,622.6840416075
-71.7022038915862,-36.3191029409156,633.641205778202
-71.6973830760128,-36.3151279150021,635.004994961893
-71.655645675788,-36.2806880989931,646.754516626808
-71.6531882767439,-36.2786589640217,647.44308825296
-71.6081521088774,-36.2414438947248,660
-71.6014886602275,-36.2359331919444,661.719773662561
-71.594805722953,-36.2304052204477,663.442128107172
-71.5813810739157,-36.2192971749211,666.894602614602
-71.5678775309883,-36.2081191533023,670.357470241551
-71.554294460054,-36.1968705465816,673.830777988988
-71.5313347571285,-36.1778459870587,679.679239165515
-71.5081465144063,-36.1586182242329,685.557420936635
-71.5073354624318,-36.1579454457124,685.762506287605
-71.4598308098588,-36.118510003776,697.714649662011
-71.4594169299132,-36.1181661694355,697.818265601651
-71.4350893227937,-36.0979480068541,703.893262828064
-71.4105115982233,-36.0775064101428,710
-71.3728670461055,-36.0461666201417,719.29425629553
-71.3346297423894,-36.0142957325094,728.662576868828
-71.2957868400448,-35.9818812291554,738.10585056905
-71.2563251298917,-35.9489102067402,747.624980525305
-71.2045600225802,-35.9055980917557,760
-71.1912994413699,-35.8944916871985,763.151704332378
-71.1780092737196,-35.8833559119892,766.3058592348
-71.1513398081361,-35.8609958111326,772.621532191134
-71.0976417279703,-35.8159183002609,785.282411049003
-71.071909842176,-35.7942907232579,791.323321138095
-71.046067615904,-35.7725530289859,797.373209296456
-70.994049473911,-35.7287441136964,809.5
-70.9397785668225,-35.6829626397007,822.080138932514
-70.9124641394443,-35.6598918068865,828.384305116467
-70.8850294089678,-35.6366997222162,834.697897215213
-70.8320803454576,-35.5918832838318,846.831503704974
-70.8054371841865,-35.5693045732091,852.91138122816
-70.7786807037335,-35.546611113259,859
-70.7230561348197,-35.4993731685771,871.60348931928
-70.6950620315523,-35.4755690860202,877.918955197763
-70.6669457175872,-35.4516403775446,884.243595131338
-70.612875591122,-35.4055650167012,896.354941210249
-70.5856704447509,-35.382353342296,902.423247724747
-70.5583510097403,-35.3590245668066,908.5
-70.5015160919674,-35.3104288145921,921.087941193903
-70.4729155762471,-35.2859422434976,927.395103104456
-70.4441920277565,-35.2613286413161,933.711083816563
-70.3888018965932,-35.2138026499072,945.839249902263
-70.3609346541541,-35.1898613120387,951.91554374812
-70.332951722651,-35.1657999509961,958
-70.2748821186096,-35.1158022974725,970.572443581608
-70.2163191896716,-35.0652895896066,983.178802118096
-70.1595790003228,-35.0162624821765,995.323620858176
-70.1023723118748,-34.9667459413689,1007.5
-70.0429797451583,-34.9152455409422,1020.07004160769
-69.9830876481486,-34.863217167792,1032.67290433428
-69.9250268766332,-34.8126886866574,1044.82116506304
-69.8664931825899,-34.7616578797547,1057
-69.8058094481135,-34.7086563269457,1069.5546440837
-69.7446207763793,-34.6551143992207,1082.1409665081
-69.6851444504868,-34.6029751102556,1094.30565081738
-69.6251874968936,-34.5503188881556,1106.5
-69.563053106558,-34.4956489975,1119.06540313811
-69.5004051694004,-34.4404226925153,1131.66158906888
-69.3783207020078,-34.3324989977252,1156
-69.3159367528268,-34.2771967410745,1168.33192261882
-69.2530512745621,-34.2213441139045,1180.69249676883
-69.1896583171744,-34.164933172296,1193.08182241803
-69.1257518306659,-34.107955817642,1205.5
-69.0697557927106,-34.0579408051665,1216.32268603573
-69.0133670542458,-34.0074896291049,1227.16682464455
-69.0091894049294,-34.003748461502,1227.96806731163
-69.0050095924117,-34.0000048854936,1228.76942721957
-68.9966434711875,-33.9925104993171,1230.37249886094
-68.9882686772476,-33.9850064525361,1231.97603977464
-68.9798851972834,-33.9774927271075,1233.58005016674
-68.9630921262789,-33.9624361682442,1236.78948021112
-68.9462641507532,-33.9473406771383,1240.00079064521
-68.9294011631907,-33.932206107802,1243.21398312205
-68.9125030556051,-33.9170323135096,1246.42905929664
-68.8786010490975,-33.8865664621766,1252.86486936871
-68.8673313211016,-33.876432103773,1255
-68.8358422865729,-33.8480972324006,1260.95463912357
-68.8042328485718,-33.819627045213,1266.91556486065
-68.7725023214441,-33.79102060254,1272.88278717215
-68.7565914324719,-33.7766659882629,1275.86876266185
-68.7406500115617,-33.7622769537316,1278.85631604003
-68.7374166501337,-33.7593576196882,1279.46176837359
-68.7341820312353,-33.7564368669683,1280.0672855322
-68.7015545687908,-33.7269595101316,1286.16558487831
-68.6687988924994,-33.6973372993698,1292.27046329956
-68.6028999040365,-33.6376541797505,1304.5
-68.5602750141267,-33.5989870894163,1312.37329995064
-68.5174350006359,-33.5600751416859,1320.25731532995
-68.47437823515,-33.520916073913,1328.15206802809
-68.4311030714985,-33.4815075950914,1336.05757999491
-68.3322877244054,-33.3913304956249,1354
-68.3081348778252,-33.3692486084367,1358.36264868231
-68.2456099737113,-33.3120109870746,1369.61505306817
-68.1826347030181,-33.2542533189834,1380.88870621486
-68.1192041567929,-33.1959686772357,1392.1836683677
-68.0553133482454,-33.137150009159,1403.5
-67.984336572712,-33.071677058333,1416.00091043435
-67.9127937652192,-33.0055424629635,1428.52728207025
-67.8613089821699,-32.9578628901819,1437.49595584382
-67.7717889145902,-32.8747861960495,1453
-67.6860043758696,-32.7949698536249,1467.75058586692
-67.599411284335,-32.7141962171825,1482.53582354711
-67.5406485322412,-32.6592651793227,1492.51001140198
-67.4815103141434,-32.6038872345758,1502.5
-67.3319975424174,-32.4634515227503,1527.54507831142
-67.2398532172915,-32.3765943396681,1542.83118695309
-67.184256012478,-32.3240738573997,1552
-67.1015094275762,-32.2457482724094,1565.57126913744
-67.0180452651567,-32.1665516294811,1579.170417641
-66.9491662206709,-32.101049151505,1590.32581136295
-66.8797941893189,-32.0349450211609,1601.5
-66.7232943874508,-31.8853273460213,1626.48639000535
-66.5960788011049,-31.7632050849978,1646.57372505332
-66.5678765824947,-31.736071089793,1651
-66.485586443484,-31.6567714305658,1663.8601754062
-66.4026149414932,-31.5766243592172,1676.74440637374
-66.3257186247104,-31.5021744682989,1688.61198033775
-66.2482316561615,-31.4269859971649,1700.5
-66.0840665249788,-31.2671370838926,1725.4548124004
-65.9309224270662,-31.1173407529878,1748.45502649824
-65.9205713552754,-31.1071922997232,1750
-65.8356180201946,-31.0237886323352,1762.63439076853
-65.7499651717114,-30.939493686402,1775.29117016255
-65.6676008092866,-30.8582412731596,1787.3853461322
-65.5845832592413,-30.7761520728903,1799.5
-65.4123204181966,-30.6051987449804,1824.39975341869
-65.3287047340803,-30.5219183390194,1836.37139519048
-65.2444282730429,-30.4377810161338,1848.36269448377
-65.2421815893552,-30.4355353095501,1848.68134029567
-65.2399344336849,-30.4332889892308,1849
-65.1958904414905,-30.3892327055743,1855.23500903794
-65.1516649263679,-30.3449399543138,1861.47531612652
-65.0626644408149,-30.2556373645413,1873.9718514899
-64.97482143559,-30.1672775581707,1886.22570701501
-64.8862588266769,-30.0779739261256,1898.5
-64.7966061423374,-29.9873460014743,1910.84442848281
-64.7062128565623,-29.8957400180163,1923.2092043829
-64.6150687998846,-29.8031398571011,1935.59437804998
-64.5231635823753,-29.7095290231627,1948
-64.4353451484466,-29.6198580431873,1959.77676083581
-64.3468241994776,-29.5292493110734,1971.5719790383
-64.341661720545,-29.5239582430758,1972.25753325194
-64.3364968387702,-29.5186639588981,1972.94314986794
-64.2902192893337,-29.471193326776,1979.07486614926
-64.2437482312973,-29.4234632985855,1985.21157586195
-64.1970823060945,-29.3754717026242,1991.35328510815
-64.1502201400345,-29.3272163413327,1997.5
-64.055621274724,-29.2296158963742,2009.84502897631
-63.9602195306574,-29.1309307648126,2022.2100063482
-63.7669610971115,-28.930231856022,2047
-63.6616188110409,-28.8203887148639,2060.36870830591
-63.5701736432575,-28.7247817068149,2071.89234040359
-63.3728782119169,-28.5177003155898,2096.5
-63.1559426496837,-28.288731838971,2123.16098513565
-62.967408965713,-28.0886576598838,2146
-62.9574402140257,-28.0780506672814,2147.19913328747
-62.7554741262273,-27.8625474464788,2171.31202186828
-62.5499375834471,-27.6420479090165,2195.5
-62.4432940532285,-27.5271692069176,2207.91232549126
-62.3356697674388,-27.4109074467644,2220.34447117778
-62.2336702477421,-27.3004191422503,2232.04013039989
-62.1197827082911,-27.1767054246471,2245
-61.9000691358014,-26.9369979382855,2269.71064065429
-61.6761890040497,-26.6913404088597,2294.5
-61.5833577147386,-26.5890637287178,2304.66492071891
-61.4897936069471,-26.4857333811745,2314.84316635167
-61.4482097716197,-26.4397296815815,2319.34536379588
-61.2183115910728,-26.1845155781753,2344
-60.9520474638873,-25.8870692189552,2372.0612614952
-60.745211452676,-25.6546337519123,2393.5
-60.724317789285,-25.6310872763309,2395.64836841572
-60.6967914913024,-25.6000473202145,2398.47391666304
-60.6692017364925,-25.5689144557204,2401.3004964165
-60.6138307701133,-25.5063682031221,2406.95675270202
-60.5582026847606,-25.4434448738944,2412.61714179685
-60.5023152476689,-25.3801407752665,2418.28166823218
-60.3797074203895,-25.24095530347,2430.63099049315
-60.2558350500168,-25.0999068150506,2443
-60.0036679592807,-24.8114487813527,2467.84827539613
-59.8769979309133,-24.6658792776277,2480.16420665138
-59.7489767829399,-24.5183029581171,2492.5
-59.4889959274712,-24.2172081908265,2517.20988262419
-59.2232675104442,-23.9075208956152,2542
-59.0712844287869,-23.7295185074666,2555.96968856544
-58.9173492479278,-23.548581075971,2569.96536136428
-58.9136327320278,-23.5442045756425,2570.30136722411
-58.9099150640343,-23.5398263388209,2570.63738807489
-58.9024762689808,-23.5310646510947,2571.3094747533
-58.8875848230339,-23.5135203869858,2572.65382804564
-58.8577463505899,-23.4783480445565,2575.34325459725
-58.7978458162536,-23.407666010248,2580.72498936814
-58.6771400933697,-23.2649355436774,2591.5
-58.5369771911595,-23.0986971802095,2603.89554466347
-58.3951521044051,-22.9299413374326,2616.31173760945
-58.1986782164678,-22.6952547103544,2633.30425228385
-58.108773526531,-22.5875146547832,2641
-57.9633352690427,-22.4127608628185,2653.34395023328
-57.8161002073361,-22.2352662535051,2665.70856565713
-57.6670229947344,-22.0549563318146,2678.09389820886
-57.5160563076286,-21.8717534092995,2690.5
-57.4555587026613,-21.7981664718358,2695.43330787115
-57.3182495030965,-21.6307865223916,2706.54938086619
-57.1793272308586,-21.4609296460472,2717.68249439006
-56.8964845672784,-21.1135250068242,2740
-56.832577523461,-21.0347382464786,2744.97932763395
-56.6883409204642,-20.8565243398238,2756.13924688407
-56.542577151786,-20.6758703717215,2767.30765889383
-56.3952497938578,-20.4927158808777,2778.48457336147
-56.2463209093515,-20.3069979869627,2789.67
-56.1305659747588,-20.1622529775413,2798.28585062775
-55.8512974269051,-19.811626380746,2818.79348811137
-55.566149327772,-19.4515660407933,2839.33
-55.4102545256491,-19.2538462473095,2850.3872878975
-55.1341126364786,-18.9021229050001,2869.68099414036
-54.9938729940516,-18.7227722999314,2879.33733150893
-54.852140249804,-18.5410184749786,2889
-54.8500233853567,-18.5383001239231,2889.1000846569
-54.8479058786423,-18.5355808379798,2889.20017366278
-54.8436689366027,-18.5301394587434,2889.40036472264
-54.8351873253658,-18.5192454519987,2889.80079904268
-54.8181930920813,-18.4974122937506,2890.60187654757
-54.7840797572765,-18.4535641737275,2892.20486752515
-54.7153468913091,-18.3651307417881,2895.41419742546
-54.575800521839,-18.1852322476737,2901.84628168333
-54.4333669058454,-18.0011240073964,2908.29632769777
-54.2879003650423,-17.8125901604772,2914.76441081194
-54.0046757192409,-17.4440607715972,2927.01472392131
-53.7088628976639,-17.0571260695264,2939.33
-53.3872795042424,-16.6341689383445,2952.17095087527
-53.2202754847864,-16.4135817187373,2958.61750086836
-53.0487571944024,-16.1863722420772,2965.08152815299
-52.7112905867392,-15.7374051975228,2977.33921702579
-52.3539109572442,-15.2592074562508,2989.66
-51.9590076624963,-14.7275978633754,3002.49571543133
-51.5343332452402,-14.1522554107301,3015.39890143113
-51.0990853321646,-13.5587723790592,3027.66381416945
-50.6224395783848,-12.9045588084588,3039.99
-50.0712974456403,-12.142736811051,3052.81908434385
-49.436987552263,-11.2591904988843,3065.71352997519
-48.7136337390788,-10.2433272941959,3077.98700900047
-47.7503823414148,-8.8780151589042,3090.32
-45.6412543597152,-5.84665250065742,3101.35476069466
-43.5549014281882,-2.80750789634984,3090.32
-42.6169427834449,-1.43354729994795,3077.98700900047
-41.9185828840715,-0.409131343768423,3065.71352997519
-41.310363317022,0.483349786163842,3052.81908434385
-40.785016855332,1.25401262131258,3039.99
-40.3329976015508,1.91667276632414,3027.66381416945
-39.9220957920207,2.51851239956948,3015.39890143113
-39.5228697117362,3.10259639071831,3002.49571543133
-39.153118081628,3.64285226318132,2989.66
-38.8197249269167,4.1293019033667,2977.33921702579
-38.5059676873993,4.58643145057442,2965.08152815299
-38.3468915530629,4.81792679456325,2958.61750086836
-38.1922546217501,5.04277563907239,2952.17095087527
-37.8951831915721,5.47418421453641,2939.33
-37.6227241916283,5.86917695386578,2927.01472392131
-37.3625782618422,6.24567513238165,2914.76441081194
-37.2292368344339,6.43839789284835,2908.29632769777
-37.0988533562965,6.62667069252317,2901.84628168333
-36.9712829021817,6.810709625222,2895.41419742546
-36.9085103981313,6.90120430501676,2892.20486752515
-36.8773703833506,6.94608081781304,2890.60187654757
-36.8618610995333,6.96842761610234,2889.80079904268
-36.8541215359762,6.97957830396045,2889.40036472264
-36.8502555110855,6.98514798904904,2889.20017366278
-36.8483234362819,6.98793141924516,2889.1000846569
-36.8463919859731,6.99071390877227,2889
-36.8444605126611,6.99349639043383,2889.1000846569
-36.8425283688171,6.99627979702272,2889.20017366278
-36.8386620675487,7.00184938760844,2889.40036472264
-36.8309213967474,7.01299969686245,2889.80079904268
-36.8154076700301,7.03534497597439,2890.60187654757
-36.7842497713164,7.08021537364909,2892.20486752515
-36.7214048174377,7.17068528036861,2895.41419742546
-36.5935369937103,7.35462253174396,2901.84628168333
-36.4626412355283,7.54272016271615,2908.29632769777
-36.3285575429922,7.7351891094823,2914.76441081194
-36.0663258348163,8.11097404127189,2927.01472392131
-35.7907748430971,8.5049093824311,2939.33
-35.4892689178227,8.93480130574321,2952.17095087527
-35.3318829011356,9.15870984312346,2958.61750086836
-35.1696627773693,9.38912972491712,2965.08152815299
-34.84876178709,9.84381529443199,2977.33921702579
-34.5064008663197,10.3271963061379,2989.66
-34.1250352220366,10.8634770034584,3002.49571543133
-33.7112881280244,11.442589172922,3015.39890143113
-33.2832795610573,12.0385692928758,3027.66381416945
-32.8098939093637,12.6939072894468,3039.99
-32.2563392713236,13.4548972067704,3052.81908434385
-31.6108967782745,14.3346034550125,3065.71352997519
-30.8637093101494,15.3422433101183,3077.98700900047
-29.8498411626824,16.6900811319447,3090.32
-27.5516393414964,19.656049839162,3101.35476069466
-25.1672458085456,22.5917235355685,3090.32
-24.0576620091871,23.9058824042044,3077.98700900047
-23.215894657365,24.8802051433787,3065.71352997519
-22.4717290104584,25.7250945122602,3052.81908434385
-21.8205723968972,26.4516223951682,3039.99
-21.2540147798296,27.0740247620722,3027.66381416945
-20.7339015736965,27.6374101365361,3015.39890143113
-20.2238873023453,28.1824156487625,3002.49571543133
-19.7473846271278,28.6849509380382,2989.66
-19.3143017922894,29.1361162036631,2977.33921702579
-18.9037348159002,29.5589259479206,2965.08152815299
-18.6944632116376,29.7726052748236,2958.61750086836
-18.4903118928508,29.9798655180139,2952.17095087527
-18.0961226511123,30.3767342518202,2939.33
-17.7322764496401,30.7391748761506,2927.01472392131
-17.3827986583136,31.0838056282991,2914.76441081194
-17.20288127139,31.2598946404151,2908.29632769777
-17.0264378393009,31.4317053492508,2901.84628168333
-16.8533055203097,31.599447829703,2895.41419742546
-16.767933613545,31.6818546344742,2892.20486752515
-16.72553841858,31.7227020089822,2890.60187654757
-16.704412571079,31.7430379031534,2889.80079904268
-16.6938674695219,31.7531840509384,2889.40036472264
-16.6885993600106,31.7582516934579,2889.20017366278
-16.6859664137947,31.7607841591705,2889.1000846569
-16.6833342059311,31.7633157220565,2889
-16.5069601550983,31.9325073294602,2879.33733150893
-16.3321788853238,32.0993193888447,2869.68099414036
-15.9872529823618,32.4260370100762,2850.3872878975
-15.7920772983262,32.6094542989645,2839.33
-15.4342449708753,32.9430066255036,2818.79348811137
-15.0827482881099,33.267235856559,2798.28585062775
-14.9367540605805,33.4009126770753,2789.67
-14.7486608831952,33.5722810539768,2778.48457336147
-14.5623046096356,33.7411191852937,2767.30765889383
-14.3776472298959,33.9074900383515,2756.13924688407
-14.1946522355465,34.0714541571222,2744.97932763395
-14.1134861046344,34.1438902351661,2740
-13.7536228009509,34.4629145613635,2717.68249439006
-13.5764929475424,34.6186686853963,2706.54938086619
-13.4011762828618,34.7720037851145,2695.43330787115
-13.3238561836876,34.8393692310228,2690.5
-13.1307064974702,35.0069577490866,2678.09389820886
-12.9396894043974,35.1717236459048,2665.70856565713
-12.7507559099429,35.3337442553719,2653.34395023328
-12.563859020431,35.4930937239165,2641
-12.4481927856161,35.5912521158626,2633.30425228385
-12.1950675335128,35.80484168305,2616.31173760945
-12.0120485259737,35.9582340177178,2603.89554466347
-11.8309284248368,36.1091780245691,2591.5
-11.6747558084234,36.238648869477,2580.72498936814
-11.5971878378353,36.3027203979357,2575.34325459725
-11.5585320965544,36.334592302854,2572.65382804564
-11.5392361218697,36.3504875507118,2571.3094747533
-11.5295960880388,36.3584250307702,2570.63738807489
-11.524778056951,36.3623912388514,2570.30136722411
-11.5199613487807,36.3663557604938,2569.96536136428
-11.320307828418,36.5301611574987,2555.96968856544
-11.1229011372868,36.691118065204,2542
-10.7770771759001,36.9706907057658,2517.20988262419
-10.4379060290334,37.2419375337538,2492.5
-10.2705910626328,37.3746761070344,2480.16420665138
-10.1048491355426,37.5054735867329,2467.84827539613
-9.77433248098612,37.7642551944794,2443
-9.61169721162086,37.890594412053,2430.63099049315
-9.45054474366154,38.0151355809773,2418.28166823218
-9.37702942051696,38.0717363488154,2412.61714179685
-9.30381906448646,38.1279699641439,2406.95675270202
-9.23091131378513,38.1838400933663,2401.3004964165
-9.19457018327822,38.2116399841219,2398.47391666304
-9.15830383296918,38.2393503542584,2395.64836841572
-9.13077022206852,38.2603666757147,2393.5
-8.85793008473199,38.4676221472926,2372.0612614952
-8.50597413037696,38.7322985271425,2344
-8.20143879953878,38.9588966122602,2319.34536379588
-8.14629088126188,38.9996924253278,2314.84316635167
-8.02213637061759,39.0912693066258,2304.66492071891
-7.89885734325406,39.1818357794586,2294.5
-7.60115188859955,39.3990519968951,2269.71064065429
-7.30844838290639,39.6105726961326,2245
-7.15651863987175,39.7195688262506,2232.04013039989
-7.02032803393921,39.816813764228,2220.34447117778
-6.8765049916924,39.9190382833211,2207.91232549126
-6.73386941787037,40.019943289873,2195.5
-6.45862105273413,40.2133302907396,2171.31202186828
-6.18771717836526,40.4019602559999,2147.19913328747
-6.17433461851796,40.4112348780358,2146
-5.92104140880613,40.5860053577884,2123.16098513565
-5.62913317561551,40.7856108726527,2096.5
-5.36323220514033,40.9657579845978,2071.89234040359
-5.23985419281517,41.0488069671155,2060.36870830591
-5.09762123082137,41.1441254176288,2047
-4.83639407213882,41.318015761021,2022.2100063482
-4.70730231591116,41.4033896571672,2009.84502897631
-4.57920798047674,41.4877405155857,1997.5
-4.51572023800726,41.5294137545997,1991.35328510815
-4.45247692917326,41.5708385671109,1985.21157586195
-4.38947652014591,41.6120171134502,1979.07486614926
-4.32671749269517,41.6529515281339,1972.94314986794
-4.31971187385601,41.6575155833304,1972.25753325194
-4.31270925472013,41.662076612847,1971.5719790383
-4.19259516556789,41.7401441788831,1959.77676083581
-4.07335937275853,41.8173301987685,1948
-3.94849523469442,41.8978288762101,1935.59437804998
-3.82458537390801,41.9773788463863,1923.2092043829
-3.70161809424988,42.0559962959097,1910.84442848281
-3.57958192804915,42.1336970352769,1898.5
-3.45895533990236,42.2101866180802,1886.22570701501
-3.33923641514022,42.2857932747118,1873.9718514899
-3.21786681074228,42.3621307968799,1861.47531612652
-3.15752939283666,42.3999646185428,1855.23500903794
-3.09742171276255,42.4375776551074,1849
-3.09435449796176,42.4394949467302,1848.68134029567
-3.09128788100408,42.4414116656138,1848.36269448377
-2.97622106760342,42.5131878694045,1836.37139519048
-2.86199233408696,42.5841650094681,1824.39975341869
-2.62646156751815,42.7296489080721,1799.5
-2.51285843658151,42.7994049048039,1787.3853461322
-2.40008840011834,42.8683833379782,1775.29117016255
-2.2827521110663,42.9398743253029,1762.63439076853
-2.16631024284438,43.0105384168979,1750
-2.15211814929593,43.0191318927193,1748.45502649824
-1.94203700602215,43.145852989302,1725.4548124004
-1.71661216936934,43.2808219147391,1700.5
-1.61013010551798,43.3442151183228,1688.61198033775
-1.50440932681953,43.4069268674423,1676.74440637374
-1.3902801432581,43.4743718196872,1663.8601754062
-1.27703119914833,43.54103616533,1651
-1.23820588476201,43.5638312367201,1646.57372505332
-1.06298935639802,43.6663268677982,1626.48639000535
-0.847256750901067,43.7916778132741,1601.5
-0.751564735064974,43.8469821063288,1590.32581136295
-0.656514342725544,43.9017353465688,1579.170417641
-0.541286101412496,43.9678717136575,1565.57126913744
-0.42699378440328,44.0332115982348,1552
-0.350170671201042,44.076985950645,1542.83118695309
-0.222794001979125,44.1493104196677,1527.54507831142
-0.0159728032535469,44.266066634961,1502.5
0.0658807670661901,44.3120446920399,1492.51001140198
0.147241161107914,44.357616612705,1482.53582354711
0.267182107817504,44.4245642788363,1467.75058586692
0.386058934728894,44.4906434549258,1453
0.510171053876107,44.5593420701339,1437.49595584382
0.581577395654037,44.5987327764043,1428.52728207025
0.68083551143792,44.653325314463,1416.00091043435
0.779345412917777,44.707320056129,1403.5
0.868051961689858,44.7557830610741,1392.1836683677
0.95614869873009,44.803764744205,1380.88870621486
1.04364173540517,44.8512718370905,1369.61505306817
1.13053709587921,44.8983109475057,1358.36264868231
1.16411148520038,44.916447571425,1354
1.30151562902023,44.9904507610377,1336.05757999491
1.3617119447525,45.0227594310297,1328.15206802809
1.42161743009834,45.0548444866593,1320.25731532995
1.48123412065843,45.086708105667,1312.37329995064
1.54056403192891,45.1183524379427,1304.5
1.63231392004998,45.1671589526501,1292.27046329956
1.67793006528633,45.1913661480599,1286.16558487831
1.72337491754929,45.2154439435902,1280.0672855322
1.72788061964452,45.2178290828943,1279.46176837359
1.73238464102171,45.2202129554829,1278.85631604003
1.75459182375147,45.2319611856335,1275.86876266185
1.77675818827264,45.2436786903152,1272.88278717215
1.82096889199232,45.267021973389,1266.91556486065
1.86501761673162,45.290243704752,1260.95463912357
1.90890521733007,45.3133447740468,1255
1.92461392555042,45.321604693296,1252.86486936871
1.97187453974679,45.34642767687,1246.42905929664
1.99543396360639,45.3587865375015,1243.21398312205
2.01894631171707,45.3711104959609,1240.00079064521
2.04241171926753,45.3833996908464,1236.78948021112
2.06583032090514,45.395654260034,1233.58005016674
2.07752211169711,45.4017686030175,1231.97603977464
2.08920225125941,45.4078743409553,1230.37249886094
2.10087075627203,45.4139714908809,1228.76942721957
2.10670065105802,45.417016850667,1227.96806731163
2.11252764344647,45.4200600698177,1227.16682464455
2.19118995161077,45.4610813822647,1216.32268603573
2.26932498661935,45.5017153489778,1205.5
2.35852284591526,45.5479659124084,1193.08182241803
2.44702992065407,45.5937146841795,1180.69249676883
2.53485384045513,45.6389692836797,1168.33192261882
2.62200211878607,45.6837371794461,1156
2.79262070721124,45.7709852564138,1131.66158906888
2.88021000708507,45.8155710077615,1119.06540313811
2.96710515336201,45.8596669530117,1106.5
3.05097748713635,45.9021003363526,1094.30565081738
3.13419899395751,45.9440798816506,1082.1409665081
3.21983866559758,45.9871499847249,1069.5546440837
3.30479367616906,46.0297465352392,1057
3.38675934950518,46.0707225223723,1044.82116506304
3.46808264886822,46.1112595210775,1032.67290433428
3.55199157892096,46.1529626023083,1020.07004160769
3.63522112989152,46.1942051304293,1007.5
3.71540662087818,46.2338237404212,995.323620858176
3.79495660715472,46.2730165989114,983.178802118096
3.87708112265825,46.3133613676249,970.572443581608
3.95853277704467,46.3532589268609,958
3.9977898810855,46.372446866978,951.91554374812
4.03688898539582,46.3915308454867,945.839249902263
4.11461672144375,46.4293900393784,933.711083816563
4.15493043984685,46.4489844142024,927.395103104456
4.19507593714594,46.4684689604151,921.087941193903
4.27486615595237,46.5071119764955,908.5
4.31322593545012,46.5256506487965,902.423247724747
4.35142920496858,46.5440883791224,896.354941210249
4.42736974306806,46.5806640565971,884.243595131338
4.46686471917226,46.5996469198203,877.918955197763
4.506192155737,46.6185225540337,871.60348931928
4.58434833283441,46.6559554865104,859
4.6219486769548,46.6739268011693,852.91138122816
4.65939345330705,46.6917996586355,846.831503704974
4.73381984881598,46.7272529850567,834.697897215213
4.77238836034992,46.7455879805096,828.384305116467
4.81079154712546,46.7638191336142,822.080138932514
4.8871058460452,46.7999731633056,809.5
4.96026623781573,46.8345399078613,797.373209296456
4.99661678854028,46.851680939442,791.323321138095
5.03281541768513,46.8687280390695,785.282411049003
5.10836631916402,46.9042358173645,772.621532191134
5.14589436369481,46.9218375036505,766.3058592348
5.16459696937156,46.9306006483847,763.151704332378
5.18325879443682,46.9393387933988,760
5.25611678422038,46.9733972681504,747.624980525305
5.31166672715675,46.9993047274069,738.10585056905
5.36635283541901,47.0247585781953,728.662576868828
5.42019331866337,47.049769730835,719.29425629553
5.47320589575774,47.0743487587785,710
5.50782081824964,47.0903723853758,703.893262828064
5.54208624924682,47.1062144733614,697.818265601651
5.54266922286391,47.1064838321921,697.714649662011
5.60958751060049,47.1373652043544,685.762506287605
5.61073010396301,47.1378918375135,685.557420936635
5.64339850143988,47.1529398252614,679.679239165515
5.67574734945637,47.167823080984,673.830777988988
5.69488621599923,47.1766203968171,670.357470241551
5.71391385743728,47.1853605400291,666.894602614602
5.73283115068956,47.1940440218798,663.442128107172
5.74224869059067,47.198364673975,661.719773662561
5.75163896827884,47.2026713497864,660
5.81511016536571,47.2317428014407,647.44308825296
5.81857373397118,47.2333272803967,646.754516626808
5.87740441848604,47.2602101599959,635.004994961893
5.88420006765216,47.2633117580466,633.641205778202
5.93855109577447,47.2880905596154,622.6840416075
5.94855237526835,47.2926448482359,620.658098913648
5.99857863715818,47.3154005148146,610.478581138349
6.00092133508689,47.3164651346411,610
6.01166391812623,47.3213458526427,607.803266391352
6.05751459106025,47.3421559482035,598.386997236882
6.06038963053993,47.3434596776362,597.794365946859
6.11877315021987,47.3699050854851,585.703166460287
6.1760985879978,47.3958166317866,573.724799718285
6.24115906678269,47.4251590515228,560
6.27318295645772,47.4395763867435,553.192741540924
6.29843764335446,47.4509343330156,547.800018114301
6.3125911079748,47.4572950896865,544.768301784382
6.32667893021348,47.463623088722,541.743844590016
6.34070152078888,47.4699185611417,538.726620490491
6.35465928715817,47.4761817358798,535.716603569497
6.36038076471972,47.4787481753132,534.480806121155
6.36323742656243,47.4800293659183,533.863362308618
6.36466473976657,47.4806694547947,533.554754032585
6.36609137506716,47.4813092063763,533.246221472873
6.37248212937376,47.4841746286603,531.863248856533
6.37885929273882,47.4870332917011,530.481796516729
6.38204279011482,47.4884600953811,529.791639667362
6.38522290437531,47.489885217437,529.101861948018
6.38839964037497,47.4913086605857,528.412463046378
6.38998674305394,47.492019753423,528.067905554689
6.39077997832646,47.4923751428048,527.895662281578
6.3915730029874,47.4927304275513,527.723442650462
6.40661308598399,47.499466623691,524.453026404614
6.40985015365634,47.5009159678297,523.748093657487
6.44659050576475,47.5173538715464,515.721110339925
6.47264274872546,47.5289964923935,510
6.51235507747619,47.5467224554165,501.231837635871
6.55929231790174,47.5676402135431,490.793867695779
6.60547616691838,47.5881872501414,480.443297181012
6.65092285304975,47.6083725076261,470.179032946135
6.69564816380617,47.6282046540227,460
6.71701237080721,47.6376665538545,455.110153799645
6.73821333573305,47.6470488501051,450.239855181777
6.75925273628108,47.6563524566695,445.388987165494
6.78013222834855,47.6655782740581,440.55743370145
6.80085344637756,47.6747271896359,435.745079662605
6.82141800369347,47.683800077857,430.951810835079
6.84182749283713,47.6927978004941,426.177513909115
6.86208348589057,47.7017212068627,421.42207647015
6.87425518541022,47.707080042912,418.556340878194
6.88637169446753,47.7124122079562,415.697432495386
6.89843334979606,47.7177178832102,412.845326953464
6.90444371266788,47.7203608437336,411.421817664446
6.91044048720347,47.7229972490521,410
6.9533704009382,47.7418539280313,399.307878836069
6.99566380670147,47.7604020326227,388.697138499809
7.03733334800313,47.7786484268176,378.166853394176
7.07839135228107,47.796599780684,367.716111905669
7.10851712791127,47.8097541607086,360
7.11884988468277,47.8142625963149,357.344016141245
7.14649654760838,47.8263171082291,350.213610508655
7.15872062866349,47.8316431580469,347.049681671167
7.18395415213119,47.8426298816208,340.49665633665
7.22089949882722,47.858697595505,330.84840112145
7.2573420095022,47.8745252684614,321.268118876023
7.29989736507035,47.89298105078,310
7.33657423388998,47.9088642441181,300.217481876511
7.37274127083501,47.9245056809409,290.505624974055
7.40840796101615,47.9399103560281,280.863666446062
7.44358356777866,47.9550831332362,271.290854387338
7.48477255221864,47.9728247818631,260
7.52018401323409,47.9880563289529,250.221496159884
7.55509724858072,48.0030541290342,240.514923480173
7.58952163395762,48.0178230465654,230.879491175603
7.62346632352343,48.0323678176701,221.314420010072
7.6434794857347,48.040934616993,215.644922069009
7.6633271798014,48.0494243417665,210
7.68230559075728,48.0575364232965,204.581591531031
7.70124112631829,48.0656245177235,199.16578174378
7.7389841117775,48.0817291409076,188.341950740003
7.75929275564205,48.0903853904364,182.501932901358
7.77955204160762,48.099014135312,176.664936727765
7.81992320898148,48.1161895984666,165
7.8286913373414,48.1199165155374,162.460614540196
7.86298094273256,48.1344798145958,152.509498489537
7.89712903064245,48.1489646732296,142.567164179106
7.91743873493692,48.1575709269539,136.638571687629
7.94588259315346,48.169613171857,128.316210957766
7.97422842109789,48.1816013124843,120
8.00081584896105,48.1928343583582,112.178010498598
8.03944018955025,48.2091332499428,100.775120697231
8.05911537535432,48.2174269249119,94.9483509011809
8.07873116808898,48.2256895492354,89.126912393105
8.09828781437379,48.2339212844302,83.3107978594423
8.11778555951113,48.2421222909343,77.5
8.1355088885532,48.2495718148459,72.2074135776759
8.15318365491977,48.2569960543255,66.9192339716901
8.17081004162452,48.2643951286123,61.6354556803995
8.18838823079419,48.2717691562234,56.3560732113143
8.20615338222684,48.2792167315516,51.0103056534594
8.22386940741183,48.2866388261418,45.6690413893526
8.24153649315386,48.2940355611113,40.3322747310044
8.25035174217756,48.2977244565177,37.6655762291114
8.25475480332555,48.2995665427452,36.332647874741
8.25695519431797,48.3004869963056,35.6662888829499
8.25915482606707,48.3014070571401,35
8.26428365406147,48.3035520489499,33.125
8.26940979332844,48.3056955083182,31.25
8.27965401411693,48.3099778360504,27.5
8.28988750528445,48.3142540529561,23.75
8.29500023251687,48.3163898737833,21.875
8.2973852559429,48.3173860688729,21
8.29755559246384,48.3174572129777,20.9375
8.29883302163466,48.3179907398559,20.46875
8.3001102836475,48.3185241716208,20
8.30659415079099,48.3212316837588,17.3283812080545
8.31307313335041,48.3239365051879,14.6567624161089
8.32195128286602,48.3276418652167,10.9925718120812
8.33082026863822,48.3313421811173,7.32838120805445
8.33968010482396,48.3350374628657,3.66419060402677
8.34410659623799,48.3368832190431,1.83209530201384
8.346318986047,48.3378056265009,0.916047651006011
8.34742496707339,48.33826671264,0.458023825503005
8.34853080555104,48.3387277204117,0
