123.57,-1.11,26
123.567925931173,-1.10744351108124,27.5
123.562736353986,-1.10104683340081,31.25
123.560139202726,-1.09784556862544,33.125
123.557540474402,-1.09464235083129,35
123.556425230658,-1.09326768776225,35.6662888829499
123.555309562061,-1.09189249933816,36.332647874741
123.553076949389,-1.08914054530237,37.6655762291114
123.548606615742,-1.08363032059378,40.3322747310044
123.539645463868,-1.07258454137001,45.6690413893526
123.530656900272,-1.06150486719721,51.0103056534594
123.521640806138,-1.05039115174539,56.3560732113143
123.512717027856,-1.03939112625454,61.6354556803995
123.503766211679,-1.02835766980612,66.9192339716901
123.494788241487,-1.01729063942556,72.2074135776759
123.485783000507,-1.00618989133837,77.5
123.475873162668,-0.993973931967104,83.3107978594423
123.465930212408,-0.98171703386566,89.126912393105
123.455953992812,-0.969419003885999,94.9483509011809
123.44594434598,-0.957079647687525,100.775120697231
123.42628502115,-0.93284434354637,112.178010498598
123.412745094587,-0.916152553425396,120
123.398303174694,-0.898348573639827,128.316210957766
123.383804554614,-0.880474462016144,136.638571687629
123.373447991092,-0.867706598784655,142.567164179106
123.356026997211,-0.846229249319628,152.509498489537
123.338523949426,-0.82465042199939,162.460614540196
123.334046691038,-0.819130533889985,165
123.313423655283,-0.793704704355077,176.664936727765
123.303069306574,-0.780938826613842,182.501932901358
123.292686251277,-0.768137453046953,188.341950740003
123.27338039632,-0.744334800177932,199.16578174378
123.263690164162,-0.732387350522139,204.581591531031
123.253974938428,-0.720409000385056,210
123.243811363832,-0.707877770698901,215.644922069009
123.233559578157,-0.69523768955601,221.314420010072
123.216163340054,-0.673788551922635,230.879491175603
123.198510969917,-0.652023353228573,240.514923480173
123.180597315435,-0.629935737896734,250.221496159884
123.16241709133,-0.607519186687478,260
123.141256807081,-0.581427855805335,271.290854387338
123.123173969773,-0.559130864379219,280.863666446062
123.104827514658,-0.536508589811137,290.505624974055
123.086212184805,-0.513554549485964,300.217481876511
123.067322588611,-0.490262095160975,310
123.0453904178,-0.463217622011446,321.268118876023
123.026595855009,-0.44004190207087,330.84840112145
123.007529855101,-0.416531275471507,340.49665633665
122.994500833651,-0.400464847486893,347.049681671167
122.98818702723,-0.392679096923164,350.213610508655
122.973902425951,-0.37506424142741,357.344016141245
122.9685618889,-0.368478608716172,360
122.952985751129,-0.34927096881774,367.716111905669
122.931744087279,-0.323076745479899,378.166853394176
122.910170484619,-0.296473007163304,388.697138499809
122.888257826102,-0.269450984371657,399.307878836069
122.865998797989,-0.242001666156939,410
122.862887405316,-0.238164756595,411.421817664446
122.859768631738,-0.234318742192857,412.845326953464
122.853508846998,-0.22659928198893,415.697432495386
122.847219250416,-0.218843047318286,418.556340878194
122.840899647904,-0.211049799057886,421.42207647015
122.830379625386,-0.198076626887547,426.177513909115
122.819776067478,-0.185000412519056,430.951810835079
122.809088065992,-0.171820037163089,435.745079662605
122.79831470004,-0.15853436644066,440.55743370145
122.787455035809,-0.145142250115159,445.388987165494
122.776508126346,-0.131642521818854,450.239855181777
122.765473011319,-0.118033998773741,455.110153799645
122.75434871679,-0.104315481506602,460
122.731046634807,-0.0755792269293186,470.179032946135
122.707349660058,-0.0463559367354652,480.443297181012
122.683248584467,-0.016634273542389,490.793867695779
122.658733922237,0.01359744049261,501.231837635871
122.63797660591,0.0391955529421922,510
122.624351261433,0.0559984419810354,515.721110339925
122.605125172343,0.0797081935660842,523.748093657487
122.603430617241,0.0817979295444782,524.453026404614
122.595556068904,0.0915088680221483,527.723442650462
122.595140805108,0.0920209735456754,527.895662281578
122.594725425089,0.0925332223776725,528.067905554689
122.5938943162,0.0935581501844708,528.412463046378
122.592230701786,0.0956097278985323,529.101861948018
122.590565222789,0.0976636046997538,529.791639667362
122.588897876344,0.0997197841125821,530.481796516729
122.585557569728,0.103839064777221,531.863248856533
122.582209758805,0.107967598354982,533.246221472873
122.581462360013,0.108889293278763,533.554754032585
122.580714586823,0.109811449837901,533.863362308618
122.579217916225,0.11165714911607,534.480806121155
122.576220070989,0.115354101138595,535.716603569497
122.568905412118,0.124374555656259,538.726620490491
122.561554924719,0.133439185745429,541.743844590016
122.554168367801,0.142548287866594,544.768301784382
122.546745498283,0.151702161040428,547.800018114301
122.533495803305,0.168041641919097,553.192741540924
122.516685977129,0.188771412323579,560
122.482504659084,0.230923385489881,573.724799718285
122.452353642381,0.268104967795297,585.703166460287
122.421613730472,0.306012453764007,597.794365946859
122.420099127263,0.307880205639661,598.386997236882
122.395933720053,0.337679958383291,607.803266391352
122.390268955735,0.344665470562087,610
122.389033459516,0.346189022683237,610.478581138349
122.362637863411,0.378738591083726,620.658098913648
122.357357936389,0.385249462804253,622.6840416075
122.328647706587,0.420652863299852,633.641205778202
122.32505597535,0.425081899886334,635.004994961893
122.293943177506,0.46344743148049,646.754516626808
122.292110406828,0.465707424289198,647.44308825296
122.258503447645,0.507147874938314,660
122.253525106822,0.513286565373055,661.719773662561
122.248531434492,0.519444145044012,663.442128107172
122.238497836365,0.531816290050562,666.894602614602
122.22840212456,0.544264959148729,670.357470241551
122.218243766897,0.556790805739565,673.830777988988
122.201065639847,0.577972275040922,679.679239165515
122.183707230324,0.599375828155584,685.557420936635
122.183099918439,0.600124661918644,685.762506287605
122.147508683277,0.644009234761923,697.714649662011
122.147198425098,0.644391783836313,697.818265601651
122.128956390195,0.666884120614847,703.893262828064
122.110516308097,0.689620370941359,710
122.08225200565,0.724469123847413,719.29425629553
122.053517219839,0.759897233503831,728.662576868828
122.024301031783,0.795918088684137,738.10585056905
121.99459218987,0.832545482865645,747.624980525305
121.955579016549,0.880642607967774,760
121.945577508053,0.892972637584831,763.151704332378
121.935550678119,0.905333773562907,766.3058592348
121.915420685144,0.930149809728281,772.621532191134
121.874852752739,0.980160093197902,785.282411049003
121.855395286308,1.00414566591319,791.323321138095
121.835842958996,1.02824770415737,797.373209296456
121.796451051307,1.07680439538795,809.5
121.755303548991,1.12752293508639,822.080138932514
121.734574887096,1.15307226543782,828.384305116467
121.713741952793,1.17874950371685,834.697897215213
121.673497527984,1.2283502125191,846.831503704974
121.653228760489,1.25333027365664,852.91138122816
121.632861374594,1.27843123817574,859
121.590479351217,1.33066115042941,871.60348931928
121.569129404651,1.3569708653602,877.918955197763
121.547672476898,1.38341164764895,884.243595131338
121.506370053739,1.43430527051813,896.354941210249
121.485569540323,1.45993492199451,902.423247724747
121.464668563312,1.48568757877916,908.5
121.421144436299,1.53931225096709,921.087941193903
121.399220658432,1.56632248016893,927.395103104456
121.377188033496,1.59346587714755,933.711083816563
121.334659384941,1.64585693044407,945.839249902263
121.313242300976,1.67223926372398,951.91554374812
121.291722428458,1.69874726601116,958
121.247020388838,1.75380776381277,970.572443581608
121.201877697338,1.8094066510914,983.178802118096
121.158081551729,1.86334276926071,995.323620858176
121.113866872569,1.91778986776457,1007.5
121.067900467918,1.97438920128555,1020.07004160769
121.021483029563,2.03153870097017,1032.67290433428
120.976422953654,2.08701186480398,1044.82116506304
120.930933929677,2.1430078250834,1057
120.883708192903,2.2011358770649,1069.5546440837
120.836021452841,2.25982524157664,1082.1409665081
120.789603519036,2.31694699481278,1094.30565081738
120.742744731249,2.37460504659302,1106.5
120.69411432861,2.43443623906396,1119.06540313811
120.645009785465,2.49484361064692,1131.66158906888
120.549108658552,2.61279770939278,1156
120.499996949637,2.67319158991151,1168.33192261882
120.450416747168,2.73415356953601,1180.69249676883
120.400361336171,2.79569148992517,1193.08182241803
120.349823867139,2.85781334090803,1205.5
120.305478622027,2.91231620364494,1216.32268603573
120.260762383825,2.96726793357427,1227.16682464455
120.257447109815,2.97134178198108,1227.96806731163
120.254129787374,2.97541810748762,1228.76942721957
120.247488989622,2.98357819859356,1230.37249886094
120.240839975281,2.99174822464438,1231.97603977464
120.234182729061,2.99992820338968,1233.58005016674
120.220843479927,3.01631808980785,1236.78948021112
120.207471118804,3.03274800108377,1240.00079064521
120.194065521933,3.04921808078395,1243.21398312205
120.180626564909,3.06572847317972,1246.42905929664
120.15364807199,3.09887077366806,1252.86486936871
120.144674997238,3.10989332671631,1255
120.119590217372,3.1407059189304,1260.95463912357
120.094390415557,3.17165736117221,1266.91556486065
120.069074794237,3.20274857554468,1272.88278717215
120.056373298939,3.21834688892261,1275.86876266185
120.043642546157,3.23398049494159,1278.85631604003
120.041059800379,3.23715207761509,1279.46176837359
120.038475848718,3.24032511465734,1280.0672855322
120.012400365216,3.2723437614848,1286.16558487831
119.986201755452,3.30451085614962,1292.27046329956
119.933431641848,3.36929444084328,1304.5
119.899253963866,3.41124678792158,1312.37329995064
119.864868226801,3.45344960566616,1320.25731532995
119.830272504369,3.49590510760128,1328.15206802809
119.795464845158,3.53861553422068,1336.05757999491
119.715846914133,3.6362902029085,1354
119.696357220951,3.66019574756896,1358.36264868231
119.645850546483,3.72213797474901,1369.61505306817
119.594902055964,3.7846103039081,1380.88870621486
119.543505828954,3.84761948823105,1392.1836683677
119.491655832582,3.91117240016601,1403.5
119.433959858073,3.98187567865451,1416.00091043435
119.375701771043,4.0532513890561,1428.52728207025
119.333713577701,4.10468342640064,1437.49595584382
119.260578709942,4.19424641444534,1453
119.190343564725,4.28023259627285,1467.75058586692
119.11929480705,4.36718868376653,1482.53582354711
119.070993450527,4.42628908884131,1492.51001140198
119.022312107977,4.48584171779874,1502.5
118.898915601468,4.63673621336878,1527.54507831142
118.822636538479,4.72997073806475,1542.83118695309
118.77652664059,4.78631385866964,1552
118.707780851898,4.87029348186404,1565.57126913744
118.638293686192,4.95515036604992,1579.170417641
118.580838905152,5.02529153906433,1590.32581136295
118.522871702913,5.09603788432565,1601.5
118.391725742486,5.25601852630898,1626.48639000535
118.284734656961,5.386452463394,1646.57372505332
118.260968946804,5.41541541692228,1651
118.191525971414,5.50002336269667,1663.8601754062
118.121359795903,5.58547985525006,1676.74440637374
118.056197751296,5.6648119764962,1688.61198033775
117.990404782913,5.74488273399617,1700.5
117.850579920156,5.91495088051436,1725.4548124004
117.719605690725,6.07412760274183,1748.45502649824
117.710734301217,6.08490475141784,1750
117.637834750065,6.17344270468025,1762.63439076853
117.564171493748,6.26286806723398,1775.29117016255
117.493180921468,6.34901017212195,1787.3853461322
117.421472409719,6.43598438414055,1799.5
117.272176791805,6.61693468813907,1824.39975341869
117.199464950977,6.70499958992001,1836.37139519048
117.126015916881,6.79391418190438,1848.36269448377
117.124055635599,6.7962866241319,1848.68134029567
117.122094825924,6.79865967454131,1849
117.083639626355,6.84519335350319,1855.23500903794
117.044980761651,6.89196126044049,1861.47531612652
116.967045082619,6.98620706863051,1873.9718514899
116.88994191636,7.07939617989235,1886.22570701501
116.812024154288,7.17351871608244,1898.5
116.732959335692,7.26897367998949,1910.84442848281
116.653048966066,7.36539436251175,1923.2092043829
116.572278309385,7.4627960703842,1935.59437804998
116.49063225109,7.56119446267309,1948
116.412427395657,7.65538931702926,1959.77676083581
116.333408709028,7.75050782825777,1971.5719790383
116.328794544211,7.75606034445943,1972.25753325194
116.324177585295,7.76161602653589,1972.94314986794
116.282780564262,7.81142111638493,1979.07486614926
116.241158056658,7.8614814583934,1985.21157586195
116.199308052553,7.91179911116308,1991.35328510815
116.157228515611,7.96237615747518,1997.5
116.072120136016,8.06462003308248,2009.84502897631
115.9860662929,8.1679293391827,2022.2100063482
115.811052634972,8.37781481952798,2047
115.715262502623,8.49256338698348,2060.36870830591
115.63188299191,8.592370242183,2071.89234040359
115.451267646158,8.8083277265127,2096.5
115.251523295881,9.04676337904856,2123.16098513565
115.076941310477,9.25481608961222,2146
115.067684461169,9.26583849406227,2147.19913328747
114.879579252687,9.48961820016829,2171.31202186828
114.687039767895,9.71826700818387,2195.5
114.586694732745,9.83726521807091,2207.91232549126
114.485116092746,9.95760899812415,2220.34447117778
114.388556355858,10.0718960880702,2232.04013039989
114.280407167706,10.1997709575635,2245
114.070755641,10.4472666292055,2269.71064065429
113.855747051149,10.7005355735837,2294.5
113.766181079646,10.8058723128355,2304.66492071891
113.675660950834,10.9122299764754,2314.84316635167
113.635349997456,10.9595608144657,2319.34536379588
113.411594247579,11.2219086313286,2344
113.150529772772,11.5271872069119,2372.0612614952
112.946294748302,11.765389093702,2393.5
112.92559319664,11.7895026482091,2395.64836841572
112.89830010806,11.8212853873657,2398.47391666304
112.870921375088,11.8531578275407,2401.3004964165
112.815905113334,11.917173509052,2406.95675270202
112.760540633704,11.9815531361138,2412.61714179685
112.704824100257,12.0463001973545,2418.28166823218
112.582259785067,12.1885807028969,2430.63099049315
112.457966118883,12.3326578305117,2443
112.20348113528,12.6269772098381,2467.84827539613
112.074899907714,12.7753377929137,2480.16420665138
111.944434297087,12.9256312396717,2492.5
111.677885168409,13.2319244503678,2517.20988262419
111.403190404485,13.546485650325,2542
111.245039991876,13.7270775784506,2555.96968856544
111.084077690475,13.9104921007886,2569.96536136428
111.080181737725,13.9149266011449,2570.30136722411
111.076284114371,13.9193627709959,2570.63738807489
111.068483850748,13.9282401235656,2571.3094747533
111.052863220026,13.9460149109594,2572.65382804564
111.021541256842,13.9816450620042,2575.34325459725
110.958572200477,14.0532296625619,2580.72498936814
110.831314650644,14.1977122582497,2591.5
110.682921279778,14.3658740993727,2603.89554466347
110.532080916419,14.5364556492485,2616.31173760945
110.321963339132,14.7734727816088,2633.30425228385
110.225363750099,14.8822029325779,2641
110.068488606709,15.0584579594118,2653.34395023328
109.908904723237,15.2373470976231,2665.70856565713
109.746525927484,15.4189419535825,2678.09389820886
109.581261743574,15.6033173179344,2690.5
109.51479890033,15.6773381277494,2695.43330787115
109.363445686041,15.8456274619235,2706.54938086619
109.209595085212,16.0162990658046,2717.68249439006
108.894091346194,16.3650411351815,2740
108.822379535523,16.4440701332086,2744.97932763395
108.659952102618,16.6227428022371,2756.13924688407
108.494987406482,16.8037376438934,2767.30765889383
108.327409169284,16.987112743303,2778.48457336147
108.157137491127,17.1729286254203,2789.67
108.024182250563,17.3176641192462,2798.28585062775
107.701183830801,17.667965016638,2818.79348811137
107.368070840976,18.027262233788,2839.33
107.184510367339,18.2243862303204,2850.3872878975
106.856812632222,18.5747543098723,2869.68099414036
106.689122331322,18.7532742158842,2879.33733150893
106.51876562421,18.9340941099355,2889
106.516066282928,18.9369548578897,2889.1000846569
106.513365778998,18.9398167008787,2889.20017366278
106.507961278865,18.9455436757896,2889.40036472264
106.497138279116,18.9570108082523,2889.80079904268
106.475436037056,18.9799980202405,2890.60187654757
106.43180460285,19.0261859843048,2892.20486752515
106.343617718679,19.1194304136627,2895.41419742546
106.16341179273,19.3095135198018,2901.84628168333
105.977816888395,19.504635626407,2908.29632769777
105.786464995881,19.7051209049937,2914.76441081194
105.408351049043,20.0992102404974,2927.01472392131
105.004946897226,20.5165979749938,2939.33
104.555468807674,20.9778974953389,2952.17095087527
104.317082534462,21.2209318181439,2958.61750086836
104.068375636255,21.4732818618131,2965.08152815299
103.566290163418,21.978943865725,2977.33921702579
103.013146319466,22.5301301757388,2989.66
102.370224287659,23.1629330645001,3002.49571543133
101.629982450138,23.8809818816738,3015.39890143113
100.79554612205,24.6767506930218,3027.66381416945
99.7331272956925,25.6688270679857,3039.99
97.999785684935,27.236259623194,3052.81908434385
96.0944717210969,28.8857470217469,3057.45484320069
94.1281754158605,30.5075769272154,3052.81908434385
92.2269918402227,31.9987677626228,3039.99
91.0047171749303,32.9180657514339,3027.66381416945
90.0126221956305,33.6418984606185,3015.39890143113
89.1079178270965,34.2847384100294,3002.49571543133
88.3027638810988,34.8431830429627,2989.66
87.5952069015049,35.3234374882273,2977.33921702579
86.9407925857199,35.7589738167369,2965.08152815299
86.612262907308,35.974516577627,2958.61750086836
86.2946137237221,36.1809605852649,2952.17095087527
85.6882631107568,36.5697211671068,2939.33
85.1356872959316,36.9179803629652,2927.01472392131
84.6104407495551,37.2437414848025,2914.76441081194
84.3418993375403,37.4083223179732,2908.29632769777
84.0796677555642,37.5677576781951,2901.84628168333
83.8233716056829,37.7223694896601,2895.41419742546
83.6973425297636,37.7979583581327,2892.20486752515
83.6348404098618,37.8353384529903,2890.60187654757
83.60371538812,37.8539266946274,2889.80079904268
83.5881841344343,37.8631955812972,2889.40036472264
83.580426290702,37.8678237429482,2889.20017366278
83.5765493107375,37.8701362566903,2889.1000846569
83.572673623904,37.8724477269766,2889
83.5687976938713,37.8747590702087,2889.1000846569
83.5649199839239,37.8770712025863,2889.20017366278
83.5571592175566,37.8816978373672,2889.40036472264
83.541616251648,37.8909606052281,2889.80079904268
83.5104442066666,37.909524280533,2890.60187654757
83.4477525846588,37.9468053736883,2892.20486752515
83.3209539913953,38.0219922195588,2895.41419742546
83.0614837280715,38.1749457099058,2901.84628168333
82.7937481594261,38.3315052967751,2908.29632769777
82.5171749522966,38.4918891353506,2914.76441081194
81.9690922357209,38.8057142324372,2927.01472392131
81.3820905624026,39.1359711867183,2939.33
80.7253589289912,39.4983676550259,2952.17095087527
80.3759280572333,39.688169171233,2958.61750086836
80.0105535841835,39.8844071772619,2965.08152815299
79.2704574592814,40.2750050736642,2977.33921702579
78.4513650569484,40.696665483537,2989.66
77.4946102335909,41.1752933877808,3002.49571543133
76.3870635133536,41.7110215442448,3015.39890143113
75.1314131763743,42.295136573358,3027.66381416945
73.5226333067809,43.0084088909804,3039.99
70.8769695194307,44.0989014113946,3052.81908434385
67.9453018885779,45.1933696660947,3057.45484320069
64.9028684563542,46.2099675844996,3052.81908434385
61.9540332942479,47.0862325946136,3039.99
60.058798860458,47.5956022250642,3027.66381416945
58.5228050639456,47.9787446954593,3015.39890143113
57.1251000880884,48.3049638422234,3002.49571543133
55.8843899744008,48.577062656574,2989.66
54.7971036007178,48.8022766339035,2977.33921702579
53.7944028482593,48.9992041786809,2965.08152815299
53.2921954231979,49.0940054791782,2958.61750086836
52.807416788336,49.1831157532801,2952.17095087527
51.8843484219031,49.346330363107,2939.33
51.0459650458503,49.4873076723964,2927.01472392131
50.2517191460258,49.6145599292591,2914.76441081194
49.8467059079769,49.6771105611578,2908.29632769777
49.4519267127212,49.7365701959004,2901.84628168333
49.066786584557,49.7931482689061,2895.41419742546
48.8776612218401,49.8204163791917,2892.20486752515
48.7839320921655,49.8338049089346,2890.60187654757
48.7372726190717,49.8404389495568,2889.80079904268
48.7139937527104,49.8437410551204,2889.40036472264
48.7023669872964,49.8453883966775,2889.20017366278
48.6965567653433,49.8462111418203,2889.1000846569
48.6907486482122,49.8470332706963,2889
48.32339570829,49.8983859832635,2879.33733150893
47.9602633969503,49.9479033137728,2869.68099414036
47.2463090747776,50.0416691376418,2850.3872878975
46.8439172382091,50.0924309397499,2839.33
46.1092339550746,50.1812589273658,2818.79348811137
45.3914805322055,50.263263536303,2798.28585062775
45.0945233279839,50.2958189391375,2789.67
44.7129538891654,50.3364764374001,2778.48457336147
44.3360499647993,50.3753448820335,2767.30765889383
43.9637149134309,50.4124857743645,2756.13924688407
43.5958555663794,50.4479579623121,2744.97932763395
43.4330551583849,50.4632698022182,2740
42.7140065657596,50.5280693042241,2717.68249439006
42.3617530318775,50.5581357299174,2706.54938086619
42.0142028749452,50.5867231261337,2695.43330787115
41.8612714968614,50.5989639575345,2690.5
41.4801795153515,50.6285692320698,2678.09389820886
41.1046216482798,50.6564935899115,2665.70856565713
40.734467738604,50.6828040515107,2653.34395023328
40.3695925329913,50.7075644392684,2641
40.1444254559389,50.7222634037125,2633.30425228385
39.6534015561501,50.7527833987455,2616.31173760945
39.2998655423706,50.7734577676879,2603.89554466347
38.9512396873352,50.7927815208598,2591.5
38.6516311726043,50.8085460073552,2580.72498936814
38.5031661700303,50.8160696463403,2575.34325459725
38.4292648293154,50.8197435641702,2572.65382804564
38.3923964986641,50.8215587623758,2571.3094747533
38.3739828623414,50.8224609478963,2570.63738807489
38.364781169464,50.8229106905702,2570.30136722411
38.3555828907971,50.823359534444,2569.96536136428
37.9750949219977,50.8412851868201,2555.96968856544
37.6003973883878,50.8577163838404,2542
36.9476299551089,50.8834513049013,2517.20988262419
36.3119587736763,50.9049899202408,2492.5
36.0000464088307,50.9142896081407,2480.16420665138
35.6921588075081,50.9226509977633,2467.84827539613
35.0814424832144,50.9368331548704,2443
34.7825337084274,50.942610745968,2430.63099049315
34.4873972947211,50.9475655896883,2418.28166823218
34.3531076210935,50.9495735493322,2412.61714179685
34.2195915781477,50.9514171179517,2406.95675270202
34.0868424601059,50.9530990515483,2401.3004964165
34.0207534198652,50.9538802529545,2398.47391666304
33.9548536341854,50.9546220567153,2395.64836841572
33.9048577096176,50.9551600845501,2393.5
33.411092412994,50.9593269246087,2372.0612614952
32.7786237133196,50.9616226464088,2344
32.235456847402,50.9608679816734,2319.34536379588
32.1375021643727,50.9604637661915,2314.84316635167
31.9174341541574,50.9592568178056,2304.66492071891
31.6995454075123,50.9576543378147,2294.5
31.1759506788423,50.9521452882966,2269.71064065429
30.6647228602298,50.9445057911387,2245
30.4007648758018,50.9396865101926,2232.04013039989
30.1649649409491,50.9348772116556,2220.34447117778
29.9167858046919,50.9293013536726,2207.91232549126
29.6715041949226,50.9232723014409,2195.5
29.2005672464058,50.9102511994111,2171.31202186828
28.740141540483,50.8956811916855,2147.19913328747
28.7174758597319,50.8949169308607,2146
28.289886638442,50.8796717006251,2123.16098513565
27.8004256387952,50.8602893747999,2096.5
27.3576625094447,50.8409775057615,2071.89234040359
27.1532208768365,50.8314893660847,2060.36870830591
26.9183226260809,50.820141769166,2047
26.4890987943624,50.7981731402819,2022.2100063482
26.2780355889211,50.7867848959433,2009.84502897631
26.0692880373233,50.7751413497667,1997.5
25.966078678185,50.7692446986402,1991.35328510815
25.8634331871771,50.7632884312779,1985.21157586195
25.7613471001334,50.7572737421903,1979.07486614926
25.6598160001938,50.7512018055548,1972.94314986794
25.6484925047272,50.7505190563901,1972.25753325194
25.6371758934798,50.7498356069013,1971.5719790383
25.4433818007405,50.7379585899987,1959.77676083581
25.2515965538682,50.7258823834969,1948
25.0513898932641,50.7129334637108,1935.59437804998
24.8533514591857,50.6997802446885,1923.2092043829
24.6574473774112,50.6864312384334,1910.84442848281
24.463644476843,50.6728946697952,1898.5
24.2726843481513,50.6592345111818,1886.22570701501
24.0837545089893,50.6454045074483,1873.9718514899
23.8928224710777,50.6311091396815,1861.47531612652
23.7981285640406,50.6239002506705,1855.23500903794
23.7039440761141,50.6166517962581,1849
23.6991419499906,50.6162801293832,1848.68134029567
23.6943411464201,50.6159083616909,1848.36269448377
23.5144827237246,50.6018339319864,1836.37139519048
23.3364718610149,50.5876229548811,1824.39975341869
22.9711151648395,50.5575781660068,1799.5
22.7957045449623,50.5427333507642,1787.3853461322
22.6221014862586,50.5277726962765,1775.29117016255
22.4420193982965,50.511970732961,1762.63439076853
22.2638641650455,50.4960539128245,1750
22.2421880617959,50.4940980271033,1748.45502649824
21.922280143495,50.4647446519633,1725.4548124004
21.5809962953717,50.4324216703263,1700.5
21.420501102961,50.416860513663,1688.61198033775
21.2616057834731,50.4012267650432,1676.74440637374
21.0905780214998,50.3841457584906,1663.8601754062
20.9213868393819,50.366989144431,1651
20.8635012511534,50.3610601095118,1646.57372505332
20.6030181275243,50.3340054727997,1626.48639000535
20.2839880003105,50.3000341013279,1601.5
20.1430704892767,50.2847350554217,1590.32581136295
20.0034583558599,50.2693999257429,1579.170417641
19.8346894641288,50.2506255691551,1565.57126913744
19.6678109913196,50.2318064552443,1552
19.555931682778,50.219047450793,1542.83118695309
19.3709433437537,50.197700080583,1527.54507831142
19.0719386265075,50.1625330963174,1502.5
18.9540654242742,50.1484442699068,1492.51001140198
18.8371624644352,50.1343453118911,1482.53582354711
18.6652968091001,50.1133892894286,1467.75058586692
18.4955096089875,50.0924193664775,1453
18.3188317372483,50.0703157734976,1437.49595584382
18.2174533729537,50.0575022958081,1428.52728207025
18.0768609066156,50.0395748806837,1416.00091043435
17.9377048906018,50.0216500765397,1403.5
17.8127176188978,50.0053970051748,1392.1836683677
17.6888895253282,49.9891513466833,1380.88870621486
17.566205257038,49.9729148697515,1369.61505306817
17.4446497275398,49.9566892809667,1358.36264868231
17.3977608977001,49.9503935376928,1354
17.2063161359953,49.9244749527125,1336.05757999491
17.1226717862486,49.9130430952574,1328.15206802809
17.039568573751,49.9016202213874,1320.25731532995
16.9570014984549,49.8902068404877,1312.37329995064
16.8749656208726,49.8788034488235,1304.5
16.7483652444578,49.8610811379275,1292.27046329956
16.6855407889619,49.8522305446813,1286.16558487831
16.6230304758722,49.8433872801555,1280.0672855322
16.616837042866,49.8425090954625,1279.46176837359
16.6106466863346,49.8416309853733,1278.85631604003
16.5801361858117,49.837297748354,1275.86876266185
16.5497003249349,49.8329663579782,1272.88278717215
16.4890514839441,49.8243092130213,1266.91556486065
16.4286980850744,49.815659737821,1260.95463912357
16.3686380736401,49.8070181165141,1255
16.3471583699994,49.803919264409,1252.86486936871
16.2825912783156,49.7945779462104,1246.42905929664
16.250435899808,49.789911100921,1243.21398312205
16.2183655374627,49.7852468347685,1240.00079064521
16.186379870263,49.7805851745976,1236.78948021112
16.154478578783,49.7759261469447,1233.58005016674
16.13855947419,49.7735976284687,1231.97603977464
16.122661344459,49.7712697779351,1230.37249886094
16.1067841501047,49.7689425985754,1228.76942721957
16.0988533913366,49.767779261584,1227.96806731163
16.0909278516501,49.7666160935893,1227.16682464455
15.9840601526748,49.7508737110045,1216.32268603573
15.8781375028233,49.7351633908809,1205.5
15.7574957818502,49.7171398355635,1193.08182241803
15.6380807839525,49.6991628839377,1180.69249676883
15.5198747712452,49.6812338232721,1168.33192261882
15.4028603411336,49.6633538807675,1156
15.1745815282411,49.6280949405838,1131.66158906888
15.0578077177173,49.6098651289819,1119.06540313811
14.942237460958,49.5916940349085,1106.5
14.8309496703692,49.5740746414438,1094.30565081738
14.7207793929857,49.5565144582539,1082.1409665081
14.6076713847416,49.5383639962911,1069.5546440837
14.4957310829696,49.5202790074539,1057
14.38797781007,49.5027557446235,1044.82116506304
14.281309337501,49.4852978870754,1032.67290433428
14.1714997364,49.4672103949404,1020.07004160769
14.0628298119631,49.4491950557327,1007.5
13.9583699338901,49.4317691266957,995.323620858176
13.8549658425693,49.4144143900294,983.178802118096
13.7484527938531,49.3964285504585,970.572443581608
13.6430502723281,49.3785208720405,958
13.5923340474351,49.3698654725831,951.91554374812
13.5418764566806,49.3612291630948,945.839249902263
13.4417297581396,49.3440140002597,933.711083816563
13.3898727961166,49.3350610657377,927.395103104456
13.3382894343749,49.3261291109094,921.087941193903
13.2359353962958,49.3083283142418,908.5
13.1868079131758,49.2997476678915,902.423247724747
13.1379324532861,49.2911874018084,896.354941210249
13.0409303412692,49.2741281221751,884.243595131338
12.9905618650096,49.2652333685855,877.918955197763
12.9404614689655,49.2563610460907,871.60348931928
12.8410569082166,49.2386837888006,859
12.7933102974194,49.2301581029923,852.91138122816
12.7458103422712,49.2216540069693,846.831503704974
12.6515432520491,49.2047106293677,834.697897215213
12.6027690221871,49.1959093585193,828.384305116467
12.5542552869232,49.1871316047962,822.080138932514
12.4580015015974,49.1696466704237,809.5
12.3659152869336,49.1528322998261,797.373209296456
12.3202301314954,49.144459048882,791.323321138095
12.2747812964794,49.1361084125463,785.282411049003
12.1800697882131,49.118639997198,772.621532191134
12.1330972995808,49.1099431586976,766.3058592348
12.1097060226491,49.105604075483,763.151704332378
12.0863777378498,49.1012712137904,760
11.9954179489966,49.0843247167559,747.624980525305
11.9261915542006,49.0713716379065,738.10585056905
11.8581471753418,49.0585927769239,728.662576868828
11.7912570466253,49.0459852706208,719.29425629553
11.7254942424292,49.0335463039647,710
11.6826067624073,49.0254106903308,703.893262828064
11.6401933153545,49.0173467464935,697.818265601651
11.6394720685322,49.0172094609334,697.714649662011
11.5567600397261,49.0014308057618,685.762506287605
11.5553491243702,49.0011610511719,685.557420936635
11.5150281307587,48.9934435249881,679.679239165515
11.4751379152319,48.985792267107,673.830777988988
11.451554300185,48.9812611683658,670.357470241551
11.4281202769986,48.9767532322915,666.894602614602
11.4048345388664,48.9722683115539,663.442128107172
11.3932468695858,48.9700344356386,661.719773662561
11.3816957881941,48.967806258768,660
11.3037451312307,48.9527343858551,647.44308825296
11.2994953851643,48.9519109193371,646.754516626808
11.2273734494126,48.9379080058629,635.004994961893
11.21905009099,48.9362885746058,633.641205778202
11.1525370545786,48.9233221913602,622.6840416075
11.1403087397769,48.9209334467608,620.658098913648
11.0791938038331,48.9089721196882,610.478581138349
11.0763339093409,48.9084114539357,610
11.0632220705368,48.9058398874444,607.803266391352
11.0073030315475,48.894853071229,598.386997236882
11.003799029985,48.8941635537062,597.794365946859
10.9327035627137,48.8801463392813,585.703166460287
10.86300842821,48.8663551387318,573.724799718285
10.7840431960892,48.8506696042459,560
10.7452273779567,48.842935907985,553.192741540924
10.7146407062965,48.8368309291104,547.800018114301
10.6975083907461,48.833407200452,544.768301784382
10.6804621979206,48.8299976983591,541.743844590016
10.6635015349251,48.8266023484177,538.726620490491
10.6466258140991,48.8232210766483,535.716603569497
10.639710110976,48.8218345815207,534.480806121155
10.6362575971349,48.8211422205726,533.863362308618
10.6345326724579,48.8207962614764,533.554754032585
10.6328086351148,48.8204504498609,533.246221472873
10.625086474133,48.8189011459492,531.863248856533
10.6173820966245,48.8173548004823,530.481796516729
10.6135365590062,48.8165827349131,529.791639667362
10.6096954462288,48.8158114062835,529.101861948018
10.6058587513127,48.8150408137053,528.412463046378
10.6039420583604,48.8146557931553,528.067905554689
10.6029841251321,48.814463351767,527.895662281578
10.6020264672587,48.814270956285,527.723442650462
10.5838680158521,48.8106211043634,524.453026404614
10.579960771641,48.809835305224,523.748093657487
10.5356385025365,48.8009105314473,515.721110339925
10.5042372703245,48.7945753401244,510
10.4564147899931,48.7849076989297,501.231837635871
10.3999595543952,48.7734646171196,490.793867695779
10.3444819029636,48.7621877282217,480.443297181012
10.289958798369,48.7510739774137,470.179032946135
10.2363678950256,48.7401203738333,460
10.2107921475472,48.7348824257237,455.110153799645
10.185426724392,48.7296808827037,450.239855181777
10.1602692660884,48.7245154225804,445.388987165494
10.135317446981,48.7193857264427,440.55743370145
10.110568974637,48.7142914786283,435.745079662605
10.0860215892651,48.7092323666899,430.951810835079
10.0616730631459,48.7042080813622,426.177513909115
10.0375212000751,48.6992183165295,421.42207647015
10.0230149814987,48.6962184353764,418.556340878194
10.0085793714269,48.69323099305,415.697432495386
9.99421390091508,48.6902559235639,412.845326953464
9.98705732153547,48.6887730079185,411.421817664446
9.97991810299703,48.6872931609232,410
9.92885621297243,48.6766934392838,399.307878836069
9.87861012082001,48.6662366723718,388.697138499809
9.8291621157319,48.6559204152214,378.166853394176
9.78049497594199,48.6457422707223,367.716111905669
9.74482088340029,48.6382658282375,360
9.7325918996964,48.6356998776582,357.344016141245
9.69988863311092,48.6288302598388,350.213610508655
9.68543664252205,48.6257909418638,347.049681671167
9.65561944856074,48.6195133815625,340.49665633665
9.61200009556744,48.6103133013308,330.84840112145
9.56901757551876,48.6012281407255,321.268118876023
9.51887937422627,48.5906061423323,310
9.47571390534473,48.5814403271251,300.217481876511
9.43319080860734,48.5723918821658,290.505624974055
9.39129711738869,48.563458882965,280.863666446062
9.35002019745271,48.5546394419376,271.290854387338
9.3017372214097,48.5443004169979,260
9.26027020527634,48.5354014268709,250.221496159884
9.21942582052957,48.5266184337975,240.514923480173
9.17919140024692,48.5179494942011,230.879491175603
9.13955460443852,48.5093927029097,221.314420010072
9.11620266434531,48.5043437615509,215.644922069009
9.09305637503601,48.4993336293268,210
9.07093554250548,48.4945401992871,204.581591531031
9.04887590427712,48.4897549051213,199.16578174378
9.00493924933279,48.4802086781314,188.341950740003
8.98131632576509,48.4750676665945,182.501932901358
8.95776362632631,48.4699360868618,176.664936727765
8.91086771463281,48.4597011636743,165
8.90068919573274,48.4574766636456,162.460614540196
8.8609069164762,48.4487718243584,152.509498489537
8.82132512600002,48.440094279385,142.567164179106
8.79780087000672,48.4349292021209,136.638571687629
8.76487651320296,48.4276903849719,128.316210957766
8.73209056399948,48.4204706129302,120
8.70136107258791,48.4136933716655,112.178010498598
8.65675843362843,48.4038386972813,100.775120697231
8.63405565429711,48.3988145711196,94.9483509011809
8.61143331891535,48.3938028165062,89.126912393105
8.58889102733856,48.3888034004364,83.3107978594423
8.56642838200352,48.3838162899339,77.5
8.5460201523242,48.3792806574748,72.2074135776759
8.52567748636559,48.3747551991477,66.9192339716901
8.50540008845945,48.3702398900358,61.6354556803995
8.48518766466698,48.3657347052449,56.3560732113143
8.46476992190919,48.3611793517719,51.0103056534594
8.44441830676546,48.3566343448339,45.6690413893526
8.42413251865852,48.3520996585959,40.3322747310044
8.41401421593302,48.3498361775915,37.6655762291114
8.40896119616173,48.3487054012177,36.332647874741
8.40643621714943,48.3481402538879,35.6662888829499
8.40391225795095,48.3475752670633,35
8.39803118297263,48.3462585289661,33.125
8.39215399320798,48.3449422932808,31.25
8.38041125404834,48.3423113284915,27.5
8.37571849871473,48.3412595048005,26
8.36868400997892,48.3396823713851,23.75
8.36282618909557,48.3383686453025,21.875
8.35989872728089,48.337711970307,20.9375
8.35843535832295,48.3373836798117,20.46875
8.35697223058565,48.3370554206479,20
8.34954753699198,48.3353893067299,17.3283812080545
8.3421297150993,48.3337241489086,14.6567624161089
8.3319671488496,48.3314418980285,10.9925718120812
8.32181746660338,48.3291614430823,7.32838120805445
8.31168064402992,48.3268827825882,3.66419060402677
8.30661704753385,48.3257441247975,1.83209530201384
8.30408645165807,48.3251749639352,0.916047651006011
8.3028214541477,48.3248904255021,0.458023825503005
8.30155665685946,48.3246059150639,0
