154.76,-5.99,186.3
154.75756122426,-5.98547975165778,188.341950740003
154.744602699135,-5.96145981139829,199.16578174378
154.738098984068,-5.94940360868612,204.581591531031
154.731578888439,-5.93731643349381,210
154.724758566586,-5.92467203943912,215.644922069009
154.717879750314,-5.91191852978607,221.314420010072
154.706208708752,-5.89027856820622,230.879491175603
154.694367903993,-5.86832186721433,240.514923480173
154.682353975032,-5.8460421154336,250.221496159884
154.670163475831,-5.82343284087175,260
154.655977542071,-5.79712008622565,271.290854387338
154.643857134462,-5.77463634511524,280.863666446062
154.63156228979,-5.75182693212572,290.505624974055
154.619089587739,-5.72868541976273,300.217481876511
154.606435522195,-5.7052052183736,310
154.591746287494,-5.67794590919383,321.268118876023
154.579161092348,-5.65458879041894,330.84840112145
154.566396596646,-5.63089670106526,340.49665633665
154.557675224072,-5.6147077524729,347.049681671167
154.553449302418,-5.60686306332756,350.213610508655
154.543889418418,-5.58911591056868,357.344016141245
154.540315654476,-5.58248119016609,360
154.529893578393,-5.5631315451116,367.716111905669
154.515683349336,-5.53674646346757,378.166853394176
154.501254231377,-5.50995219931715,388.697138499809
154.486601619363,-5.48274008661992,399.307878836069
154.471720783843,-5.45510122414633,410
154.469643229053,-5.45124225374524,411.421817664446
154.46756082015,-5.44737421010295,412.845326953464
154.463381378855,-5.43961078807211,415.697432495386
154.459182335322,-5.43181072364124,418.556340878194
154.454963564476,-5.42397378154404,421.42207647015
154.447941402233,-5.41092864158962,426.177513909115
154.440864338876,-5.39778086024899,430.951810835079
154.433731789623,-5.38452933737432,435.745079662605
154.426543161718,-5.37117295774344,440.55743370145
154.419297854302,-5.35771059080611,445.388987165494
154.411995258274,-5.34414109042526,450.239855181777
154.404634756152,-5.33046329461294,455.110153799645
154.397215721931,-5.31667602526096,460
154.381678155505,-5.28779927842302,470.179032946135
154.365881590818,-5.25843802204677,480.443297181012
154.349820119515,-5.2285811333458,490.793867695779
154.333487659896,-5.19821716156533,501.231837635871
154.319662128019,-5.1725112470458,510
154.310588717021,-5.15563968787275,515.721110339925
154.297788119148,-5.13183586641366,523.748093657487
154.296660034856,-5.12973799835066,524.453026404614
154.291418155155,-5.11998960866828,527.723442650462
154.291141738464,-5.11947554362949,527.895662281578
154.290865245763,-5.11896133628483,528.067905554689
154.290312032216,-5.11793249446514,528.412463046378
154.289204691748,-5.11587310080823,529.101861948018
154.288096131915,-5.11381142423883,529.791639667362
154.286986350887,-5.11174746130907,530.481796516729
154.284763117974,-5.10761266266872,531.863248856533
154.282534978232,-5.10346867704599,533.246221472873
154.282037558048,-5.10254354623753,533.554754032585
154.281539893076,-5.10161795710859,533.863362308618
154.280543828124,-5.09976540266295,534.480806121155
154.278548753596,-5.09605478038792,535.716603569497
154.273681123617,-5.08700131089622,538.726620490491
154.268790074788,-5.0779039905622,541.743844590016
154.263875453276,-5.06876252953805,544.768301784382
154.258937103955,-5.05957663552212,547.800018114301
154.250123313859,-5.0431812381832,553.192741540924
154.238943292192,-5.02238281905643,560
154.216216577059,-4.98009918311322,573.724799718285
154.196177242085,-4.94281032598587,585.703166460287
154.175753945771,-4.90480206173327,597.794365946859
154.174747852824,-4.90292956945906,598.386997236882
154.158698171598,-4.87305704711941,607.803266391352
154.154936540175,-4.86605525826648,610
154.154116155045,-4.86452819565234,610.478581138349
154.136592061202,-4.83190700820633,620.658098913648
154.133087376028,-4.82538258783952,622.6840416075
154.114034147738,-4.78991005862758,633.641205778202
154.111651000962,-4.78547291570449,635.004994961893
154.091011716085,-4.74704221558935,646.754516626808
154.089796155077,-4.744778667271,647.44308825296
154.067511587983,-4.70327861921701,660
154.064219998443,-4.69714828554871,661.719773662561
154.060918501313,-4.69099937597445,663.442128107172
154.054285622018,-4.67864552305161,666.894602614602
154.04761261882,-4.66621643570259,670.357470241551
154.040899158423,-4.65371148531425,673.830777988988
154.029548640466,-4.63256807973554,679.679239165515
154.01808177661,-4.6112064806533,685.557420936635
154.017680640539,-4.61045917839639,685.762506287605
153.994178226859,-4.56667188867068,697.714649662011
153.993973401975,-4.56629025298181,697.818265601651
153.981932032425,-4.54385360810372,703.893262828064
153.969763091246,-4.52117763755177,710
153.951117146974,-4.48642907992045,719.29425629553
153.932168511486,-4.45111255426195,728.662576868828
153.912910394382,-4.41521524619491,738.10585056905
153.893335807107,-4.37872396623156,747.624980525305
153.867643478225,-4.33082171824527,760
153.861059091863,-4.31854429230765,763.151704332378
153.854458646539,-4.30623646656268,766.3058592348
153.841209356146,-4.28152919184367,772.621532191134
153.814515597382,-4.231745147235,785.282411049003
153.801716123102,-4.20787143847869,791.323321138095
153.788856580321,-4.1838840044704,797.373209296456
153.762955679771,-4.13556490146222,809.5
153.735910573465,-4.08510405225292,822.080138932514
153.722290115497,-4.05968820369836,828.384305116467
153.708603787675,-4.03414759925175,834.697897215213
153.682172480293,-3.98481789302883,846.831503704974
153.66886433308,-3.95997785083645,852.91138122816
153.655493974987,-3.93501997423363,859
153.627680048826,-3.88309544146986,871.60348931928
153.613672947843,-3.85694346193058,877.918955197763
153.59959847574,-3.83066384432343,884.243595131338
153.572514494943,-3.78008791117073,896.354941210249
153.558878573248,-3.75462198232211,902.423247724747
153.545179476587,-3.72903636078967,908.5
153.516661131096,-3.67576757807079,921.087941193903
153.502300401066,-3.6489407305946,927.395103104456
153.487871349247,-3.62198440939477,933.711083816563
153.460028008548,-3.56996237026019,945.839249902263
153.44601054926,-3.54376982520205,951.91554374812
153.431928667864,-3.51745519678411,958
153.402686270051,-3.46280489955626,970.572443581608
153.373168102336,-3.40763191259918,983.178802118096
153.344542444242,-3.35412022617934,995.323620858176
153.315655267203,-3.30011288062395,1007.5
153.285636437861,-3.24398269621505,1020.07004160769
153.255336311838,-3.1873193113746,1032.67290433428
153.225935010709,-3.13232997436586,1044.82116506304
153.196266619998,-3.07683440903812,1057
153.165479123212,-3.01923854468339,1069.5546440837
153.134405137018,-2.96109965309342,1082.1409665081
153.104171532714,-2.90452640731712,1094.30565081738
153.073664420665,-2.84743480862488,1106.5
153.0420183959,-2.7882049962215,1119.06540313811
153.01007879802,-2.72841881352949,1131.66158906888
152.947744320781,-2.61171850033175,1156
152.915844683436,-2.5519875206446,1168.33192261882
152.883656079422,-2.49170903345949,1180.69249676883
152.851174630646,-2.43087575489674,1193.08182241803
152.818396387018,-2.36948027003469,1205.5
152.789647639241,-2.31562713125444,1216.32268603573
152.76067093335,-2.26134224167905,1227.16682464455
152.758523095381,-2.25731830123406,1227.96806731163
152.756373999852,-2.25329197929717,1228.76942721957
152.752072031766,-2.24523218281171,1230.37249886094
152.747765020322,-2.23716283579934,1231.97603977464
152.743452956753,-2.22908392184122,1233.58005016674
152.734813638253,-2.21289732756496,1236.78948021112
152.726154005522,-2.19667226752619,1240.00079064521
152.717473987663,-2.18040860899468,1243.21398312205
152.708773513434,-2.16410621862125,1246.42905929664
152.691310910669,-2.13138470863113,1252.86486936871
152.685503855822,-2.12050306779392,1255
152.669272585211,-2.09008692237991,1260.95463912357
152.652970902455,-2.05953747511525,1266.91556486065
152.636598352343,-2.02885387516496,1272.88278717215
152.628385358075,-2.01346149893951,1275.86876266185
152.620154474408,-1.99803526213613,1278.85631604003
152.618484763325,-1.99490586647565,1279.46176837359
152.616814315118,-1.99177507567895,1280.0672855322
152.599959665598,-1.96018496380194,1286.16558487831
152.58302979248,-1.92845249197027,1292.27046329956
152.548942376428,-1.86455673764097,1304.5
152.526874431054,-1.82318825355966,1312.37329995064
152.504679671845,-1.78157985418879,1320.25731532995
152.482357007148,-1.73972950559198,1328.15206802809
152.459905332212,-1.69763515038584,1336.05757999491
152.408579352659,-1.60139695350435,1354
152.396021469022,-1.57784884028222,1358.36264868231
152.363489633926,-1.51684344777118,1369.61505306817
152.330689871334,-1.45533164639091,1380.88870621486
152.29761885411,-1.39330726163893,1392.1836683677
152.286789630782,-1.37299633532167,1395.86666281746
152.264273197199,-1.33076401618095,1403.5
152.227188368192,-1.26120331744886,1416.00091043435
152.189764142108,-1.19100170067667,1428.52728207025
152.162805170689,-1.14042861422361,1437.49595584382
152.115875607982,-1.0523873494626,1453
152.07083966177,-0.967893222415534,1467.75058586692
152.025314888644,-0.882477098056761,1482.53582354711
151.994384547928,-0.824441281305274,1492.51001140198
151.963226440636,-0.765976143945645,1502.5
151.884317578262,-0.61790355899677,1527.54507831142
151.835589563912,-0.526460523740564,1542.83118695309
151.806152768532,-0.471217889191775,1552
151.762291407662,-0.388903537784588,1565.57126913744
151.717989086381,-0.305759778872147,1579.170417641
151.681382572757,-0.237057891794406,1590.32581136295
151.644472059172,-0.167784680160206,1601.5
151.561048648741,-0.0112149126518443,1626.48639000535
151.493076657737,0.116355762517587,1646.57372505332
151.477988747636,0.144672811328907,1651
151.433924193291,0.227372819684859,1663.8601754062
151.389434181174,0.310870224954606,1676.74440637374
151.348147339341,0.388354684384564,1688.61198033775
151.306490376841,0.466532117207368,1700.5
151.218059146468,0.632483619095476,1725.4548124004
151.13534846512,0.787688938962866,1748.45502649824
151.129750478055,0.798193027708551,1750
151.083770534983,0.884467612995516,1762.63439076853
151.037346722714,0.971570404974444,1775.29117016255
150.992643400938,1.05544028070765,1787.3853461322
150.947524123898,1.14008530925338,1799.5
150.853703666829,1.31607643462984,1824.39975341869
150.808067522432,1.40167201453394,1836.37139519048
150.762007127347,1.48805607553476,1848.36269448377
150.760778352191,1.49036048055039,1848.68134029567
150.759549273462,1.49266544936833,1849
150.735450294952,1.53785865720678,1855.23500903794
150.711234419215,1.58326888240999,1861.47531612652
150.662448399573,1.67474669898963,1873.9718514899
150.614226842214,1.76515651957695,1886.22570701501
150.565539795507,1.85642888957207,1898.5
150.516181330731,1.94894896013102,1910.84442848281
150.466341540229,2.04235946871626,1923.2092043829
150.416012946181,2.13667351134732,1935.59437804998
150.365187901794,2.23190445643536,1948
150.316551441903,2.32302146289917,1959.77676083581
150.267455192671,2.41498623312643,1971.5719790383
150.264589742808,2.42035322420795,1972.25753325194
150.261722717511,2.42572311749591,1972.94314986794
150.236023265235,2.47385559963058,1979.07486614926
150.210196814681,2.52222191631325,1985.21157586195
150.18424236253,2.57082380797366,1991.35328510815
150.158158893934,2.61966303338805,1997.5
150.105444465844,2.71835325054837,2009.84502897631
150.052200345494,2.81801642224175,2022.2100063482
149.944088660936,3.02032085761767,2047
149.885015758978,3.13082526589301,2060.36870830591
149.833654243563,3.22688279993051,2071.89234040359
149.722581732579,3.43454152536472,2096.5
149.600044433381,3.66351462830438,2123.16098513565
149.493203350327,3.86304887571826,2146
149.487545140726,3.87361309300109,2147.19913328747
149.372716417229,4.08793896457245,2171.31202186828
149.255478808681,4.30662589241867,2195.5
149.194499208665,4.42031670413023,2207.91232549126
149.132854807534,4.5352064652405,2220.34447117778
149.074335822611,4.64423260837211,2232.04013039989
149.008885877876,4.76612608191502,2245
148.882289946669,5.00175605210715,2269.71064065429
148.752849105839,5.24248076273127,2294.5
148.699045766384,5.34247847508075,2304.66492071891
148.6447401977,5.44337178055525,2314.84316635167
148.620579580064,5.48824694234871,2319.34536379588
148.486730318715,5.7367127230315,2344
148.331126690761,6.02524971505659,2372.0612614952
148.209824647191,6.2499387366657,2393.5
148.197550546356,6.27266201630588,2395.64836841572
148.181374285681,6.30260597653431,2398.47391666304
148.165154143502,6.33262719519611,2401.3004964165
148.132581417842,6.39290267988687,2406.95675270202
148.099830755452,6.45349104644202,2412.61714179685
148.06690052266,6.51439489817436,2418.28166823218
147.994562899791,6.64812238455299,2430.63099049315
147.921348411563,6.78338615431344,2443
147.771902705394,7.05921563334322,2467.84827539613
147.696630062606,7.19800360762519,2480.16420665138
147.62041821301,7.33842431129571,2492.5
147.465231962391,7.62404027461571,2517.20988262419
147.306043310687,7.91656955557168,2542
147.214739554771,8.08413843891726,2555.96968856544
147.122075870749,8.25404024740999,2569.96536136428
147.119836343913,8.25814443304074,2570.30136722411
147.117596014188,8.26224999222401,2570.63738807489
147.113112944108,8.27046523424845,2571.3094747533
147.104137147624,8.28691223399336,2572.65382804564
147.086146818603,8.31987246530249,2575.34325459725
147.050010324091,8.38605921583391,2580.72498936814
146.977106751055,8.51950888923614,2591.5
146.892310568165,8.67459367793002,2603.89554466347
146.806356548352,8.8316463423889,2616.31173760945
146.687032789529,9.04941671108224,2633.30425228385
146.632335970403,9.14913996358387,2641
146.543728496785,9.3105528882879,2653.34395023328
146.453871508365,9.47406754321787,2665.70856565713
146.362734144534,9.63972982295023,2678.09389820886
146.270284379206,9.80758715965062,2690.5
146.233192843592,9.87487816982968,2695.43330787115
146.148916476512,10.0276537090967,2706.54938086619
146.063523398111,10.1822851430395,2717.68249439006
145.889281965229,10.4972692239301,2740
145.849841823184,10.5684656049257,2744.97932763395
145.760721921648,10.7292027899356,2756.13924688407
145.670513483263,10.8917036185977,2767.30765889383
145.579192162214,11.0560018986774,2778.48457336147
145.4867327739,11.222132453572,2789.67
145.41476989216,11.351283315703,2798.28585062775
145.240807784902,11.6629339942147,2818.79348811137
145.062698539018,11.9811825597527,2839.33
144.965125654057,12.1551637470199,2850.3872878975
144.791964729783,12.4632795051751,2869.68099414036
144.703871457884,12.6197076518527,2879.33733150893
144.614740494889,12.7777546863537,2889
144.613553393032,12.7798581263728,2889.1000846569
144.612365998383,12.7819620448397,2889.20017366278
144.609990330183,12.786171317917,2889.40036472264
144.605235474438,12.7945956142676,2889.80079904268
144.595711655634,12.8114672528389,2890.60187654757
144.576607348007,12.8453030760064,2892.20486752515
144.538170105556,12.913347836812,2895.41419742546
144.460365189789,13.0509537514679,2901.84628168333
144.381288205217,13.1906288326746,2908.29632769777
144.300899852663,13.3324319580906,2914.76441081194
144.145544281487,13.6059315870032,2927.01472392131
143.985076207751,13.887668655684,2939.33
143.812924759964,14.1890421468372,2952.17095087527
143.724549496468,14.3433973190496,2958.61750086836
143.634570265706,14.5003021985352,2965.08152815299
143.460030148751,14.8039312873086,2977.33921702579
143.279141730491,15.1175705154061,2989.66
143.084500081593,15.4538626096293,3002.49571543133
142.882017868741,15.8023668912758,3015.39890143113
142.682727347821,16.1440278011893,3027.66381416945
142.475205135428,16.4983553683347,3039.99
142.250893689291,16.8796647880996,3052.81908434385
142.016144950711,17.276813464093,3065.71352997519
141.783221399786,17.6689207618163,3077.98700900047
141.538924097957,18.0780525726461,3090.32
141.272772142729,18.5212750975331,3103.14955388861
140.991567743326,18.9866783085832,3116.04247592231
140.709326159786,19.4507722638718,3128.32235675033
140.409698971741,19.94008885822,3140.66
140.078854140317,20.4763041153142,3153.48051912725
139.723193379273,21.047893820051,3166.3623986169
139.358305149408,21.6290233659581,3178.6481624524
138.96129950838,22.2551375850862,3190.99
138.002151704282,23.7408161275088,3216.69183982688
137.452306862499,24.5750073161911,3228.97873402073
136.80532492954,25.5400010299086,3241.32
134.82343211577,28.3830274214903,3266.37483646147
132.689763493492,31.2518013059266,3274.8444174737
130.423188421739,34.0831365084607,3266.37483646147
128.050209139109,36.8157492915511,3241.32
127.211784114322,37.7265578684566,3228.97873402073
126.472242598752,38.5069693208262,3216.69183982688
125.119015190082,39.8806393814327,3190.99
124.534074451238,40.4532002675684,3178.6481624524
123.982993772177,40.981185098725,3166.3623986169
123.433037419354,41.4972232565071,3153.48051912725
122.909753441815,41.9783225328699,3140.66
122.425836977617,42.4147679219766,3128.32235675033
121.961070706547,42.8264101441481,3116.04247592231
121.489185765887,43.2369250685186,3103.14955388861
121.034253122775,43.6257121461722,3090.32
120.609406661595,43.9826939909946,3077.98700900047
120.197724151964,44.3230830088384,3065.71352997519
119.776151649488,44.6660887299364,3052.81908434385
119.366952309064,44.9937236972566,3039.99
118.982734511038,45.2966685463133,3027.66381416945
118.608560994149,45.5873900224198,3015.39890143113
118.223094465159,45.8825053288766,3002.49571543133
117.847436664721,46.1658917693574,2989.66
117.493755735748,46.428943986153,2977.33921702579
117.148255669866,46.6824404802091,2965.08152815299
116.968500303836,46.8129863902237,2958.61750086836
116.790851453102,46.9411076173014,2952.17095087527
116.441646489101,47.1903854171589,2939.33
116.112348836719,47.4223635345906,2927.01472392131
115.79001303446,47.646569055506,2914.76441081194
115.621844187468,47.7624264222726,2908.29632769777
115.45549514574,47.8762839807362,2901.84628168333
115.290922820691,47.9881998050947,2895.41419742546
115.209289909551,48.0434470489978,2892.20486752515
115.168634579126,48.0708959543988,2890.60187654757
115.148346927285,48.0845770891199,2889.80079904268
115.138213071556,48.0914068716635,2889.40036472264
115.133148632116,48.0948190722869,2889.20017366278
115.130617033988,48.0965245006292,2889.1000846569
115.12808585006,48.098229481255,2889
115.125554498245,48.0999344062931,2889.1000846569
115.123022396301,48.1016396678212,2889.20017366278
115.117955940513,48.1050512008292,2889.40036472264
115.107814010725,48.1118783100414,2889.80079904268
115.087493993136,48.1255487284195,2890.60187654757
115.046708640752,48.1529545833294,2892.20486752515
114.964551123354,48.2080281285151,2895.41419742546
114.797843461245,48.3192369247975,2901.84628168333
114.62785586192,48.4318896835903,2908.29632769777
114.454476031944,48.5460214954201,2914.76441081194
114.117769334794,48.7654676945765,2927.01472392131
113.767711668918,48.9905690750148,2939.33
113.389599181526,49.2302683648075,2952.17095087527
113.194459114559,49.3525922258231,2958.61750086836
112.995056983137,49.4766248402866,2965.08152815299
112.606187404468,49.7157379073569,2977.33921702579
112.200287340245,49.9614615549705,2989.66
111.76024511232,50.2234671179058,3002.49571543133
111.298870226017,50.4933528589599,3015.39890143113
110.841180557669,50.7562888476357,3027.66381416945
110.360810033319,51.0272085103494,3039.99
109.83725340652,51.316705256808,3052.81908434385
109.284541330802,51.6159091094219,3065.71352997519
108.731299280295,51.908935509612,3077.98700900047
108.145900399852,52.212098658804,3090.32
107.502175522385,52.5374620225154,3103.14955388861
106.815344856471,52.875583362494,3116.04247592231
106.119120273638,53.2090502263665,3128.32235675033
105.37256747859,53.5565108809859,3140.66
104.539442736576,53.9322471445414,3153.48051912725
103.633700481746,54.3267792517743,3166.3623986169
102.693763818691,54.7213217394898,3178.6481624524
101.659076358271,55.1386964893575,3190.99
99.1098342748516,56.0951487481682,3216.69183982688
97.6186661285911,56.6098999614257,3228.97873402073
95.8384325822534,57.1839293392982,3241.32
90.2383130551582,58.7277153799259,3266.37483646147
84.0391215473269,60.0300547734713,3274.8444174737
77.3952440912366,61.0201707317966,3266.37483646147
70.5407161144355,61.6558994784129,3241.32
68.1744647453637,61.7911918217703,3228.97873402073
66.1198578993744,61.8749157290367,3216.69183982688
62.4521236257303,61.9476116246842,3190.99
60.9074883337867,61.9490072950076,3178.6481624524
59.4765076255058,61.9348730674076,3166.3623986169
58.0728266934797,61.906561147935,3153.48051912725
56.7605417635176,61.8670964759152,3140.66
55.5677093872375,61.8202631354429,3128.32235675033
54.4411729565532,61.7663792224293,3116.04247592231
53.3167810696925,61.7031688894018,3103.14955388861
52.251473602385,61.6345077586779,3090.32
51.2733001236518,61.5638687064099,3077.98700900047
50.3408673684377,61.4896923130224,3065.71352997519
49.401802436021,61.4081643130148,3052.81908434385
48.5055551807382,61.3238911910537,3039.99
47.6776776580699,61.240370467719,3027.66381416945
46.8841097410567,61.1551311433772,3015.39890143113
46.0796009450347,61.0634761212501,3002.49571543133
45.3081932867403,60.9705732100354,2989.66
44.5932305395778,60.8800235396919,2977.33921702579
43.9053217054065,60.7888120222362,2965.08152815299
43.5515013960855,60.7403198925137,2958.61750086836
43.2045562290824,60.6917198978744,2952.17095087527
42.5304217935727,60.5942877944221,2939.33
41.9041818752523,60.500190576372,2927.01472392131
41.299988527612,60.4060887946726,2914.76441081194
40.9881974878852,60.3562399939895,2908.29632769777
40.6820763371847,60.3064372056735,2901.84628168333
40.3814588480359,60.2566945865235,2895.41419742546
40.2331638611755,60.2318499744351,2892.20486752515
40.1595113354603,60.21943503806,2890.60187654757
40.1228077766786,60.2132294963445,2889.80079904268
40.1044865448644,60.2101272174379,2889.40036472264
40.095333549876,60.2085762022534,2889.20017366278
40.0907589556193,60.2078007258878,2889.1000846569
40.086185629431,60.2070252704007,2889
39.7432108551539,60.1483158691703,2879.33733150893
39.4050247507358,60.089349218562,2869.68099414036
38.7426468835333,59.9707258363887,2850.3872878975
38.3708419021776,59.9023049964332,2839.33
37.6949102275067,59.7744917425738,2818.79348811137
37.0382779627808,59.6460367271828,2798.28585062775
36.7677092004629,59.5918596985659,2789.67
36.4210084857245,59.5213638963633,2778.48457336147
36.0796206646948,59.4507593442245,2767.30765889383
35.743430535233,59.3800666512583,2756.13924688407
35.412325984978,59.3093054089094,2744.97932763395
35.2661257017124,59.2776986203872,2740
34.6226995518515,59.1359363059442,2717.68249439006
34.3088590098373,59.0652006609949,2706.54938086619
34.0001023154618,58.99458257149,2695.43330787115
33.864524501017,58.9632490841681,2690.5
33.5274371574164,58.8844803374155,2678.09389820886
33.1963163489866,58.8058967845909,2665.70856565713
32.871009504456,58.7275154217166,2653.34395023328
32.5513690569105,58.649352108129,2641
32.3546289290324,58.6006723850602,2633.30425228385
31.9269613196086,58.4933425908162,2616.31173760945
31.6202072434894,58.4150715187718,2603.89554466347
31.3186742149659,58.3370748377267,2591.5
31.0603029524907,58.2694013547839,2580.72498936814
30.9325355016959,58.2356472109464,2575.34325459725
30.8690019094072,58.218791164103,2572.65382804564
30.8373221021791,58.2103684424914,2571.3094747533
30.8215038781893,58.206158412744,2570.63738807489
30.8136001776774,58.2040537313302,2570.30136722411
30.8057000816199,58.2019492724876,2569.96536136428
30.4795007764489,58.1144092782363,2555.96968856544
30.1593924031208,58.0272700630565,2542
29.6044074284659,57.8732620005193,2517.20988262419
29.0672432706421,57.7206076255704,2492.5
28.8048542938107,57.6447382680228,2480.16420665138
28.5466185914867,57.5692262556317,2467.84827539613
28.0366466433929,57.4176182977876,2443
27.7881401354016,57.3425325274594,2430.63099049315
27.5434755441324,57.2678260775246,2418.28166823218
27.432382942424,57.2336471945107,2412.61714179685
27.3220740547212,57.1995494530625,2406.95675270202
27.2125407874573,57.1655331773606,2401.3004964165
27.1580625082589,57.1485556848784,2398.47391666304
27.1037751482832,57.1315986731298,2395.64836841572
27.0626124277046,57.1187152245216,2393.5
26.6571614738936,56.9906089323587,2372.0612614952
26.1406657609273,56.8242154861449,2344
25.6996434496264,56.6792552253966,2319.34536379588
25.6203592157058,56.6529105322558,2314.84316635167
25.4425143899764,56.5934980164801,2304.66492071891
25.2668085897559,56.5343661062419,2294.5
24.8461141570479,56.3910180649737,2269.71064065429
24.4374368782134,56.2493498745541,2245
24.2272290936112,56.1755435768048,2232.04013039989
24.0399051845505,56.1092304821639,2220.34447117778
23.8432141433418,56.039048398312,2207.91232549126
23.6492887982594,55.9692949327133,2195.5
23.278257367798,55.8342796927951,2171.31202186828
22.9171542372117,55.700891415309,2147.19913328747
22.899419843107,55.6942895900715,2146
22.5655923613297,55.5691222141606,2123.16098513565
22.1851607713739,55.4243878569294,2096.5
21.8425772448877,55.292121504412,2071.89234040359
21.6848870800473,55.2306183295595,2060.36870830591
21.5040888450172,55.159616559674,2047
21.1747753636597,55.0289468661886,2022.2100063482
21.0133388070741,54.9642508808251,2009.84502897631
20.8539943935694,54.899977974289,1997.5
20.7753285351276,54.8680945817372,1991.35328510815
20.6971693209608,54.8363160903699,1985.21157586195
20.6195119483553,54.8046422110319,1979.07486614926
20.5423516745966,54.7730726517377,1972.94314986794
20.533750817803,54.7695475848267,1972.25753325194
20.5251561164582,54.7660238192635,1971.5719790383
20.3781175737038,54.7055495763833,1959.77676083581
20.2328695767299,54.6454589409515,1948
20.0815252609169,54.5824711946708,1935.59437804998
19.932101913083,54.5199054900503,1923.2092043829
19.7845637517622,54.4577592103355,1910.84442848281
19.6388758722327,54.3960297088433,1898.5
19.4955843709207,54.3349622731743,1886.22570701501
19.354068547136,54.2743059275242,1873.9718514899
19.2113068474686,54.2127657356442,1861.47531612652
19.1405976667928,54.1821545056448,1855.23500903794
19.0703307669288,54.1516486998418,1849
19.0667497635547,54.1500917351174,1848.68134029567
19.0631699064241,54.1485350454941,1848.36269448377
18.9291684112466,54.0901040738011,1836.37139519048
18.7967636393658,54.0320606109801,1824.39975341869
18.5256933793912,53.9122656212163,1799.5
18.3958747705893,53.8544330180361,1787.3853461322
18.267599800828,53.7969926685791,1775.29117016255
18.1347530667901,53.7371941209573,1762.63439076853
18.003542925414,53.6778201506124,1750
17.9875931788854,53.6705815068964,1748.45502649824
17.7525634603582,53.5633798046545,1725.4548124004
17.5025800437031,53.4482496880818,1700.5
17.3852867276926,53.3938336517863,1688.61198033775
17.2693293022127,53.3397869767826,1676.74440637374
17.1447025416286,53.2814208079881,1663.8601754062
17.0216016343217,53.2234844145191,1651
16.9795276457151,53.20361751165,1646.57372505332
16.7904640677444,53.1139322633412,1626.48639000535
16.5595001314115,53.003452494717,1601.5
16.457688973382,52.9544291197547,1590.32581136295
16.3569452681931,52.9057242671185,1579.170417641
16.2353267292336,52.8466673291763,1565.57126913744
16.115246901885,52.7880772747434,1552
16.0348403098914,52.7486885098899,1542.83118695309
15.9020622592626,52.683368950821,1527.54507831142
15.687896410047,52.5772837704509,1502.5
15.6036199070568,52.5352906489931,1492.51001140198
15.5201213064755,52.4935466382769,1482.53582354711
15.3975170039871,52.4320015296263,1467.75058586692
15.2765720304648,52.370995919411,1453
15.1509039668768,52.3072977791191,1437.49595584382
15.0788801581683,52.2706475654568,1428.52728207025
14.9790990017116,52.2196997946297,1416.00091043435
14.8804537987308,52.1691339721179,1403.5
14.8206724405619,52.1383937284858,1395.86666281746
14.7919508785236,52.1235989155763,1392.1836683677
14.7043600839688,52.0783759830631,1380.88870621486
14.6176677163976,52.0334624461828,1369.61505306817
14.5318603493306,51.9888556004879,1358.36264868231
14.4987842053393,51.9716205782592,1354
14.3638692188851,51.9010864952542,1336.05757999491
14.3049903395126,51.8701863555366,1328.15206802809
14.2465325803566,51.8394360466485,1320.25731532995
14.1884915529172,51.8088346313202,1312.37329995064
14.1308629292834,51.7783811784545,1304.5
14.0420045804929,51.7312885839534,1292.27046329956
13.9979434328829,51.7078759918563,1286.16558487831
13.9541250137698,51.6845519573045,1280.0672855322
13.9497847626205,51.6822394955729,1279.46176837359
13.945446886246,51.6799279032492,1278.85631604003
13.9240699268406,51.6685306444066,1275.86876266185
13.9027505528187,51.657154506358,1272.88278717215
13.8602836604422,51.6344653907181,1266.91556486065
13.8180444108119,51.6118601489602,1260.95463912357
13.7760310272933,51.5893383774622,1255
13.7610104348664,51.5812773467078,1252.86486936871
13.7158748516427,51.5570258798366,1246.42905929664
13.6934054290842,51.544936890476,1243.21398312205
13.6710012171703,51.5328723116295,1240.00079064521
13.6486619403408,51.5208320788632,1236.78948021112
13.626387324581,51.5088161279311,1233.58005016674
13.615274179157,51.5028172380003,1231.97603977464
13.6041770969401,51.4968243945211,1230.37249886094
13.5930960441083,51.4908375895156,1228.76942721957
13.5875615181389,51.4878464489347,1227.96806731163
13.5820309868755,51.4848568149858,1227.16682464455
13.5074918696887,51.4444995892268,1216.32268603573
13.4336749353776,51.404416286447,1205.5
13.3496764430407,51.358662159262,1193.08182241803
13.2666115182915,51.3132673008291,1180.69249676883
13.1844651344934,51.2682280071511,1168.33192261882
13.1032225846171,51.2235406174922,1156
12.9449452342981,51.1360683870799,1131.66158906888
12.8640895668105,51.0911724397742,1119.06540313811
12.784139943005,51.0466387676369,1106.5
12.7072208806096,51.0036606286684,1094.30565081738
12.6311396397043,50.9610223659922,1082.1409665081
12.5530971636991,50.9171520580332,1069.5546440837
12.4759274912931,50.8736396471886,1057
12.4017070407967,50.8316652884517,1044.82116506304
12.328294145486,50.7900268372718,1032.67290433428
12.2527819315973,50.7470720038528,1020.07004160769
12.1781156661139,50.7044727076182,1007.5
12.1064001715715,50.6634389256739,995.323620858176
12.0354653204417,50.6227377692981,983.178802118096
11.962455603584,50.5807273313214,970.572443581608
11.8902647262786,50.539069285628,958
11.8555492021256,50.5189943994839,951.91554374812
11.821023777403,50.4990022442282,945.839249902263
11.7525372733249,50.4592643182884,933.711083816563
11.7170943644086,50.4386572247813,927.395103104456
11.6818520233391,50.418138255013,921.087941193903
11.6119625590778,50.3773626863856,908.5
11.5784361159771,50.3577625818039,902.423247724747
11.5450937225686,50.3382444434884,896.354941210249
11.4789553192418,50.2994522438928,884.243595131338
11.444631478819,50.2792804841153,877.918955197763
11.410502919103,50.2591964950398,871.60348931928
11.3428253068772,50.2192897978049,859
11.3103354724585,50.2000941504704,852.91138122816
11.278024695963,50.1809799787303,846.831503704974
11.2139346967807,50.1429942208856,834.697897215213
11.1807914650126,50.1233128792893,828.384305116467
11.1478368787408,50.1037181401998,822.080138932514
11.0824875325195,50.0647864394992,809.5
11.0200101352611,50.0274721505557,797.373209296456
10.9890296383065,50.0089352340457,791.323321138095
10.9582194746503,49.9904778563254,785.282411049003
10.8940459459538,49.9519617954428,772.621532191134
10.8622349996936,49.9328333011472,766.3058592348
10.8463978227994,49.923301210646,763.151704332378
10.830605929152,49.9137904722233,760
10.7690502771649,49.8766619711813,747.624980525305
10.7222207772418,49.8483556888182,738.10585056905
10.6762063869923,49.8204913767643,728.662576868828
10.6309875459079,49.7930597453108,719.29425629553
10.5865452982362,49.7660517512754,710
10.5575698590544,49.7484177061257,703.893262828064
10.5289207062616,49.7309625099341,697.818265601651
10.5284335750779,49.7306655436612,697.714649662011
10.4725812311091,49.6965790184094,685.762506287605
10.4716286905134,49.6959970375111,685.557420936635
10.4444098861016,49.6793577655193,679.679239165515
10.4174872116384,49.6628820325112,673.830777988988
10.4015726712111,49.6531347044751,670.357470241551
10.3857609141536,49.643444300233,666.894602614602
10.3700510240512,49.6338103712719,663.442128107172
10.3622339938246,49.6290144449859,661.719773662561
10.3544420914629,49.6242324713568,660
10.3017335364553,49.5918462541219,647.44308825296
10.2988606269781,49.5900791000086,646.754516626808
10.2501154844323,49.5600651221805,635.004994961893
10.2444912627036,49.5565984109678,633.641205778202
10.1995570057175,49.5288739280701,622.6840416075
10.1912977780308,49.5237726581199,620.658098913648
10.1500282945515,49.498258000418,610.478581138349
10.148097428602,49.4970632403861,610
10.1392453377231,49.4915846825141,607.803266391352
10.1015006183488,49.4682031254906,598.386997236882
10.0991358591185,49.4667370860118,597.794365946859
10.051165615116,49.4369684229171,585.703166460287
10.0041591455471,49.4077434764893,573.724799718285
9.95092300317694,49.3745802982575,560
9.92476327504932,49.3582588511287,553.192741540924
9.90415362513187,49.3453883875439,547.800018114301
9.89261124757596,49.3381757759689,544.768301784382
9.88112801318647,49.3309968825786,541.743844590016
9.86970350543652,49.323851495335,538.726620490491
9.85833731157078,49.3167394038812,535.716603569497
9.85367973957844,49.31382413751,534.480806121155
9.85135461722126,49.3123685982808,533.863362308618
9.85019297041677,49.3116413513717,533.554754032585
9.8490319326132,49.3109144526362,533.246221472873
9.84383165131479,49.307658271642,531.863248856533
9.83864357420796,49.3044090708742,530.481796516729
9.83605409983204,49.3027870817286,529.791639667362
9.83346766174526,49.3011668300915,529.101861948018
9.83088425504934,49.2995483134566,528.412463046378
9.82959368693528,49.2987397049769,528.067905554689
9.82894868642092,49.2983355630605,527.895662281578
9.82830387483421,49.2979315293083,527.723442650462
9.81607806673784,49.2902690036327,524.453026404614
9.81344754448105,49.2886198436209,523.748093657487
9.78361201960038,49.2699030758102,515.721110339925
9.76247885238473,49.2566323233269,510
9.73030138090081,49.2364050843574,501.231837635871
9.69232662631507,49.2125007474659,490.793867695779
9.65502134467928,49.1889831651184,480.443297181012
9.61836942020955,49.1658439584227,470.179032946135
9.5823552326132,49.1430749763024,460
9.56517167758042,49.1321998171846,455.110153799645
9.54813190263354,49.1214084210044,450.239855181777
9.53123426108058,49.1106999216211,445.388987165494
9.51447713038351,49.100073464164,440.55743370145
9.49785891172397,49.0895282048558,435.745079662605
9.4813780295778,49.0790633108386,430.951810835079
9.46503293129894,49.0686779600031,426.177513909115
9.448822086712,49.0583713408213,421.42207647015
9.43908651371012,49.0521784586047,418.556340878194
9.4293991247591,49.0460138818699,415.697432495386
9.41975959338484,49.0398774368025,412.845326953464
9.41495767238536,49.0368197092769,411.421817664446
9.41016759463761,49.0337689500976,410
9.37587682783149,49.0119127318794,399.307878836069
9.34214448076045,48.9903837759294,388.697138499809
9.30895814697703,48.9691755251554,378.166853394176
9.27630577174497,48.9482815871655,367.716111905669
9.25237708399865,48.9329528779868,360
9.24417560535971,48.9276957071767,357.344016141245
9.22224590024777,48.9136304082159,350.213610508655
9.21255629193249,48.9074118275679,347.049681671167
9.19256751984554,48.8945760097082,340.49665633665
9.16333270176216,48.8757847280919,330.84840112145
9.13453237975003,48.8572516814506,321.268118876023
9.1009470281154,48.8356130484774,310
9.07204068659652,48.8169662466223,300.217481876511
9.04357200755211,48.7985811325071,290.505624974055
9.01553196957155,48.7804527935953,280.863666446062
8.9879117881199,48.7625764329381,271.290854387338
8.95561241189699,48.741647066793,260
8.92788025998254,48.7236560468883,250.221496159884
8.90057138581773,48.7059205300953,240.514923480173
8.8736770050883,48.6884356645301,230.879491175603
8.84718856544674,48.6711967137511,221.314420010072
8.83158595461222,48.6610340059274,215.644922069009
8.81612294372991,48.6509561014684,210
8.80134704639565,48.6413203182831,204.581591531031
8.78661454134598,48.6317072833871,199.16578174378
8.75727897375623,48.6125491621491,188.341950740003
8.75176083944316,48.6089429868059,186.3
8.74151056285106,48.6022422254679,182.501932901358
8.72579188573221,48.5919614653023,176.664936727765
8.69450282930077,48.5714781076934,165
8.6877131900857,48.5670299630762,162.460614540196
8.6611812883894,48.5496365939154,152.509498489537
8.63479114137039,48.5323182331836,142.567164179106
8.61911074068567,48.5220196011164,136.638571687629
8.59716932552317,48.5075982268372,128.316210957766
8.57532564230047,48.4932287865446,120
8.55485699718417,48.4797527393826,112.178010498598
8.52515593440762,48.4601790989604,100.775120697231
8.51004186839313,48.4502098695236,94.9483509011809
8.49498390302796,48.4402717811175,89.126912393105
8.47998174263793,48.4303647005496,83.3107978594423
8.46503509359039,48.4204884953481,77.5
8.45145761997131,48.4115119856469,72.2074135776759
8.43792581681615,48.4025609258871,66.9192339716901
8.42443946603336,48.3936352172553,61.6354556803995
8.41099835089548,48.3847347614234,56.3560732113143
8.39742274791871,48.3757404996483,51.0103056534594
8.3838931591695,48.3667719713261,45.6690413893526
8.37040936329754,48.3578290756241,40.3322747310044
8.36368456866145,48.3533672084738,37.6655762291114
8.36032643521236,48.3511386646223,36.332647874741
8.35864843296497,48.3500249894475,35.6662888829499
8.35697113980331,48.3489117118488,35
8.353052850426,48.3463107228287,33.125
8.34913733288872,48.3437111756127,31.25
8.34131460152585,48.338516401898,27.5
8.33350292213976,48.3333273813264,23.75
8.32960121958916,48.330735025544,21.875
8.3276514013159,48.3294393857674,20.9375
8.3266767502696,48.3287917003439,20.46875
8.32570227122247,48.3281441045394,20
8.32075162738343,48.3248537437698,17.3283812080545
8.31580586059255,48.3215659883309,14.6567624161089
8.30903053865438,48.317060982718,10.9925718120812
8.30226435862784,48.3125608643758,7.32838120805445
8.29550730195629,48.308065625482,3.66419060402677
8.29213218909359,48.3058198333883,1.83209530201384
8.29044548551997,48.3046973937534,0.916047651006011
8.28960234682145,48.3041362879857,0.458023825503005
8.28875935013372,48.3035752582308,0
