-71.86,-30.52,33
-71.8597812558682,-30.5197983524577,33.125
-71.8564991362511,-30.5167726121979,35
-71.8550905295916,-30.515473954383,35.6662888829499
-71.8536814225275,-30.5141747853473,36.332647874741
-71.8508617061967,-30.5115749124871,37.6655762291114
-71.8452162577771,-30.5063690197003,40.3322747310044
-71.8339012421875,-30.4959325824,45.6690413893526
-71.8225539608151,-30.485463153905,51.0103056534594
-71.8111742847865,-30.4749605874048,56.3560732113143
-71.7999134526102,-30.4645645010899,61.6354556803995
-71.7886208269749,-30.4541358623137,66.9192339716901
-71.7772962821136,-30.4436745275612,72.2074135776759
-71.7659396916067,-30.4331803524909,77.5
-71.7534450287927,-30.421630784108,83.3107978594423
-71.7409114836274,-30.4100413312263,89.126912393105
-71.728338886492,-30.3984117998357,94.9483509011809
-71.7157270667958,-30.3867419946926,100.775120697231
-71.6909654417264,-30.363818253378,112.178010498598
-71.6739179407583,-30.3480271072959,120
-71.6557406449794,-30.3311813763384,128.316210957766
-71.6374980721164,-30.3142667931472,136.638571687629
-71.6244708858586,-30.3021828118886,142.567164179106
-71.6025645990296,-30.2818529740817,152.509498489537
-71.5805639945415,-30.2614234514453,162.460614540196
-71.5749376929852,-30.256196972841,165
-71.5490294638802,-30.2321195828977,176.664936727765
-71.5360261884835,-30.2200288325851,182.501932901358
-71.5229899808585,-30.2079031880679,188.341950740003
-71.4987592547316,-30.1853535803004,199.16578174378
-71.4866011376813,-30.1740334183989,204.581591531031
-71.474414389879,-30.1626828632407,210
-71.4616681391991,-30.1508071934618,215.644922069009
-71.448814269768,-30.1388271113205,221.314420010072
-71.4270094701724,-30.1184950519462,230.879491175603
-71.4048925152649,-30.0978596846537,240.514923480173
-71.3824573397092,-30.076914821867,250.221496159884
-71.3596977278297,-30.0556541141304,260
-71.3332193549901,-30.0309031269836,271.290854387338
-71.3106020410752,-30.0097473179129,280.863666446062
-71.2876645838092,-29.9882788819049,290.505624974055
-71.2644008269386,-29.9664914944724,300.217481876511
-71.240804463016,-29.9443786668664,310
-71.2134202153603,-29.9186985009559,321.268118876023
-71.1899645006057,-29.8966873620067,330.84840112145
-71.1661803554363,-29.8743538481082,340.49665633665
-71.1499331012616,-29.8590893341614,347.049681671167
-71.1420614990532,-29.8516914628073,350.213610508655
-71.124256684678,-29.8349524146204,357.344016141245
-71.1176015545213,-29.8286935954337,360
-71.0981959459746,-29.8104372035524,367.716111905669
-71.0717430809248,-29.785535591157,378.166853394176
-71.0448900263615,-29.7602391911014,388.697138499809
-71.0176285369386,-29.7345394112287,399.307878836069
-70.9899501496677,-29.7084274186195,410
-70.9860821902191,-29.7047768168469,411.421817664446
-70.9822053314933,-29.7011174367696,412.845326953464
-70.9744248060939,-29.6937722272452,415.697432495386
-70.9666083488543,-29.6863915568257,418.556340878194
-70.9587557344582,-29.6789751913518,421.42207647015
-70.9456862787908,-29.6666283511114,426.177513909115
-70.9325162271915,-29.6541821126703,430.951810835079
-70.919244526819,-29.641635379853,435.745079662605
-70.9058701107348,-29.6289870409497,440.55743370145
-70.8923918976714,-29.6162359684448,445.388987165494
-70.8788087917941,-29.603381018739,450.239855181777
-70.8651196824595,-29.5904210318668,455.110153799645
-70.8513234439688,-29.5773548312068,460
-70.8224358165391,-29.549980234043,470.179032946135
-70.7930744333723,-29.5221350834042,480.443297181012
-70.7632286819696,-29.4938082453199,490.793867695779
-70.7328876441196,-29.4649882455205,501.231837635871
-70.7072102608319,-29.4405799217981,510
-70.6903619563424,-29.4245552570488,515.721110339925
-70.6665970325013,-29.4019398929197,523.748093657487
-70.6645029334684,-29.3999464051847,524.453026404614
-70.6547727814239,-29.3906822849095,527.723442650462
-70.6542597111523,-29.3901937220055,527.895662281578
-70.65374650216,-29.3897050203466,528.067905554689
-70.6527196678113,-29.3887272005505,528.412463046378
-70.6506643322352,-29.3867698935382,529.101861948018
-70.6486067714057,-29.3848103603917,529.791639667362
-70.6465469820443,-29.3828485976402,530.481796516729
-70.6424207047098,-29.378918369527,531.863248856533
-70.6382854737525,-29.3749791811712,533.246221472873
-70.6373623266917,-29.3740997395179,533.554754032585
-70.6364387329927,-29.3732198508023,533.863362308618
-70.6345902045156,-29.3714587309484,534.480806121155
-70.6308877750422,-29.3679311128542,535.716603569497
-70.6218550160591,-29.3593233836503,538.726620490491
-70.6127795358403,-29.350672865001,541.743844590016
-70.603661058974,-29.3419792647987,544.768301784382
-70.5944993077695,-29.3332422883666,547.800018114301
-70.5781496061028,-29.3176453473283,553.192741540924
-70.5574139482126,-29.2978546577799,560
-70.5152743827501,-29.2576019643978,573.724799718285
-70.4781308189506,-29.2220843091424,585.703166460287
-70.4402881552782,-29.1858622481025,597.794365946859
-70.4384242763676,-29.1840772527528,598.386997236882
-70.4086949300557,-29.1555942321272,607.803266391352
-70.401728265781,-29.148916391471,610
-70.4002089425601,-29.147459893085,610.478581138349
-70.3677598197334,-29.1163386067854,620.658098913648
-70.3612713536744,-29.1101124543159,622.6840416075
-70.3260032643577,-29.0762515283233,633.641205778202
-70.3215927563225,-29.0720147797956,635.004994961893
-70.2834025980984,-29.0353085891112,646.754516626808
-70.281153766946,-29.0331459900474,647.44308825296
-70.2399343447103,-28.9934844497987,660
-70.2338303697109,-28.9876075155919,661.719773662561
-70.2277082928165,-28.9817122048866,663.442128107172
-70.2154095413352,-28.9698661388955,666.894602614602
-70.203037493539,-28.9579456086976,670.357470241551
-70.1905915493353,-28.9459499667636,673.830777988988
-70.1695515946586,-28.9256623273772,679.679239165515
-70.1482991981041,-28.9051584572117,685.557420936635
-70.1475558011055,-28.9044410361186,685.762506287605
-70.1040073346497,-28.8623898129225,697.714649662011
-70.1036278665386,-28.8620231801584,697.818265601651
-70.081321261312,-28.8404646750191,703.893262828064
-70.0587819082294,-28.8186684210384,710
-70.0242527758911,-28.7852527103804,719.29425629553
-69.9891716754955,-28.7512718859564,728.662576868828
-69.9535264018412,-28.7167126339503,738.10585056905
-69.9173043969882,-28.6815612299544,747.624980525305
-69.8697754771717,-28.6353866514117,760
-69.857597668527,-28.623546634029,763.151704332378
-69.845391840632,-28.6116756017836,766.3058592348
-69.8208957611194,-28.5878400320028,772.621532191134
-69.771563314142,-28.5397916061642,785.282411049003
-69.7479184817814,-28.5167403225992,791.323321138095
-69.7241690315462,-28.4935727758257,797.373209296456
-69.676353640096,-28.4468855566697,809.5
-69.6264534851408,-28.3981009313296,822.080138932514
-69.6013334295576,-28.3735185420739,828.384305116467
-69.5760990765204,-28.3488081871639,834.697897215213
-69.527386354715,-28.3010613132737,846.831503704974
-69.5028696690993,-28.2770079598892,852.91138122816
-69.4782452070857,-28.2528335188398,859
-69.42704169564,-28.2025165223299,871.60348931928
-69.4012668235851,-28.1771627376931,877.918955197763
-69.3753755468933,-28.1516774816205,884.243595131338
-69.325573403948,-28.1026085044866,896.354941210249
-69.3005102113464,-28.0778904789831,902.423247724747
-69.2753380405464,-28.0530489346606,908.5
-69.2229584115732,-28.0013057595913,921.087941193903
-69.1965938304761,-27.9752351920309,927.395103104456
-69.1701117433086,-27.9490306746338,933.711083816563
-69.1190324161853,-27.8984364709817,945.839249902263
-69.0933281858185,-27.8729513268643,951.91554374812
-69.0675133380513,-27.8473396359595,958
-69.0139303950576,-27.7941244063931,970.572443581608
-68.9598751216677,-27.7403662748098,983.178802118096
-68.9074858375229,-27.6881942311695,995.323620858176
-68.8546493816837,-27.635506341803,1007.5
-68.7997765277206,-27.5807128076433,1020.07004160769
-68.7444240559416,-27.5253629579076,1032.67290433428
-68.6907466926228,-27.4716139062815,1044.82116506304
-68.63661470636,-27.4173356074732,1057
-68.5804758715192,-27.3609665277494,1069.5546440837
-68.5238508138636,-27.3040282593688,1082.1409665081
-68.4687919451911,-27.2485868721951,1094.30565081738
-68.4132696803245,-27.1926010265928,1106.5
-68.3557114228899,-27.1344796769438,1119.06540313811
-68.2976571842261,-27.0757724178769,1131.66158906888
-68.1844659325278,-26.9610622869239,1156
-68.1265962574822,-26.9022906450812,1168.33192261882
-68.0682406973374,-26.8429396254571,1180.69249676883
-68.0093931590234,-26.7830008778566,1193.08182241803
-67.9500474408247,-26.722465888351,1205.5
-67.8980298651038,-26.6693325523919,1216.32268603573
-67.8456306811232,-26.6157401639913,1227.16682464455
-67.8417479317163,-26.6117662329627,1227.96806731163
-67.8378630788453,-26.6077897671722,1228.76942721957
-67.8300870559284,-26.5998292219023,1230.37249886094
-67.8223025986561,-26.5918585092098,1231.97603977464
-67.8145096933243,-26.5838776101199,1233.58005016674
-67.7988984838609,-26.5678851769716,1236.78948021112
-67.7832533169162,-26.5518517693335,1240.00079064521
-67.767574081709,-26.5357772336656,1243.21398312205
-67.7518606669428,-26.5196614156457,1246.42905929664
-67.7203308538372,-26.4873053142819,1252.86486936871
-67.7098483279985,-26.4765425064307,1255
-67.6805552277139,-26.4464514290017,1260.95463912357
-67.6511447721252,-26.4162179637317,1266.91556486065
-67.6216162524925,-26.3858411222116,1272.88278717215
-67.6068074943707,-26.370598622759,1275.86876266185
-67.5919689516727,-26.3553199043395,1278.85631604003
-67.5889591173868,-26.3522201061117,1279.46176837359
-67.5859480561552,-26.3491188150724,1280.0672855322
-67.5555724534556,-26.3178201534217,1286.16558487831
-67.5250717003129,-26.2863690684025,1292.27046329956
-67.4636916385371,-26.2230052763347,1304.5
-67.4239771360238,-26.1819565207141,1312.37329995064
-67.3840522448289,-26.1406501442734,1320.25731532995
-67.3439152726867,-26.0990837655871,1328.15206802809
-67.3035645076837,-26.057254973092,1336.05757999491
-67.2113883076193,-25.9615482154097,1354
-67.1888500653816,-25.9381140827181,1358.36264868231
-67.1304899921243,-25.8773746543031,1369.61505306817
-67.0716877267875,-25.8160881263409,1380.88870621486
-67.0124381360162,-25.754247202564,1392.1836683677
-66.9527359996639,-25.6918444527933,1403.5
-66.8863857591059,-25.6223875276325,1416.00091043435
-66.8194778661575,-25.5522345860362,1428.52728207025
-66.7713107560713,-25.5016616053547,1437.49595584382
-66.6875237820633,-25.4135505376609,1453
-66.607190575867,-25.3289057326146,1467.75058586692
-66.5260578076576,-25.2432538682398,1482.53582354711
-66.4709761124161,-25.1850099149507,1492.51001140198
-66.4155225096957,-25.126295781146,1502.5
-66.2752354817619,-24.9774158828998,1527.54507831142
-66.1887126105011,-24.8853474269801,1542.83118695309
-66.136483359064,-24.8296798808507,1552
-66.0587160000323,-24.7466665655402,1565.57126913744
-65.9802336534403,-24.6627367334182,1579.170417641
-65.9154350293076,-24.5933244382436,1590.32581136295
-65.8501443203087,-24.5232790002432,1601.5
-65.7027469600537,-24.3647566499088,1626.48639000535
-65.5828228600917,-24.2353818702195,1646.57372505332
-65.5562239216761,-24.2066383048738,1651
-65.478584536533,-24.1226384000427,1663.8601754062
-65.4002608429441,-24.0377464098224,1676.74440637374
-65.3276346854019,-23.9588937287496,1688.61198033775
-65.2544141793573,-23.8792633660793,1700.5
-65.0991663686678,-23.7099857832533,1725.4548124004
-64.9541908075188,-23.5513708482559,1748.45502649824
-64.9443865886847,-23.5406255168226,1750
-64.8638961133018,-23.4523191268355,1762.63439076853
-64.7826971010214,-23.3630737001533,1775.29117016255
-64.7045720192591,-23.2770536990865,1787.3853461322
-64.6257839430235,-23.1901518123696,1799.5
-64.4621574314587,-23.0091880877589,1824.39975341869
-64.3826652872189,-22.9210366476516,1836.37139519048
-64.3024993510872,-22.8319815898292,1848.36269448377
-64.3003616191961,-22.8296046692746,1848.68134029567
-64.2982234054991,-22.827227101421,1849
-64.2563080544954,-22.7805971669081,1855.23500903794
-64.2142072767844,-22.7337178134111,1861.47531612652
-64.1294440251879,-22.6392026482683,1873.9718514899
-64.045732302381,-22.5456883872014,1886.22570701501
-63.9612834138994,-22.4511781169334,1898.5
-63.87574226215,-22.3552690747467,1910.84442848281
-63.7894404086517,-22.2583275428389,1923.2092043829
-63.7023665005743,-22.1603362717425,1935.59437804998
-63.6145089204404,-22.0612775975411,1948
-63.5305048360636,-21.9663897868799,1959.77676083581
-63.4457757471571,-21.8705111174107,1971.5719790383
-63.4408327584689,-21.8649123525099,1972.25753325194
-63.4358872869451,-21.8593101884205,1972.94314986794
-63.3915675231241,-21.8090791555329,1979.07486614926
-63.3470476714392,-21.7585739266482,1985.21157586195
-63.3023262021737,-21.7077921696069,1991.35328510815
-63.2574015672918,-21.6567315236503,1997.5
-63.1666676620431,-21.5534576757008,2009.84502897631
-63.0751007290344,-21.4490365316924,2022.2100063482
-62.8894153136005,-21.2366720910568,2047
-62.7880899341713,-21.1204435114345,2060.36870830591
-62.7000677065292,-21.0192776786882,2071.89234040359
-62.50995293018,-20.8001514533584,2096.5
-62.3005868870221,-20.5578545897152,2123.16098513565
-62.1183508149448,-20.346121695172,2146
-62.1087077132363,-20.3348962323366,2147.19913328747
-61.9131791734989,-20.1068179711379,2171.31202186828
-61.7138777743334,-19.8734303852017,2195.5
-61.6103422272418,-19.751827179168,2207.91232549126
-61.5057655997361,-19.6287522835813,2220.34447117778
-61.4065714271514,-19.5117814861997,2232.04013039989
-61.2957200075483,-19.3807997870804,2245
-61.0815740485131,-19.1269785093808,2269.71064065429
-60.8629693423723,-18.8668091775351,2294.5
-60.7722062122599,-18.758475062448,2304.66492071891
-60.6806551228407,-18.649014907185,2314.84316635167
-60.6399427998981,-18.6002788172927,2319.34536379588
-60.4146033578787,-18.3298668522361,2344
-60.1530624049491,-18.0146165903763,2372.0612614952
-59.9494756562041,-17.7681934510472,2393.5
-59.9288895505845,-17.7432260694017,2395.64836841572
-59.9017626148347,-17.7103118800933,2398.47391666304
-59.8745664795597,-17.6772978640317,2401.3004964165
-59.8199652973341,-17.6109683452213,2406.95675270202
-59.7650833382514,-17.5442334448511,2412.61714179685
-59.7099178994762,-17.4770890377398,2418.28166823218
-59.5887964816848,-17.3294394074086,2430.63099049315
-59.4662886811967,-17.1797836458773,2443
-59.2164673239681,-16.8736236929131,2467.84827539613
-59.0907538053951,-16.7190674597002,2480.16420665138
-58.9635465466815,-16.5623419414527,2492.5
-58.7047387581148,-16.2424534437603,2517.20988262419
-58.4395323194949,-15.9132465581374,2542
-58.2875338109748,-15.7239317614774,2555.96968856544
-58.1333459198941,-15.5314218922769,2569.96536136428
-58.1296203250988,-15.5267645347987,2570.30136722411
-58.1258934342613,-15.5221052841453,2570.63738807489
-58.11843576095,-15.5127810980198,2571.3094747533
-58.1035048231275,-15.4941099493208,2572.65382804564
-58.0735803846098,-15.4566762475238,2575.34325459725
-58.0134796580672,-15.3814408178078,2580.72498936814
-57.8922578035038,-15.2294782647402,2591.5
-57.7513044941318,-15.0524224946067,2603.89554466347
-57.6084678548299,-14.8726114617235,2616.31173760945
-57.410235266976,-14.6224214929764,2633.30425228385
-57.3193854371169,-14.5075120253399,2641
-57.1722288276471,-14.3210570230883,2653.34395023328
-57.0230125462145,-14.1315828190749,2665.70856565713
-56.871677883025,-13.9390017979334,2678.09389820886
-56.7181632937285,-13.743222253584,2690.5
-56.6565697222327,-13.6645518855052,2695.43330787115
-56.5166117604644,-13.4855391653443,2706.54938086619
-56.3747789410088,-13.3037751432064,2717.68249439006
-56.0852785964948,-12.931681814215,2740
-56.0197301505315,-12.8472325757662,2744.97932763395
-55.8716078422725,-12.6561308727219,2756.13924688407
-55.7216590598302,-12.4622972242559,2767.30765889383
-55.5698339739912,-12.2656580395626,2778.48457336147
-55.4160804390861,-12.0661364639024,2789.67
-55.2963795202321,-11.9105392958377,2798.28585062775
-55.0068705734944,-11.5332697208831,2818.79348811137
-54.7101879524561,-11.1452994457054,2839.33
-54.5475133032699,-10.932003571361,2850.3872878975
-54.258516440778,-10.5521106856123,2869.68099414036
-54.1113246592005,-10.3581586962394,2879.33733150893
-53.9622689644824,-10.1614375564517,2889
-53.9598822729398,-10.1582851076569,2889.1000846569
-53.9574946488005,-10.1551313475828,2889.20017366278
-53.9527165992478,-10.1488198887088,2889.40036472264
-53.9431492705513,-10.1361811816967,2889.80079904268
-53.9239694976564,-10.1108403340862,2890.60187654757
-53.8854278935794,-10.0599026655952,2892.20486752515
-53.8076033662425,-9.95698508480655,2895.41419742546
-53.6488789909029,-9.74682669324189,2901.84628168333
-53.4858274635419,-9.53058642613495,2908.29632769777
-53.3181490098178,-9.3078446664879,2914.76441081194
-52.988035629915,-8.86827427493671,2927.01472392131
-52.6374964206983,-8.40003406383774,2939.33
-52.248703139035,-7.87900993158782,2952.17095087527
-52.0431640191253,-7.60288290378507,2958.61750086836
-51.8291410638277,-7.31487774574895,2965.08152815299
-51.3980754215801,-6.73338543734774,2977.33921702579
-50.9239961204504,-6.09182496418012,2989.66
-50.3724324623873,-5.34296385509662,3002.49571543133
-49.7329610128285,-4.47185618169622,3015.39890143113
-48.9968631148553,-3.46589343682995,3027.66381416945
-47.993870167842,-2.09096917631957,3039.99
-45.9831937902344,0.672479163619131,3049.81260504304
-43.9702386162453,3.43509855920398,3039.99
-42.9644048795161,4.80898872565251,3027.66381416945
-42.2255013385895,5.81392938810241,3015.39890143113
-41.5830981838182,6.68396822259833,3002.49571543133
-41.0286374219565,7.43177226987545,2989.66
-40.5517959262119,8.07232412791442,2977.33921702579
-40.1180008752907,8.65281904582521,2965.08152815299
-39.902545847093,8.94030059292288,2958.61750086836
-39.6955834478993,9.21590702174081,2952.17095087527
-39.303969586264,9.73589885867598,2939.33
-38.950743672351,10.2031550284152,2927.01472392131
-38.61797590607,10.6417525024576,2914.76441081194
-38.4489031218162,10.8639829108679,2908.29632769777
-38.2844660338943,11.0797148485994,2901.84628168333
-38.1243647709106,11.2893679004835,2895.41419742546
-38.045855021631,11.3920339224467,2892.20486752515
-38.0069716072809,11.4428460877104,2890.60187654757
-37.9876211288383,11.4681242525613,2889.80079904268
-37.9779684971924,11.4807316353833,2889.40036472264
-37.9731478086121,11.4870274364567,2889.20017366278
-37.9707388680697,11.4901733687038,2889.1000846569
-37.9683308621973,11.4933179903869,2889
-37.9659228025796,11.4964625923089,2889.1000846569
-37.9635137007132,11.4996084652401,2889.20017366278
-37.9586923662183,11.5059040288229,2889.40036472264
-37.9490371459511,11.5185104598576,2889.80079904268
-37.9296762731075,11.5437848028827,2890.60187654757
-37.8907509583523,11.5945815621476,2892.20486752515
-37.8120709679004,11.697184989484,2895.41419742546
-37.651266658003,11.9065795416205,2901.84628168333
-37.4856084900437,12.1218624989755,2908.29632769777
-37.3147505744932,12.3434365128266,2914.76441081194
-36.9768912770786,12.7801617115854,2927.01472392131
-36.6159534057604,13.2445816917482,2939.33
-36.2129851480403,13.7603970702494,2952.17095087527
-35.9988211218599,14.03335410663,2958.61750086836
-35.7749803898273,14.3177502264812,2965.08152815299
-35.3215317406523,14.8910120178183,2977.33921702579
-34.8187750781565,15.5220224349381,2989.66
-34.2284342432933,16.2566088958157,3002.49571543133
-33.5366284966463,17.1084348458209,3015.39890143113
-32.7303467364349,18.0885097599685,3027.66381416945
-31.6143197210555,19.4216686514357,3039.99
-29.3151665248861,22.0781205594663,3049.81260504304
-26.9284067863846,24.7012137661204,3039.99
-25.7031902519339,25.9927454243207,3027.66381416945
-24.789095018341,26.9316628316158,3015.39890143113
-23.98465906397,27.7404340057577,3002.49571543133
-23.2830457815637,28.4324257603386,2989.66
-22.6742253782955,29.0227805547823,2977.33921702579
-22.1159986043681,29.5558267794213,2965.08152815299
-21.8371934716356,29.8191056235539,2958.61750086836
-21.5684100764448,30.0710635640721,2952.17095087527
-21.0572225724588,30.5452302419796,2939.33
-20.5932303904622,30.9699366171637,2927.01472392131
-20.1535843269741,31.3673860421931,2914.76441081194
-19.9292698634338,31.5683129130382,2908.29632769777
-19.7104992198523,31.7630677892503,2901.84628168333
-19.4969227273708,31.9520520984696,2895.41419742546
-19.3919830691973,32.0444942080044,2892.20486752515
-19.3399593403119,32.0902211999182,2890.60187654757
-19.3140570924698,32.1129633748777,2889.80079904268
-19.3011331398857,32.124304399881,2889.40036472264
-19.2946779276752,32.1299674298362,2889.20017366278
-19.2914520090176,32.1327970782868,2889.1000846569
-19.2882272139702,32.135625483945,2889
-19.0865593388546,32.3119939756233,2879.33733150893
-18.8868913967092,32.4856248085594,2869.68099414036
-18.4933547346588,32.8249719758406,2850.3872878975
-18.2709568921136,33.0150663228274,2839.33
-17.8637248429332,33.3600167207972,2818.79348811137
-17.4643153598511,33.6944242371432,2798.28585062775
-17.2985913188827,33.8320438297612,2789.67
-17.0852217870381,34.0082533139227,2778.48457336147
-16.8739770747635,34.1816291794206,2767.30765889383
-16.6648058608501,34.3522487789923,2756.13924688407
-16.4576590672084,34.5201861747677,2744.97932763395
-16.3658246992013,34.5943104625099,2740
-15.959015006364,34.9202576901786,2717.68249439006
-15.758987540911,35.0790884026809,2706.54938086619
-15.5611396259224,35.2352606320153,2695.43330787115
-15.4739234411196,35.3038128897032,2690.5
-15.2561596367746,35.4741975099417,2678.09389820886
-15.0409469769681,35.6414968310519,2665.70856565713
-14.8282218718283,35.8058021969074,2653.34395023328
-14.6179235654314,35.9672008566439,2641
-14.4878399138127,36.0665246448748,2633.30425228385
-14.2033331075504,36.2823970681599,2616.31173760945
-13.9977659470281,36.43721658596,2603.89554466347
-13.7944460622301,36.5893931246917,2591.5
-13.6192209139229,36.719786272584,2580.72498936814
-13.5322201740466,36.7842684059595,2575.34325459725
-13.4888710667828,36.8163332985893,2572.65382804564
-13.4672341202536,36.8323220008766,2571.3094747533
-13.4564250229035,36.8403054531412,2570.63738807489
-13.4510228149875,36.8442944591757,2570.30136722411
-13.4456221663557,36.8482816535668,2569.96536136428
-13.2218305291986,37.012923084079,2555.96968856544
-13.000682889201,37.1745106167153,2542
-12.6135611807716,37.4547324677369,2517.20988262419
-12.2342373792355,37.7260722268155,2492.5
-12.0472392467192,37.8586647897772,2480.16420665138
-11.8620784956492,37.989195860803,2467.84827539613
-11.493068510596,38.2470932857846,2443
-11.311602708606,38.3728291693324,2430.63099049315
-11.1318618884305,38.4966657731326,2418.28166823218
-11.0498898954361,38.5529103504051,2412.61714179685
-10.9682721905239,38.6087678376409,2406.95675270202
-10.8870058828054,38.664242322907,2401.3004964165
-10.8465036075398,38.6918372024501,2398.47391666304
-10.8060881163927,38.7193378361562,2395.64836841572
-10.7754067450827,38.740191503208,2393.5
-10.4714802232707,38.9456775032606,2372.0612614952
-10.079703271503,39.2076579084604,2344
-9.74096078884192,39.4315595076918,2319.34536379588
-9.67964260007061,39.471831817078,2314.84316635167
-9.54162391338294,39.562191274103,2304.66492071891
-9.4046151755423,39.651496204657,2294.5
-9.07390304548564,39.8654533829817,2269.71064065429
-8.74895012114965,40.073483668791,2245
-8.58035922586999,40.1805589663381,2232.04013039989
-8.42927837963679,40.2760198921072,2220.34447117778
-8.26977636845276,40.3762975028917,2207.91232549126
-8.11163738408415,40.4752087088186,2195.5
-7.80660028278275,40.6645741045499,2171.31202186828
-7.50654169653201,40.8490268456534,2147.19913328747
-7.49172308280421,40.8580895798665,2146
-7.21132322071082,41.0287529951203,2123.16098513565
-6.88834827469046,41.2234015477942,2096.5
-6.59430763413376,41.3988299015536,2071.89234040359
-6.45792399418089,41.4796248552851,2060.36870830591
-6.30073788730277,41.5722948641449,2047
-6.01215869069642,41.7411838846347,2022.2100063482
-5.86960311399459,41.8240217275248,2009.84502897631
-5.7281833900762,41.9058145815249,1997.5
-5.6581038271927,41.9462047903519,1991.35328510815
-5.58830242812905,41.9863415636945,1985.21157586195
-5.51877739124639,42.0262272004585,1979.07486614926
-5.44952693388342,42.0658639709736,1972.94314986794
-5.44179720165658,42.0702825760982,1972.25753325194
-5.4340708809339,42.0746980981474,1971.5719790383
-5.30155915121848,42.1502512572318,1959.77676083581
-5.17004589202912,42.2249068230647,1948
-5.03235619685022,42.3027192140613,1935.59437804998
-4.89575052758038,42.3795670189558,1923.2092043829
-4.76021519180262,42.4554673849433,1910.84442848281
-4.62573677340542,42.5304370454986,1898.5
-4.49284162697136,42.6041935785943,1886.22570701501
-4.36097591828515,42.6770551185491,1873.9718514899
-4.2273219532468,42.7505768305207,1861.47531612652
-4.16088870281158,42.7869986054743,1855.23500903794
-4.09471578007607,42.823196969864,1849
-4.09133926143421,42.825041859227,1848.68134029567
-4.08796342009539,42.826886169276,1848.36269448377
-3.96130761642648,42.8959305207206,1836.37139519048
-3.83560095733759,42.9641671852165,1824.39975341869
-3.57648730239779,43.1039118909928,1799.5
-3.45154974308988,43.1708576143166,1787.3853461322
-3.32755432746217,43.2370196051665,1775.29117016255
-3.19856552108368,43.3055520551524,1762.63439076853
-3.07058755506935,43.3732521487864,1750
-3.05499130475458,43.381482473534,1748.45502649824
-2.82417267056501,43.5027801966176,1725.4548124004
-2.57659524093526,43.6318313507926,1700.5
-2.4596849528652,43.6923943487472,1688.61198033775
-2.3436332678765,43.7522742276867,1676.74440637374
-2.21837696634914,43.8166378034653,1663.8601754062
-2.09411283006486,43.8802198487784,1651
-2.0515171480457,43.9019525879942,1646.57372505332
-1.85932326372269,43.9996185326901,1626.48639000535
-1.62277322488927,44.1189442257038,1601.5
-1.51787755300643,44.1715484285226,1590.32581136295
-1.4137036739597,44.2236031271066,1579.170417641
-1.2874398279466,44.2864461446953,1565.57126913744
-1.16222824971354,44.3484958753342,1552
-1.07808058059662,44.3900456199306,1542.83118695309
-0.938586009487437,44.4586585567017,1527.54507831142
-0.712159674905365,44.5693278610891,1502.5
-0.622571169124669,44.612876438073,1492.51001140198
-0.533536069480618,44.656022112849,1482.53582354711
-0.402305906089765,44.7193724435869,1467.75058586692
-0.272269170899122,44.7818622051709,1453
-0.13653669117484,44.8467880606281,1437.49595584382
-0.0584591104217509,44.8839965463734,1428.52728207025
0.0500548685515554,44.9355417172928,1416.00091043435
0.15773076515525,44.9864960986954,1403.5
0.254673970483438,45.0322077871264,1392.1836683677
0.350934595226633,45.0774444609388,1380.88870621486
0.446519642195952,45.1222130067139,1369.61505306817
0.541436012101784,45.1665201805123,1358.36264868231
0.578105338623544,45.1835980350782,1354
0.728151124227011,45.2532496174329,1336.05757999491
0.793873297029933,45.2836425166201,1328.15206802809
0.859270433680109,45.3138154420841,1320.25731532995
0.924344862217467,45.3437706139004,1312.37329995064
0.989098887197528,45.3735102228933,1304.5
1.08922230535299,45.4193605336091,1292.27046329956
1.1389950253312,45.4420931624339,1286.16558487831
1.18857650233304,45.4646987714234,1280.0672855322
1.19349210049268,45.4669377771835,1279.46176837359
1.19840582244505,45.4691755399008,1278.85631604003
1.22263242082634,45.4802029214999,1275.86876266185
1.24681345667274,45.4912001566841,1272.88278717215
1.29503933108825,45.5131046454892,1266.91556486065
1.34308443272667,45.5348899210019,1260.95463912357
1.39094973748492,45.5565568871757,1255
1.40808120225826,45.564302794811,1252.86486936871
1.45961912573287,45.5875771116672,1246.42905929664
1.4853090275371,45.5991627136331,1243.21398312205
1.51094642781101,45.6107141326651,1240.00079064521
1.53653148075915,45.6222315093769,1236.78948021112
1.5620643399556,45.6337149836277,1233.58005016674
1.57481124500632,45.6394440509612,1231.97603977464
1.58754515892497,45.6451646947873,1230.37249886094
1.6002661007326,45.6508769323786,1228.76942721957
1.6066217130642,45.6537299042374,1227.96806731163
1.61297408948333,45.6565807809938,1227.16682464455
1.69872186740794,45.6950006349395,1216.32268603573
1.78388192146551,45.7330415771503,1205.5
1.88108361828907,45.776321067703,1193.08182241803
1.97751583049428,45.8191103407501,1180.69249676883
2.07318724663313,45.8614171031818,1168.33192261882
2.16810642026597,45.9032489048281,1156
2.35389184417151,45.9847173874411,1131.66158906888
2.44924301618722,46.0263201319451,1119.06540313811
2.54382226451195,46.0674460956869,1106.5
2.6350959968602,46.1070028406892,1094.30565081738
2.72564647987335,46.1461184377485,1082.1409665081
2.81881248549833,46.1862314238834,1069.5546440837
2.91121801319295,46.2258845912804,1057
3.00035722753518,46.2640114601945,1044.82116506304
3.08878342989885,46.3017126835783,1032.67290433428
3.18000603077506,46.3404805056043,1020.07004160769
3.27047490917749,46.3788022472544,1007.5
3.35762066538747,46.4155981867852,995.323620858176
3.44406185786217,46.4519823408169,983.178802118096
3.53328607334706,46.4894187779563,970.572443581608
3.62176466586307,46.5264231318627,958
3.6644033296454,46.5442135573402,951.91554374812
3.70686700955878,46.5619036574554,945.839249902263
3.79127340485321,46.5969859970206,933.711083816563
3.83504578338045,46.6151370849144,927.395103104456
3.8786319456207,46.6331822959609,921.087941193903
3.96525001366113,46.6689584862703,908.5
4.0068873238953,46.6861160247427,902.423247724747
4.04835150505234,46.7031763979614,896.354941210249
4.13076446363054,46.737008676558,884.243595131338
4.17362053574195,46.7545618859037,877.918955197763
4.2162913645431,46.7720119849812,871.60348931928
4.3010817172959,46.8066061832947,859
4.34186886411599,46.8232090921125,852.91138122816
4.38248411787539,46.8397174579466,846.831503704974
4.46320294300565,46.8724535210226,834.697897215213
4.50502738068306,46.889377714349,828.384305116467
4.54666922891062,46.9062022962041,822.080138932514
4.62940954962178,46.939555847638,809.5
4.70871810785712,46.9714311792963,797.373209296456
4.74811895879384,46.9872325311214,791.323321138095
4.78735217996312,47.002943958571,785.282411049003
4.86922711996354,47.0356589316182,772.621532191134
4.90989168715005,47.0518708094448,766.3058592348
4.93015623413886,47.0599406943234,763.151704332378
4.95037580754479,47.0679866741415,760
5.02930573823701,47.099338019294,747.624980525305
5.08947423675806,47.1231760764193,738.10585056905
5.14869784730807,47.1465881955775,728.662576868828
5.20699673487745,47.1695848452443,719.29425629553
5.26439051293073,47.1921761635437,710
5.30186154800309,47.206899674198,703.893262828064
5.33895066242519,47.2214530480872,697.818265601651
5.3395816457809,47.2217004666257,697.714649662011
5.41200400156238,47.2500600796682,685.762506287605
5.41324045585914,47.2505435988831,685.557420936635
5.44859079729943,47.2643580999514,679.679239165515
5.48359216696905,47.2780184217574,673.830777988988
5.5042988783311,47.2860914948266,670.357470241551
5.52488415372689,47.2941110850259,666.894602614602
5.54534896159178,47.3020776805942,663.442128107172
5.55553649256191,47.3060412573431,661.719773662561
5.56569426532199,47.3099917659239,660
5.6342980030896,47.3366338389669,647.44308825296
5.63804133030915,47.3380855994944,646.754516626808
5.70161882012734,47.3627118296484,635.004994961893
5.70896216777528,47.3655524723468,633.641205778202
5.76768906365874,47.3882420570262,622.6840416075
5.77849467253962,47.3924114942427,620.658098913648
5.83254004603245,47.4132402381897,610.478581138349
5.8350707876864,47.4142145439893,610
5.84667546329781,47.418681032969,607.803266391352
5.89620208617119,47.4377215157066,598.386997236882
5.89930743146178,47.4389141947128,597.794365946859
5.96236286467706,47.4631022613392,585.703166460287
6.02426644181432,47.4867932464956,573.724799718285
6.09451187669129,47.5136105541348,560
6.12908363113382,47.5267830730829,553.192741540924
6.15634563444773,47.5371584459189,547.800018114301
6.17162329419891,47.5429681989032,544.768301784382
6.18682955303773,47.5487475070881,541.743844590016
6.20196486196785,47.5544965892277,538.726620490491
6.21702966837152,47.5602156620638,535.716603569497
6.22320478260676,47.5625589983683,534.480806121155
6.22628790601773,47.5637287815128,533.863362308618
6.22782836096233,47.5643132026393,533.554754032585
6.22936807869715,47.5648973104407,533.246221472873
6.23626532864441,47.567513440598,531.863248856533
6.24314779914147,47.570123292322,530.481796516729
6.24658350559308,47.5714258702766,529.791639667362
6.25001553323006,47.5727268863693,529.101861948018
6.2534438873812,47.5740263431709,528.412463046378
6.2551566885755,47.5746754876444,528.067905554689
6.25601274549122,47.5749999140389,527.895662281578
6.25686857339545,47.5753242432581,527.723442650462
6.27309942360306,47.581473209393,524.453026404614
6.27659269847642,47.5827961286423,523.748093657487
6.31623896534286,47.5977982383441,515.721110339925
6.3443495303396,47.6084217668984,510
6.38719586276298,47.6245927269314,501.231837635871
6.43783172764473,47.6436701501403,490.793867695779
6.48764896693545,47.6624038353322,480.443297181012
6.53666537112947,47.6808022224873,470.179032946135
6.58489824222113,47.6988734879055,460
6.60793600376387,47.7074934295132,455.110153799645
6.63079650708941,47.7160396734332,450.239855181777
6.65348158967296,47.724513080634,445.388987165494
6.67599306487055,47.7329144992476,440.55743370145
6.69833272230532,47.7412447648035,435.745079662605
6.72050232824597,47.7495047004573,430.951810835079
6.7425036259783,47.7576951172147,426.177513909115
6.7643383361698,47.76581681415,421.42207647015
6.77745814054171,47.7706936807683,418.556340878194
6.79051805554546,47.7755458926094,415.697432495386
6.80351844962736,47.7803736200624,412.845326953464
6.80999644158527,47.7827783553157,411.421817664446
6.81645969017725,47.785177032686,410
6.86271316253067,47.802325840013,399.307878836069
6.90827625218355,47.8191894658112,388.697138499809
6.95316278488086,47.8357743637726,378.166853394176
6.99738623746704,47.8520868020663,367.716111905669
7.0298318857801,47.8640375148651,360
7.04095979644671,47.868132887439,357.344016141245
7.07073266071772,47.8790816415759,350.213610508655
7.08389622894511,47.8839185201045,347.049681671167
7.11106788137745,47.8938949775435,340.49665633665
7.15084798767546,47.9084823209913,330.84840112145
7.19008326844482,47.9228483769664,321.268118876023
7.23589556866702,47.9395956248001,310
7.27537577467547,47.9540047919959,300.217481876511
7.31430382518661,47.9681913339326,290.505624974055
7.35269006943157,47.9821599249883,280.863666446062
7.39054461257251,47.995915114984,271.290854387338
7.43486650105463,48.011995230472,260
7.47296796494071,48.0257969263479,250.221496159884
7.51053023069079,48.0393837488396,240.514923480173
7.54756351733138,48.0527602399679,230.879491175603
7.58407780041965,48.0659308199949,221.314420010072
7.60560457357678,48.073686879834,215.644922069009
7.62695235749696,48.0813721722677,210
7.64736422429712,48.0887146870041,204.581591531031
7.66772925788069,48.0960346648774,199.16578174378
7.70831942475135,48.1106073929226,188.341950740003
7.73015888935072,48.1184388924764,182.501932901358
7.75194445031607,48.1262445633637,176.664936727765
7.79535460315387,48.1417788905502,165
7.80478232914264,48.1451492011262,162.460614540196
7.84164994391099,48.1583173285161,152.509498489537
7.87836304846124,48.1714118456587,142.567164179106
7.90019719166617,48.1791907502328,136.638571687629
7.93077463708963,48.1900737392971,128.316210957766
7.96124507469696,48.2009059836531,120
7.98982382103219,48.2110542554631,112.178010498598
8.03133839656932,48.2257762491288,100.775120697231
8.05248467374528,48.2332661932902,94.9483509011809
8.07356631681384,48.2407272036729,89.126912393105
8.09458359770836,48.2481594349217,83.3107978594423
8.11553678689138,48.2555630406244,77.5
8.13458241961898,48.262287468433,72.2074135776759
8.15357521571106,48.2689883487812,66.9192339716901
8.17251537691348,48.2756657957669,61.6354556803995
8.19140310398181,48.2823199227809,56.3560732113143
8.21049106770521,48.2890396908056,51.0103056534594
8.22952559228713,48.2957357409092,45.6690413893526
8.24850688360144,48.3024081889215,40.3322747310044
8.25797763118219,48.3057355982625,37.6655762291114
8.2627080415821,48.3073971055243,36.332647874741
8.26507200732229,48.3082273105829,35.6662888829499
8.2674351472825,48.3090571502228,35
8.27294142745686,48.3109904417018,33.125
8.27330840833926,48.3111192765746,33
8.27844477034949,48.3129222929311,31.25
8.28944265363461,48.3167816807532,27.5
8.30042881580307,48.3206353258932,23.75
8.30591750729052,48.3225599987621,21.875
8.30866075665243,48.3235217984358,20.9375
8.31003210736496,48.3240025641655,20.46875
8.31140327548029,48.3244832405219,20
8.31836166257357,48.3269221801613,17.3283812080545
8.32531472733163,48.3293586021538,14.6567624161089
8.33484238131653,48.3326961269572,10.9925718120812
8.34436005064588,48.3360289325026,7.32838120805445
8.35386775093691,48.339357028377,3.66419060402677
8.35861786756459,48.3410193131764,1.83209530201384
8.36099199335025,48.3418500153139,0.916047651006011
8.36217882321732,48.3422652563822,0.458023825503005
8.36336549777441,48.3426804241418,0
