-70.89,-24.87,58.2
-70.8830624708336,-24.8629638872234,61.6354556803995
-70.8723745571066,-24.8521219016701,66.9192339716901
-70.8616559701679,-24.8412461279953,72.2074135776759
-70.8509065862048,-24.8303364178038,77.5
-70.839079440095,-24.8183297609765,83.3107978594423
-70.8272149206844,-24.8062818902773,89.126912393105
-70.8153128617914,-24.7941926062606,94.9483509011809
-70.8033730962615,-24.7820617082176,100.775120697231
-70.7799292805954,-24.7582329460509,112.178010498598
-70.7637877503196,-24.7418189355168,120
-70.7465753119757,-24.7243092583953,128.316210957766
-70.729299870744,-24.7067285582372,136.638571687629
-70.7169625913575,-24.6941690276042,142.567164179106
-70.6962150663038,-24.6730397597584,152.509498489537
-70.6753764775814,-24.6518076745302,162.460614540196
-70.6700470635253,-24.6463760031541,165
-70.6455044848547,-24.6213539940604,176.664936727765
-70.6331857153144,-24.6087893033108,182.501932901358
-70.6208351357275,-24.5961886263167,188.341950740003
-70.5978771760808,-24.5727563514692,199.16578174378
-70.5863568900522,-24.5609934394044,204.581591531031
-70.5748089398172,-24.5491991857894,210
-70.5627301558964,-24.5368594615135,215.644922069009
-70.5505487046635,-24.5244114196233,221.314420010072
-70.5298829964032,-24.5032855602023,230.879491175603
-70.5089194162519,-24.481845063793,240.514923480173
-70.487652125283,-24.460083521543,250.221496159884
-70.466075138274,-24.4379943571283,260
-70.4409698958437,-24.4122795881515,271.290854387338
-70.4195231572637,-24.3903005658706,280.863666446062
-70.39777065261,-24.3679972907989,290.505624974055
-70.3757064472508,-24.3453632132675,300.217481876511
-70.3533244591353,-24.3223916136866,310
-70.3273465879667,-24.2957148450911,321.268118876023
-70.305092975559,-24.2728500954508,330.84840112145
-70.2825253907641,-24.2496510345888,340.49665633665
-70.2671078085247,-24.2337952624162,347.049681671167
-70.2596377704873,-24.2261109355035,350.213610508655
-70.2427402871638,-24.2087239565639,357.344016141245
-70.2364239563408,-24.2022229534986,360
-70.2180051750432,-24.1832603844757,367.716111905669
-70.1928949316437,-24.1573961495631,378.166853394176
-70.167401764523,-24.1311225687552,388.697138499809
-70.1415177022209,-24.1044307463161,399.307878836069
-70.1152345601887,-24.0773115374734,410
-70.1115605536313,-24.0735193885044,411.421817664446
-70.107878027295,-24.0697181326828,412.845326953464
-70.1004873087797,-24.0620881818652,415.697432495386
-70.093062187419,-24.0544214432991,418.556340878194
-70.0856024452757,-24.0467176742988,421.42207647015
-70.0731862554258,-24.0338924684057,426.177513909115
-70.0606737276374,-24.0209641474794,430.951810835079
-70.048063843143,-24.0079315754401,435.745079662605
-70.0353555693612,-23.9947936001128,440.55743370145
-70.0225478596649,-23.9815490529453,445.388987165494
-70.0096396531459,-23.968196748721,450.239855181777
-69.9966298743733,-23.9547354852648,455.110153799645
-69.9835174331484,-23.9411640431435,460
-69.9560588271334,-23.912731393462,470.179032946135
-69.9281460582585,-23.8838106400559,480.443297181012
-69.8997688402271,-23.8543902439653,490.793867695779
-69.8709165863986,-23.8244583135897,501.231837635871
-69.8464958983002,-23.7991087891272,510
-69.8304705566775,-23.7824664590567,515.721110339925
-69.8078642529591,-23.7589797356762,523.748093657487
-69.8058721254115,-23.7569094588851,524.453026404614
-69.7966155187437,-23.7472885255229,527.723442650462
-69.796127406549,-23.7467811471701,527.895662281578
-69.7956391611847,-23.7462736249032,528.067905554689
-69.7946622707517,-23.7452581484049,528.412463046378
-69.7927068896858,-23.7432254659903,529.101861948018
-69.7907493723511,-23.7411904746712,529.791639667362
-69.7887897155632,-23.7391531708507,530.481796516729
-69.7848639709844,-23.7350716114097,531.863248856533
-69.7809296302317,-23.7309807586191,533.246221472873
-69.7800513191868,-23.7300674588181,533.554754032585
-69.7791725793164,-23.7291536953361,533.863362308618
-69.7774138119675,-23.7273247760486,534.480806121155
-69.7738911188688,-23.723661359168,535.716603569497
-69.7652965980808,-23.7147223076768,538.726620490491
-69.756661054517,-23.7057388765237,541.743844590016
-69.7479842205731,-23.6967107629755,544.768301784382
-69.7392658263987,-23.6876376616359,547.800018114301
-69.7237063706386,-23.6714408248442,553.192741540924
-69.7039711929759,-23.6508891990695,560
-69.6638587690026,-23.6090897127372,573.724799718285
-69.6284952587347,-23.5722081939808,585.703166460287
-69.5924596277342,-23.5345961457378,597.794365946859
-69.5906845807991,-23.5327426767093,598.386997236882
-69.5623699610427,-23.5031673274764,607.803266391352
-69.555734228234,-23.4962334715676,610
-69.5542870463263,-23.4947211379705,610.478581138349
-69.5233761411744,-23.4624071559751,620.658098913648
-69.5171946693257,-23.4559424704117,622.6840416075
-69.4835918343241,-23.4207847369281,633.641205778202
-69.4793891710898,-23.4163857826814,635.004994961893
-69.4429949384014,-23.3782747726289,646.754516626808
-69.4408516487869,-23.3760294338349,647.44308825296
-69.4015625481451,-23.3348509990687,660
-69.3957406990293,-23.3287461808563,661.719773662561
-69.3899013996339,-23.3226222844826,663.442128107172
-69.3781701645482,-23.3103169300276,666.894602614602
-69.3663682596283,-23.2979342677179,670.357470241551
-69.3544950981739,-23.2854736250055,673.830777988988
-69.3344216886419,-23.2643996494161,679.679239165515
-69.3141433631534,-23.2431011823335,685.557420936635
-69.3134339979375,-23.2423559607937,685.762506287605
-69.2718743206604,-23.1986754768246,697.714649662011
-69.2715121406581,-23.1982946410537,697.818265601651
-69.2502205329664,-23.1759010407226,703.893262828064
-69.2287042389459,-23.1532606005216,710
-69.1957374399777,-23.1185508937339,719.29425629553
-69.1622375093477,-23.0832544480831,728.662576868828
-69.128192479099,-23.0473574299046,738.10585056905
-69.0935900289759,-23.0108455778292,747.624980525305
-69.0481761244268,-22.9628842630855,760
-69.0365384345848,-22.9505862139229,763.151704332378
-69.0248733322307,-22.93825610096,766.3058592348
-69.0014605210949,-22.9134992083224,772.621532191134
-68.9543018589503,-22.8635953873557,785.282411049003
-68.9316952107628,-22.8396548399882,791.323321138095
-68.9089861197405,-22.8155941048842,797.373209296456
-68.8632579469506,-22.7671086294221,809.5
-68.81552551311,-22.7164473768274,822.080138932514
-68.7914926404267,-22.6909202943137,828.384305116467
-68.7673476738737,-22.665260953515,834.697897215213
-68.720730128756,-22.6156821531719,846.831503704974
-68.697264038533,-22.5907068070071,852.91138122816
-68.6736921651939,-22.5656063171486,859
-68.6246689552196,-22.5133637105125,871.60348931928
-68.5999872948078,-22.4870406049642,877.918955197763
-68.5751912558217,-22.4605816434658,884.243595131338
-68.5274875969032,-22.4096397054742,896.354941210249
-68.5034763803836,-22.3839790837169,902.423247724747
-68.4793579941121,-22.3581908289868,908.5
-68.4291622526268,-22.3044776425185,921.087941193903
-68.4038923565189,-22.2774154718149,927.395103104456
-68.3785067639778,-22.2502149118166,933.711083816563
-68.3295336800698,-22.1976994496235,945.839249902263
-68.3048850136293,-22.1712474482815,951.91554374812
-68.2801273405566,-22.1446647104112,958
-68.228729355968,-22.0894338256728,970.572443581608
-68.1768654524129,-22.0336421410647,983.178802118096
-68.126587652524,-21.9794990723607,995.323620858176
-68.0758683610879,-21.9248231664671,1007.5
-68.0231811280777,-21.8679648072995,1020.07004160769
-67.9700197906959,-21.8105318812814,1032.67290433428
-67.9184541812479,-21.7547625734847,1044.82116506304
-67.8664387650003,-21.698446665508,1057
-67.8124810814596,-21.6399641685792,1069.5546440837
-67.7580417170896,-21.5808938913621,1082.1409665081
-67.7050942307825,-21.5233791617822,1094.30565081738
-67.6516872446094,-21.4653021953683,1106.5
-67.5963070977019,-21.4050126823451,1119.06540313811
-67.5404345140512,-21.3441181891376,1131.66158906888
-67.4314528118566,-21.2251422660083,1156
-67.3757126827347,-21.1641890399293,1168.33192261882
-67.3194890201546,-21.1026376404445,1180.69249676883
-67.2627755159253,-21.0404794436952,1193.08182241803
-67.205565744694,-20.9777056557629,1205.5
-67.155406996485,-20.9226094950195,1216.32268603573
-67.1048676272656,-20.8670394185484,1227.16682464455
-67.1011221829178,-20.8629189227938,1227.96806731163
-67.0973746395307,-20.8587958101817,1228.76942721957
-67.0898732485875,-20.8505417246708,1230.37249886094
-67.0823634401828,-20.8422771424136,1231.97603977464
-67.0748452000725,-20.8340020438054,1233.58005016674
-67.0597833679321,-20.8174202192485,1236.78948021112
-67.0446876371779,-20.8007960927799,1240.00079064521
-67.0391190616619,-20.7946624573524,1241.18404424896
-67.0295578926119,-20.7841295057508,1243.21398312205
-67.0143940184772,-20.7674202986992,1246.42905929664
-66.9839634184832,-20.7338733856913,1252.86486936871
-66.9738453145085,-20.7227146324347,1255
-66.945567863887,-20.6915169844552,1260.95463912357
-66.9171730994353,-20.6601723466559,1266.91556486065
-66.8886602824915,-20.6286796976007,1272.88278717215
-66.8743593705742,-20.6128775457703,1275.86876266185
-66.8600286655058,-20.5970380036646,1278.85631604003
-66.8571217146208,-20.5938244429251,1279.46176837359
-66.854213536246,-20.5906093410894,1280.0672855322
-66.8248734384597,-20.5581624476663,1286.16558487831
-66.795408098193,-20.5255581992523,1292.27046329956
-66.7360984483398,-20.4598731391439,1304.5
-66.6977140973235,-20.4173220053023,1312.37329995064
-66.6591189020029,-20.3745049242542,1320.25731532995
-66.6203110919419,-20.3314194337896,1328.15206802809
-66.5812888752503,-20.2880630403037,1336.05757999491
-66.492118554064,-20.1888651172067,1354
-66.4703091304178,-20.1645770116173,1358.36264868231
-66.4138249861424,-20.1016256977324,1369.61505306817
-66.3568963948591,-20.0381095842802,1380.88870621486
-66.2995179622082,-19.9740211227146,1392.1836683677
-66.241684198551,-19.9093526247768,1403.5
-66.1773902259147,-19.8373763946136,1416.00091043435
-66.1125343426389,-19.7646816033133,1428.52728207025
-66.065831045778,-19.7122778579298,1437.49595584382
-65.9845635019592,-19.6209803376425,1453
-65.9066137200384,-19.5332781847493,1467.75058586692
-65.8278560380712,-19.4445362364691,1482.53582354711
-65.7743683783697,-19.384193028296,1492.51001140198
-65.7205044687827,-19.3233643080182,1502.5
-65.5841711649386,-19.1691295752883,1527.54507831142
-65.5000380344365,-19.073754517484,1542.83118695309
-65.4492332567201,-19.0160894180979,1552
-65.3735615848919,-18.9300996372041,1565.57126913744
-65.2971634127857,-18.8431632593176,1579.170417641
-65.2340621855978,-18.7712664978383,1590.32581136295
-65.1704602862417,-18.6987157232378,1601.5
-65.0267959122261,-18.5345298139642,1626.48639000535
-64.90982716791,-18.4005389587409,1646.57372505332
-64.8838737208449,-18.3707705260824,1651
-64.8080976229773,-18.283776961381,1663.8601754062
-64.731622103907,-18.1958615565378,1676.74440637374
-64.6606812630119,-18.1142022801908,1688.61198033775
-64.5891320772528,-18.0317392326592,1700.5
-64.4373352108097,-17.8564448864275,1725.4548124004
-64.2954677571076,-17.6921976116973,1748.45502649824
-64.2858697150628,-17.6810708882605,1750
-64.2070526144667,-17.5896309326049,1762.63439076853
-64.1275067534601,-17.4972198960514,1775.29117016255
-64.0509389585495,-17.4081497779355,1787.3853461322
-63.9736881867695,-17.3181674544333,1799.5
-63.8131472864859,-17.1307916471559,1824.39975341869
-63.7351017274841,-17.0395177442311,1836.37139519048
-63.656359698038,-16.9473086978897,1848.36269448377
-63.6542594547769,-16.9448476012406,1848.68134029567
-63.6521587130872,-16.942385834611,1849
-63.6109728584517,-16.8941046023068,1855.23500903794
-63.5695950836301,-16.8455651937227,1861.47531612652
-63.4862578402021,-16.7477032774414,1873.9718514899
-63.4039154042915,-16.6508777595689,1886.22570701501
-63.3208083743542,-16.5530208487891,1898.5
-63.2365858353298,-16.4537153674077,1910.84442848281
-63.1515727354354,-16.3533404038648,1923.2092043829
-63.0657565720474,-16.2518778955246,1935.59437804998
-62.9791245361018,-16.1493093369923,1948
-62.8962511598669,-16.0510584541819,1959.77676083581
-62.8126216550785,-15.9517804465619,1971.5719790383
-62.8077415429638,-15.945983140255,1972.25753325194
-62.802858839031,-15.9401823096259,1972.94314986794
-62.7590952962823,-15.8881697494597,1979.07486614926
-62.7151227758961,-15.8358728665402,1985.21157586195
-62.6709395825772,-15.7832892123352,1991.35328510815
-62.626543999674,-15.7304163076251,1997.5
-62.5368428468951,-15.6234755191339,2009.84502897631
-62.4462694367049,-15.5153444538906,2022.2100063482
-62.2624474395344,-15.2954270889792,2047
-62.1620527727257,-15.1750596363099,2060.36870830591
-62.0747893371343,-15.0702880375211,2071.89234040359
-61.8861544736293,-14.8433401451385,2096.5
-61.6781642947561,-14.5923739093241,2123.16098513565
-61.4969065788671,-14.3730451308307,2146
-61.4873095155912,-14.3614163895611,2147.19913328747
-61.2925892104467,-14.1251310797182,2171.31202186828
-61.0938637968792,-13.8833172658114,2195.5
-60.9905276536285,-13.7573114467657,2207.91232549126
-60.8860825406706,-13.6297715526612,2220.34447117778
-60.7869477624936,-13.5085483165356,2232.04013039989
-60.6760869144474,-13.372794055229,2245
-60.4616939728571,-13.1096899363484,2269.71064065429
-60.2425222979282,-12.8399549149229,2294.5
-60.1514291779091,-12.72762147462,2304.66492071891
-60.0594884740787,-12.6141102621642,2314.84316635167
-60.0185844840513,-12.5635671022169,2319.34536379588
-59.7919775205787,-12.2830892466276,2344
-59.5285207787103,-11.9560144611317,2372.0612614952
-59.3231064484836,-11.7002759425245,2393.5
-59.3023189544621,-11.6743610015771,2395.64836841572
-59.2749219602193,-11.6401965783291,2398.47391666304
-59.2474497222031,-11.6059272950958,2401.3004964165
-59.1922779795584,-11.5370719791398,2406.95675270202
-59.1368006095973,-11.4677906531668,2412.61714179685
-59.0810144483443,-11.3980788520438,2418.28166823218
-58.9584514994105,-11.2447642744162,2430.63099049315
-58.8343748446478,-11.089338736053,2443
-58.5810040540009,-10.7712831762943,2467.84827539613
-58.4533242043469,-10.6106724480277,2480.16420665138
-58.3240027664085,-10.4477720677708,2492.5
-58.0605014921811,-10.1151642763518,2517.20988262419
-57.78992989546,-9.77269527544658,2542
-57.634597781073,-9.57566979025423,2555.96968856544
-57.4768322742357,-9.37525272852627,2569.96536136428
-57.4730177693573,-9.37040322239841,2570.30136722411
-57.4692018205638,-9.36555170420523,2570.63738807489
-57.4615655869918,-9.35584262575945,2571.3094747533
-57.4462757461232,-9.33640025944717,2572.65382804564
-57.4156263301408,-9.29741835825016,2575.34325459725
-57.3540466290286,-9.2190632114216,2580.72498936814
-57.2297480087506,-9.06076580280366,2591.5
-57.085057902781,-8.8762708126775,2603.89554466347
-56.9382575632696,-8.68883826437374,2616.31173760945
-56.7342242983896,-8.42792765245647,2633.30425228385
-56.640597942417,-8.30804743849975,2641
-56.4887841244791,-8.11346160928924,2653.34395023328
-56.3346408804577,-7.91563956532392,2665.70856565713
-56.1780956800333,-7.71448243648258,2678.09389820886
-56.0190722115912,-7.5098864221251,2690.5
-55.9552042784209,-7.42764463963551,2695.43330787115
-55.8099399785161,-7.24044197206844,2706.54938086619
-55.6625312540978,-7.05026968514237,2717.68249439006
-55.3610163601028,-6.66065964647664,2740
-55.2926284687906,-6.57217722040943,2744.97932763395
-55.1379318541074,-6.37187617495079,2756.13924688407
-54.9811018387688,-6.16860600545258,2767.30765889383
-54.822074154602,-5.96228126696655,2778.48457336147
-54.6607812753619,-5.75281240795756,2789.67
-54.5350371947438,-5.58937138068175,2798.28585062775
-54.2302703694482,-5.19275489186319,2818.79348811137
-53.9169835166503,-4.78437782964907,2839.33
-53.7447761256351,-4.55962945803809,2850.3872878975
-53.4380728040487,-4.15890561924653,2869.68099414036
-53.2814738221671,-3.95409459035324,2879.33733150893
-53.1226175481733,-3.74619779151784,2889
-53.119886435514,-3.74262242165476,2889.1000846569
-53.1171539822486,-3.73904525907284,2889.20017366278
-53.1116850474525,-3.73188554723298,2889.40036472264
-53.1007310194507,-3.7175445169189,2889.80079904268
-53.078757964214,-3.68877554663479,2890.60187654757
-53.034548886367,-3.63088604256205,2892.20486752515
-52.9450543395499,-3.5136683868498,2895.41419742546
-52.7615504331368,-3.27320218806946,2901.84628168333
-52.5715860690064,-3.02411327599837,2908.29632769777
-52.3745598514505,-2.76560873363592,2914.76441081194
-51.9811044188291,-2.2489612692247,2927.01472392131
-51.5538082166776,-1.68734606332351,2939.33
-51.0656552381279,-1.04524008671133,2952.17095087527
-50.8001194962664,-0.695804620323861,2958.61750086836
-50.5168992557898,-0.323024282049289,2965.08152815299
-49.9197329641084,0.46304458361097,2977.33921702579
-49.2018488557645,1.40768693846935,2989.66
-48.2080129350021,2.71368051754372,3002.49571543133
-45.9760726393698,5.63084361938074,3014.1301757874
-43.7216308559893,8.53943244333964,3002.49571543133
-42.7031095440218,9.83601184340529,2989.66
-41.9616941278055,10.7716726128921,2977.33921702579
-41.3412849362761,11.5488627363942,2965.08152815299
-41.045871220924,11.916982308322,2958.61750086836
-40.7682176368278,12.2617839489099,2952.17095087527
-40.2560518795226,12.8947017041524,2939.33
-39.8058862920045,13.4475590025406,2927.01472392131
-39.3898411676292,13.9555487627538,2914.76441081194
-39.180950179988,14.2095032694893,2908.29632769777
-38.9791965406209,14.4540692151469,2901.84628168333
-38.7839779394693,14.6900391994135,2895.41419742546
-38.6886537284109,14.8050186809248,2892.20486752515
-38.6415366957791,14.8617915662645,2890.60187654757
-38.6181113771809,14.890002842459,2889.80079904268
-38.6064316453509,14.9040651793233,2889.40036472264
-38.6005999655223,14.9110855828093,2889.20017366278
-38.5976861664508,14.9145931008035,2889.1000846569
-38.5947737257886,14.9180988324704,2889
-38.5918611901729,14.9216045273085,2889.1000846569
-38.5889471060513,14.9251119347427,2889.20017366278
-38.583114284693,14.9321318954728,2889.40036472264
-38.5714299760734,14.9461924571749,2889.80079904268
-38.5479862643683,14.9743965993831,2890.60187654757
-38.5007949622524,15.0311406783957,2892.20486752515
-38.4051679400585,15.1460027105656,2895.41419742546
-38.2086895373958,15.381484058115,2901.84628168333
-38.0047257372041,15.6251927301493,2908.29632769777
-37.7925671632741,15.8778797572728,2914.76441081194
-37.3670188624876,16.3821829222635,2927.01472392131
-36.9020258218438,16.9292870839764,2939.33
-36.3671599838084,17.5533945278758,2952.17095087527
-36.0745717541722,17.8923980787869,2958.61750086836
-35.7612156886691,18.2535501084174,2965.08152815299
-35.0961511019162,19.0133908349894,2977.33921702579
-34.288766858125,19.9233996091372,2989.66
-33.1567103215829,21.1757692547281,3002.49571543133
-30.5530134901827,23.9478683304112,3014.1301757874
-27.8358785418069,26.6741628397458,3002.49571543133
-26.57942513075,27.8762272638823,2989.66
-25.6535105067168,28.7382291841768,2977.33921702579
-24.8714178383428,29.4506003271407,2965.08152815299
-24.4966875839047,29.7868290293763,2958.61750086836
-24.143119655787,30.1010500459889,2952.17095087527
-23.4874572870939,30.6760077243217,2939.33
-22.9074711831187,31.176252411605,2927.01472392131
-22.3683864766823,31.6342214022671,2914.76441081194
-22.0966155427547,31.8625533731238,2908.29632769777
-21.8334326918427,32.0820490290473,2901.84628168333
-21.5781238038058,32.2934577853746,2895.41419742546
-21.453225774755,32.3963356772293,2892.20486752515
-21.3914348017824,32.4471006495335,2890.60187654757
-21.3607001851392,32.4723184700734,2889.80079904268
-21.3453726532542,32.4848866777301,2889.40036472264
-21.3377187771391,32.4911606629939,2889.20017366278
-21.3338943048051,32.4942951330665,2889.1000846569
-21.3300714737346,32.4974279241177,2889
-21.1073103286386,32.6794036343081,2879.33733150893
-20.8869352281004,32.858317744417,2869.68099414036
-20.4530797982396,33.2073262099813,2850.3872878975
-20.2081745769553,33.4024563723519,2839.33
-19.760223311431,33.7558714428463,2818.79348811137
-19.3214669045677,34.0976747345741,2798.28585062775
-19.1395805726051,34.2381110145202,2789.67
-18.9055382720286,34.4177368741185,2778.48457336147
-18.6739735375653,34.5942681403684,2767.30765889383
-18.4448216909652,34.7677957227797,2756.13924688407
-18.2180211118564,34.9384063484968,2744.97932763395
-18.1175151939608,35.0136513892998,2740
-17.6726227709081,35.3440775195159,2717.68249439006
-17.4540661361812,35.504825590188,2706.54938086619
-17.2380136088974,35.6627160611468,2695.43330787115
-17.1428103128815,35.7319706694661,2690.5
-16.9052028987303,35.9039652040353,2678.09389820886
-16.6705145818643,36.0726585271157,2665.70856565713
-16.4386678260663,36.2381545046892,2653.34395023328
-16.2095887898779,36.4005520342779,2641
-16.0679477195052,36.5004070875906,2633.30425228385
-15.7583187010846,36.7172167656886,2616.31173760945
-15.534729180751,36.8725263766361,2603.89554466347
-15.3136880862172,37.0250374837261,2591.5
-15.1232717075567,37.1556019773028,2580.72498936814
-15.0287558519047,37.2201297070757,2575.34325459725
-14.9816689826835,37.2522076563725,2572.65382804564
-14.9581680639558,37.2682004854057,2571.3094747533
-14.9464282027319,37.276185404816,2570.63738807489
-14.9405609178175,37.2801749958842,2570.30136722411
-14.9346953952454,37.2841626764796,2569.96536136428
-14.6917003925449,37.4487382891698,2555.96968856544
-14.4516897482114,37.610098693259,2542
-14.0318119816222,37.8895474768325,2517.20988262419
-13.6207075743173,38.1596831802951,2492.5
-13.4181540706791,38.2915251342248,2480.16420665138
-13.2176619545484,38.4212135509411,2467.84827539613
-12.8183048886036,38.6771442456795,2443
-12.6220145658887,38.8017762608088,2430.63099049315
-12.4276532228621,38.9244329687588,2418.28166823218
-12.3390340639669,38.9801112907263,2412.61714179685
-12.2508106537422,39.0353876504688,2406.95675270202
-12.1629796312412,39.0902664819476,2401.3004964165
-12.1192102252026,39.1175581930839,2398.47391666304
-12.0755376787384,39.1447521527142,2395.64836841572
-12.0423857637214,39.1653702473184,2393.5
-11.7140808281599,39.368395604116,2372.0612614952
-11.2911282880754,39.6268716403603,2344
-10.9256520830191,39.8474515539056,2319.34536379588
-10.8595162593467,39.8870944084376,2314.84316635167
-10.710677771695,39.9760059917282,2304.66492071891
-10.5629611112441,40.0638315593154,2294.5
-10.2065349677108,40.2740484040458,2269.71064065429
-9.85649633527781,40.4781758583098,2245
-9.67496013678819,40.5831396670388,2232.04013039989
-9.51231848686697,40.6766591162849,2220.34447117778
-9.34065202083298,40.7748372078827,2207.91232549126
-9.17049358589468,40.8716170246508,2195.5
-8.84238652021264,41.0567336252559,2171.31202186828
-8.51978036031687,41.2368341630392,2147.19913328747
-8.50385193941704,41.2456776020274,2146
-8.202517776935,41.4121154813173,2123.16098513565
-7.85558343381766,41.6017211762974,2096.5
-7.53987159777442,41.7723989918315,2071.89234040359
-7.3934818783782,41.8509400214283,2060.36870830591
-7.22479913842498,41.9409732721673,2047
-6.91521217786058,42.1049143627531,2022.2100063482
-6.76232604256792,42.185257648346,2009.84502897631
-6.61068872940793,42.2645434562132,1997.5
-6.53555720896988,42.3036794829849,1991.35328510815
-6.46073134648937,42.3425593117751,1985.21157586195
-6.38620911313886,42.381185345221,1979.07486614926
-6.31198850201947,42.419559955181,1972.94314986794
-6.30370445354187,42.4238372135454,1972.25753325194
-6.29542415189702,42.4281113582168,1971.5719790383
-6.15342536885062,42.5012253831867,1959.77676083581
-6.01252285049544,42.5734334598673,1948
-5.86503096567947,42.6486551884496,1935.59437804998
-5.7187285612432,42.7229045028188,1923.2092043829
-5.57360025709043,42.7961992599644,1910.84442848281
-5.42963099096963,42.8685568734569,1898.5
-5.28738346195648,42.9397061906406,1886.22570701501
-5.14626407567908,43.0099554926878,1873.9718514899
-5.0032575985516,43.0808041785187,1861.47531612652
-4.93218561752737,43.1158878982693,1855.23500903794
-4.86139872112685,43.1507472779392,1849
-4.85778694733368,43.1525236800858,1848.68134029567
-4.85417591512733,43.1542995007031,1848.36269448377
-4.71870849843582,43.2207627594353,1836.37139519048
-4.58428002505759,43.2864156978038,1824.39975341869
-4.30726309397357,43.4207665234006,1799.5
-4.17372895700845,43.4850790878075,1787.3853461322
-4.04122490360865,43.5486072016702,1775.29117016255
-3.9034092320653,43.6143781671794,1762.63439076853
-3.76669817363576,43.6793169230697,1750
-3.75003932499938,43.6872092793658,1748.45502649824
-3.50353724056296,43.8034685949835,1725.4548124004
-3.23922632301864,43.9270402695947,1700.5
-3.11444611099564,43.9849890879818,1688.61198033775
-2.99060258083314,44.042257251289,1676.74440637374
-2.85695909840487,44.1037834239892,1663.8601754062
-2.72439747569744,44.164531698263,1651
-2.67896288793546,44.1852887789302,1646.57372505332
-2.47399365609097,44.2785254885773,1626.48639000535
-2.22179615525997,44.3923397343381,1601.5
-2.10998874443807,44.4424790309315,1590.32581136295
-1.99896711818714,44.4920731971469,1579.170417641
-1.86442542568459,44.5519172536577,1565.57126913744
-1.73102875974082,44.6109751300063,1552
-1.64139367613259,44.6505042858364,1542.83118695309
-1.49282607604718,44.7157501647836,1527.54507831142
-1.25173533914239,44.8209082454643,1502.5
-1.15636617891396,44.8622607406884,1492.51001140198
-1.06159824637831,44.9032152715979,1482.53582354711
-0.92194040330557,44.9633204811828,1467.75058586692
-0.78357853777959,45.0225765010526,1453
-0.639183843634669,45.0841078929567,1437.49595584382
-0.556136266122493,45.1193550148095,1428.52728207025
-0.440730386689935,45.168163694429,1416.00091043435
-0.326233663225977,45.2163906850657,1403.5
-0.223164746130607,45.2596366510274,1392.1836683677
-0.120835868729031,45.3024154720634,1380.88870621486
-0.0192392938258052,45.3447341223856,1369.61505306817
0.0816326010760662,45.3865994408484,1358.36264868231
0.12059901938153,45.4027315117246,1354
0.280022484423625,45.4684991309142,1336.05757999491
0.349841216494866,45.4971837807294,1328.15206802809
0.419307997811771,45.5256526901273,1320.25731532995
0.488425396600391,45.5539081010168,1312.37329995064
0.557195954750725,45.581952225064,1304.5
0.663516927762771,45.6251729560829,1292.27046329956
0.716364717846616,45.6465947852031,1286.16558487831
0.769005605118068,45.6678922657629,1280.0672855322
0.774224309684897,45.6700014529897,1279.46176837359
0.779440984643941,45.6721094236261,1278.85631604003
0.805160710269405,45.6824965414484,1275.86876266185
0.830831151128322,45.6928541584038,1272.88278717215
0.882024718889397,45.7134813509224,1266.91556486065
0.93302277526918,45.7339919225131,1260.95463912357
0.983826395300113,45.7543867835691,1255
1.00200864052987,45.7616768666656,1252.86486936871
1.0567049301207,45.7835782221764,1246.42905929664
1.08396761190488,45.7944785162993,1243.21398312205
1.10115973431267,45.8013468277235,1241.18404424896
1.11117354417829,45.8053454105453,1240.00079064521
1.1383228966935,45.8161790463524,1236.78948021112
1.16541583849755,45.8269795643824,1233.58005016674
1.17894120832887,45.8323674481004,1231.97603977464
1.19245253855685,45.8377471047728,1230.37249886094
1.20594985011589,45.8431185517662,1228.76942721957
1.21269325546325,45.8458012020628,1227.96806731163
1.21943316397406,45.8484818064306,1227.16682464455
1.31040584495236,45.8845995682412,1216.32268603573
1.40074353533412,45.9203474734817,1205.5
1.50384100156056,45.961001546831,1193.08182241803
1.60610754421933,46.0011776568611,1180.69249676883
1.70755271519403,46.0408835364914,1168.33192261882
1.80818591556572,46.080126757379,1156
2.00511394177398,46.1565052904397,1131.66158906888
2.10616249692828,46.1954838206838,1119.06540313811
2.20637866967127,46.233998922855,1106.5
2.30307874594452,46.2710286449714,1094.30565081738
2.39899936831692,46.3076300909697,1082.1409665081
2.49767688702261,46.3451489201707,1069.5546440837
2.59553516095782,46.3822217565723,1057
2.68992134171285,46.4178526049552,1044.82116506304
2.78353985538784,46.4530711154452,1032.67290433428
2.8801057183901,46.4892708079705,1020.07004160769
2.97586040777074,46.5250387611032,1007.5
3.06808525561794,46.5593682759501,995.323620858176
3.15955226730532,46.5932997326966,983.178802118096
3.25395134790446,46.6281980582474,970.572443581608
3.34754874639435,46.6626790842304,958
3.39264964547071,46.6792512194349,951.91554374812
3.43756249536322,46.6957265618936,945.839249902263
3.52682840483536,46.7283899599708,933.711083816563
3.57311628122974,46.7452843484431,927.395103104456
3.61920411540051,46.7620766799502,921.087941193903
3.71078445490544,46.7953585414326,908.5
3.75480273641075,46.8113149312521,902.423247724747
3.79863514445728,46.8271777820958,896.354941210249
3.88574668784496,46.8586258642356,884.243595131338
3.93104166423066,46.8749371388312,877.918955197763
3.97613783805511,46.8911492402047,871.60348931928
4.06573860525188,46.92327921754,859
4.10883548727152,46.9386947558747,852.91138122816
4.15174799507308,46.954019471598,846.831503704974
4.23702424479661,46.9843993589685,834.697897215213
4.28120584811673,47.0001007266234,828.384305116467
4.32519167916564,47.0157064880569,822.080138932514
4.41258081032079,47.0466343715619,809.5
4.49633463300005,47.0761797506279,797.373209296456
4.53793999517507,47.0908217968583,791.323321138095
4.57936576404757,47.1053776850237,785.282411049003
4.66580797186285,47.1356774562418,772.621532191134
4.70873677095565,47.150687915415,766.3058592348
4.73012862642108,47.1581586310035,763.151704332378
4.75147231950824,47.1656064661246,760
4.83478214686738,47.1946193729018,747.624980525305
4.89828016938002,47.2166709547199,738.10585056905
4.96077318706001,47.2383214015498,728.662576868828
5.0222828576056,47.2595807556841,719.29425629553
5.08283023952424,47.2804587367461,710
5.12235626919762,47.2940620462684,703.893262828064
5.16147638796805,47.3075053949888,697.818265601651
5.16214189786315,47.3077339184261,697.714649662011
5.23852128622319,47.3339224491666,685.762506287605
5.23982519822299,47.3343688613862,685.557420936635
5.27710274151727,47.3471218971901,679.679239165515
5.31400958656099,47.3597301447001,673.830777988988
5.3358423072564,47.3671803058458,670.357470241551
5.35754605713426,47.3745802641228,666.894602614602
5.37912187407045,47.3819304860212,663.442128107172
5.38986213167385,47.3855870909604,661.719773662561
5.40057079038107,47.3892314342112,660
5.4728517715522,47.4137906718035,647.44308825296
5.47679547345928,47.4151286761483,646.754516626808
5.54377186914733,47.437821156625,635.004994961893
5.55150727534549,47.4404382417574,633.641205778202
5.61336568178395,47.4613384500046,622.6840416075
5.62474672730123,47.4651783525261,620.658098913648
5.6816666904834,47.4843575296208,610.478581138349
5.68433189482619,47.4852545367973,610
5.69655298250751,47.4893665105894,607.803266391352
5.74870730388422,47.5068928165132,598.386997236882
5.75197724352952,47.5079904927748,597.794365946859
5.81837065989376,47.5302478817646,585.703166460287
5.88354350112549,47.5520404967456,573.724799718285
5.95748946680976,47.5767000878899,560
5.99387884049293,47.5888093023224,553.192741540924
6.02257246689885,47.5983455580376,547.800018114301
6.03865176091992,47.603684824737,544.768301784382
6.05465544468942,47.60899567175,541.743844590016
6.07058399942584,47.6142783066335,538.726620490491
6.08643790244903,47.6195329350039,535.716603569497
6.09293633911659,47.6216858450334,534.480806121155
6.09618086311424,47.6227605411222,533.863362308618
6.09780195330615,47.6232974501998,533.554754032585
6.09942226296637,47.6238340669226,533.246221472873
6.10668047079058,47.6262374365119,531.863248856533
6.11392303107391,47.6286349482587,530.481796516729
6.11753845778391,47.6298315136087,529.791639667362
6.12114998972666,47.6310266218433,529.101861948018
6.12475763258617,47.6322202754003,528.412463046378
6.12655999739712,47.6328165574397,528.067905554689
6.12746081595608,47.6331145624068,527.895662281578
6.1283613920675,47.6334124767225,527.723442650462
6.14544061923182,47.6390603789227,524.453026404614
6.1491164168004,47.6402754314209,523.748093657487
6.19083248483511,47.6540526940948,515.721110339925
6.22040871120821,47.66380706027,510
6.26548598565249,47.6786521172064,501.231837635871
6.31875366613392,47.6961608503793,490.793867695779
6.37115519050876,47.7133493803854,480.443297181012
6.42270951571815,47.7302256925604,470.179032946135
6.4734350738749,47.7467975189017,460
6.4976618007659,47.7547006834993,455.110153799645
6.52170107850043,47.7625352890992,450.239855181777
6.54555486358112,47.770302148996,445.388987165494
6.56922508662213,47.7780020641729,440.55743370145
6.59271365276723,47.7856358235289,435.745079662605
6.61602244209976,47.7932042041015,430.951810835079
6.63915331004507,47.8007079712841,426.177513909115
6.66210808776485,47.8081478790393,421.42207647015
6.67590045117581,47.8126149175789,418.556340878194
6.68962951591863,47.8170590515565,415.697432495386
6.70329567400294,47.821480441655,412.845326953464
6.71010528566865,47.8236826578794,411.421817664446
6.71689931627645,47.8258792477374,410
6.76550755656123,47.8415777525193,399.307878836069
6.81338634893726,47.8570113462219,388.697138499809
6.86055039732648,47.8721861157477,378.166853394176
6.907014031781,47.8871079703846,367.716111905669
6.94110091725032,47.8980376377208,360
6.95279127053267,47.901782664278,357.344016141245
6.98406781714748,47.9117936692587,350.213610508655
6.99789568411927,47.9162157553254,347.049681671167
7.02643752669091,47.9253356633614,340.49665633665
7.06822113942391,47.9386681367556,330.84840112145
7.10942958572082,47.9517955158882,321.268118876023
7.15754216801757,47.9670952034875,310
7.19900156493971,47.9802558189555,300.217481876511
7.2398782708335,47.9932103041523,290.505624974055
7.28018327277545,48.0059630497743,280.863666446062
7.31992729693182,48.0185183278378,271.290854387338
7.36645807277105,48.0331923885681,260
7.40645547766856,48.0457843844194,250.221496159884
7.44588419630549,48.0581777423036,240.514923480173
7.48475506826459,48.0703767199876,230.879491175603
7.52307867316128,48.0823854594999,221.314420010072
7.54567095306994,48.0894561786541,215.644922069009
7.56807452878185,48.0964615476941,210
7.58949510623989,48.1031536874857,204.581591531031
7.61086590872786,48.1098245749996,199.16578174378
7.65345883383414,48.1231029637254,188.341950740003
7.67637484753156,48.1302377066346,182.501932901358
7.69923358115629,48.1373481041772,176.664936727765
7.74478000639269,48.1514963191549,165
7.75467130606349,48.1545654732879,162.460614540196
7.79335045566617,48.1665554903141,152.509498489537
7.83186545331937,48.1784761671617,142.567164179106
7.85477025393646,48.1855566462563,136.638571687629
7.8868458750275,48.195461136749,128.316210957766
7.91880783113591,48.2053178498881,120
7.94878420004426,48.2145507360058,112.178010498598
7.99232674878589,48.2279422778163,100.775120697231
8.01450498186087,48.2347541990762,94.9483509011809
8.03661473241452,48.2415390371684,89.126912393105
8.05865629171757,48.2482969403539,83.3107978594423
8.08062994944875,48.2550280558607,77.5
8.10060255354156,48.2611410272708,72.2074135776759
8.1205191850935,48.2672319685173,66.9192339716901
8.14038006014862,48.273300988931,61.6354556803995
8.15327242268681,48.2772379927111,58.2
8.16018539367931,48.2793481971519,56.3560732113143
8.18020012498026,48.2854544332441,51.0103056534594
8.20015825491643,48.2915384901695,45.6690413893526
8.22006000390633,48.297600478864,40.3322747310044
8.2299898044855,48.3006232322084,37.6655762291114
8.2349494482108,48.3021325546225,36.332647874741
8.23742795741825,48.302886703012,35.6662888829499
8.2399055920859,48.3036405098065,35
8.24567574547314,48.3053957548447,33.125
8.25144277657212,48.3071496411166,31.25
8.26296748195625,48.310653343276,27.5
8.27447972831324,48.3141516280917,23.75
8.28023118561821,48.3158987426764,21.875
8.28310574889649,48.3167717936558,20.9375
8.28454273932871,48.3172081926476,20.46875
8.28597953567504,48.3176445073379,20
8.29326930029137,48.3198578134041,17.3283812080545
8.30055341901625,48.3220687534018,14.6567624161089
8.3105345962239,48.3250972703821,10.9925718120812
8.32050518209044,48.3281213526089,7.32838120805445
8.33046519335696,48.3311410093075,3.66419060402677
8.33544123873719,48.3326491809599,1.83209530201384
8.33792827227657,48.3334028531143,0.916047651006011
8.33917154187253,48.3337795858362,0.458023825503005
8.3404146467294,48.3341562496785,0
