127.21,-3.6,30.1
127.208445772818,-3.59806721998935,31.25
127.205910477017,-3.59491439570792,33.125
127.203373655517,-3.59175964526301,35
127.202285513685,-3.59040644073325,35.6662888829499
127.201196960132,-3.58905271888527,36.332647874741
127.199018616988,-3.58634372212929,37.6655762291114
127.194656980392,-3.58091950861076,40.3322747310044
127.185913856607,-3.57004613925273,45.6690413893526
127.177144170259,-3.5591393934533,51.0103056534594
127.168347807158,-3.54819912711391,56.3560732113143
127.159641691009,-3.53737076602562,61.6354556803995
127.150909377327,-3.52650948536968,66.9192339716901
127.142150754535,-3.51561514435257,72.2074135776759
127.133365710427,-3.50468760139332,77.5
127.123698400858,-3.49266223586308,83.3107978594423
127.113999012706,-3.48059655781035,89.126912393105
127.104267395222,-3.46849037703503,94.9483509011809
127.094503396723,-3.45634350216309,100.775120697231
127.075327195589,-3.43248620754361,112.178010498598
127.062120519586,-3.41605473933022,120
127.048034501988,-3.39852839332282,128.316210957766
127.033893643647,-3.38093296580262,136.638571687629
127.023792917888,-3.36836414614839,142.567164179106
127.006802807557,-3.34722156646253,152.509498489537
126.989733347003,-3.32597902819475,162.460614540196
126.985367108291,-3.32054515317463,165
126.965256020027,-3.29551546643969,176.664936727765
126.955159062522,-3.28294845280013,182.501932901358
126.94503434992,-3.27034647454666,188.341950740003
126.926209481005,-3.24691451619838,199.16578174378
126.916760981988,-3.23515310392773,204.581591531031
126.907288321453,-3.22336125348277,210
126.897378797579,-3.21102519588871,215.644922069009
126.887383571021,-3.19858205069782,221.314420010072
126.870423385581,-3.17746725459596,230.879491175603
126.853214387112,-3.15604152853628,240.514923480173
126.835751593701,-3.13429862639078,250.221496159884
126.818029895588,-3.11223214141784,260
126.797404511939,-3.08654854382445,271.290854387338
126.77977981839,-3.06460023140196,280.863666446062
126.761899163479,-3.04233195044998,290.505624974055
126.743757467937,-3.01973733121187,300.217481876511
126.72534952315,-2.9968098414406,310
126.703977898733,-2.97018943334921,321.268118876023
126.685664816466,-2.94737738295205,330.84840112145
126.667088313826,-2.92423593516729,340.49665633665
126.654394413894,-2.90842194044234,347.049681671167
126.648243186136,-2.90075856179991,350.213610508655
126.634326843704,-2.88342067124954,357.344016141245
126.629124141295,-2.87693862438481,360
126.613950492024,-2.85803321953348,367.716111905669
126.593258872166,-2.83225144792979,378.166853394176
126.572245278463,-2.80606694447037,388.697138499809
126.550902845196,-2.7794710959492,399.307878836069
126.529224518158,-2.75245505244806,410
126.52619502995,-2.74867950340163,411.421817664446
126.523158386112,-2.74489500486135,412.845326953464
126.517063540094,-2.73729904459821,415.697432495386
126.510939793696,-2.72966693788015,418.556340878194
126.504786959813,-2.72199845005154,421.42207647015
126.494544834229,-2.70923305198753,426.177513909115
126.484221738024,-2.69636637536019,430.951810835079
126.473816795892,-2.68339732236559,435.745079662605
126.463329120372,-2.67032477993842,440.55743370145
126.452757811636,-2.65714761949052,445.388987165494
126.442101957278,-2.64386469664399,450.239855181777
126.431360632097,-2.63047485095884,455.110153799645
126.420532897875,-2.61697690565497,460
126.397853312177,-2.58870309952353,470.179032946135
126.374791178193,-2.55995067543727,480.443297181012
126.351337629733,-2.53070851230651,490.793867695779
126.327483535188,-2.50096515594119,501.231837635871
126.307287065499,-2.47578105004668,510
126.294030628173,-2.45925016986738,515.721110339925
126.27532611396,-2.43592457588813,523.748093657487
126.273677587314,-2.43386871799402,524.453026404614
126.266017054637,-2.42431525059976,527.723442650462
126.265613082554,-2.4238114511616,527.895662281578
126.26520899797,-2.42330751092598,528.067905554689
126.264400491127,-2.42229920784917,528.412463046378
126.262782125552,-2.4202809097738,529.101861948018
126.26116195515,-2.41826035290713,529.791639667362
126.259539977164,-2.41623753379337,530.481796516729
126.256290587498,-2.41218509509302,531.863248856533
126.253033934305,-2.40812356576535,533.246221472873
126.252306891471,-2.40721683119838,533.554754032585
126.25157948626,-2.40630964309603,533.863362308618
126.250123587725,-2.40449390505578,534.480806121155
126.247207431306,-2.40085697297871,535.716603569497
126.240092214037,-2.39198300638879,538.726620490491
126.23294232124,-2.38306564034523,541.743844590016
126.2257575212,-2.37410458418793,544.768301784382
126.218537580207,-2.36509954475387,547.800018114301
126.205650557496,-2.34902587930834,553.192741540924
126.189301679872,-2.32863362487369,560
126.156060521057,-2.28716892171066,573.724799718285
126.126742001233,-2.25059465116907,585.703166460287
126.096853933693,-2.21330738644725,597.794365946859
126.09538138293,-2.21147022135855,598.386997236882
126.071887946851,-2.18215882953837,607.803266391352
126.066380983453,-2.17528789295063,610
126.065179918059,-2.17378933483619,610.478581138349
126.039521124684,-2.14177416276266,620.658098913648
126.034388858599,-2.13537028230213,622.6840416075
126.006483175789,-2.10054921931059,633.641205778202
126.002992288941,-2.09619310169216,635.004994961893
125.972754840406,-2.05845984349845,646.754516626808
125.97097373506,-2.05623713130928,647.44308825296
125.938316139484,-2.0154809786278,660
125.93348120659,-2.00944683000999,661.719773662561
125.928631475463,-2.00339415357071,663.442128107172
125.918887370593,-1.99123290634899,666.894602614602
125.909083318671,-1.978996602261,670.357470241551
125.899218810233,-1.96668460251409,673.830777988988
125.882538459418,-1.94586513099216,679.679239165515
125.865684159124,-1.92482785606865,685.557420936635
125.865094504521,-1.9240918459273,685.762506287605
125.830540455352,-1.88095983614481,697.714649662011
125.830239259295,-1.88058385640676,697.818265601651
125.812530673286,-1.85847804788386,703.893262828064
125.794631091749,-1.83613307494579,710
125.767197714171,-1.80188514269317,719.29425629553
125.739310751278,-1.76706920968418,728.662576868828
125.710959769174,-1.73167219748898,738.10585056905
125.682134019466,-1.69568063440244,747.624980525305
125.644285573929,-1.64842073896466,760
125.63458353807,-1.63630570020748,763.151704332378
125.624857222123,-1.62416014866055,766.3058592348
125.605331401418,-1.59977707190369,772.621532191134
125.56598453444,-1.55063993928554,785.282411049003
125.547114375885,-1.52707344363538,791.323321138095
125.528153300133,-1.50339271632656,797.373209296456
125.489955875093,-1.4556854203701,809.5
125.450060787716,-1.40585495671153,822.080138932514
125.429964865418,-1.38075332450027,828.384305116467
125.409769081914,-1.35552625142259,834.697897215213
125.370758977135,-1.30679577160309,846.831503704974
125.351113609395,-1.28225430211913,852.91138122816
125.331373835368,-1.257594272258,859
125.290301579497,-1.20628255494789,871.60348931928
125.26961336536,-1.18043572004988,877.918955197763
125.248822795207,-1.15446036751748,884.243595131338
125.2088067434,-1.10446330354903,896.354941210249
125.188655912377,-1.07928550018938,902.423247724747
125.168409003337,-1.05398709621901,908.5
125.126250913345,-1.00130906337207,921.087941193903
125.105017280726,-0.974776030496616,927.395103104456
125.083679613909,-0.948112442985115,933.711083816563
125.042496349938,-0.896648241225239,945.839249902263
125.021758757081,-0.870733012026025,951.91554374812
125.000922965264,-0.844694592470957,958
124.957646179482,-0.790610281886455,970.572443581608
124.913948618992,-0.735998229537543,983.178802118096
124.871560107337,-0.68302050350264,995.323620858176
124.828772130193,-0.629541956911582,1007.5
124.784294936689,-0.573950610307538,1020.07004160769
124.739387516711,-0.517820083542769,1032.67290433428
124.695799270571,-0.463337157807958,1044.82116506304
124.651802064694,-0.408341933445309,1057
124.606131458602,-0.351253958801878,1069.5546440837
124.560021604738,-0.29361599371614,1082.1409665081
124.515144960945,-0.237518803975219,1094.30565081738
124.469848480465,-0.180896196320248,1106.5
124.422846234091,-0.122140814571244,1119.06540313811
124.375392736416,-0.0628210005328089,1131.66158906888
124.282736489445,0.0530054113179489,1156
124.235296973035,0.11230778893919,1168.33192261882
124.187412109736,0.172166555533686,1180.69249676883
124.139075638509,0.232589353714771,1193.08182241803
124.090281175476,0.293583969410052,1205.5
124.047471594498,0.347096576820371,1216.32268603573
124.004309763519,0.401048692380188,1227.16682464455
124.001109969788,0.405048385879015,1227.96806731163
123.997908231628,0.409050504669395,1228.76942721957
123.991498914971,0.417062026690406,1230.37249886094
123.985081799322,0.425083275734315,1231.97603977464
123.978656870454,0.433114269089431,1233.58005016674
123.965783516262,0.449205557736275,1236.78948021112
123.952878737572,0.465336032135816,1240.00079064521
123.93994241926,0.481505832111284,1243.21398312205
123.926974445618,0.497715098166804,1246.42905929664
123.900943068879,0.530252591031077,1252.86486936871
123.892285486978,0.541073895007741,1255
123.86808395878,0.571323649278162,1260.95463912357
123.84377334567,0.601709326656239,1266.91556486065
123.819352906579,0.632231824959899,1272.88278717215
123.80710126786,0.647544665896799,1275.86876266185
123.794821891542,0.662892052435079,1278.85631604003
123.792330777672,0.666005557511327,1279.46176837359
123.78983852066,0.669120486140712,1280.0672855322
123.764689474941,0.700552534951506,1286.16558487831
123.739423727754,0.732129880279287,1292.27046329956
123.688538866157,0.795724404369549,1304.5
123.65558667201,0.83690579781255,1312.37329995064
123.62243741955,0.878332309340207,1320.25731532995
123.589089322593,0.920006092793704,1328.15206802809
123.555540572177,0.961929328025327,1336.05757999491
123.47881599006,1.05780079858354,1354
123.460037483273,1.08126438352022,1358.36264868231
123.411379166473,1.14206028421092,1369.61505306817
123.362303040172,1.20337477523062,1380.88870621486
123.312803627762,1.26521442257195,1392.1836683677
123.262875351039,1.32758590708861,1403.5
123.207327409038,1.39697270829681,1416.00091043435
123.151248603043,1.46701714030595,1428.52728207025
123.110837524818,1.51748844685786,1437.49595584382
123.040462603582,1.60537552916355,1453
122.972893476658,1.6897492397856,1467.75058586692
122.904557111328,1.77507115674414,1482.53582354711
122.858108655454,1.83305884365237,1492.51001140198
122.811302119342,1.89148855106168,1502.5
122.692690866403,2.0395301511873,1527.54507831142
122.619393646792,2.13099638341897,1542.83118695309
122.575095089013,2.18626880934881,1552
122.509062246795,2.26864962801587,1565.57126913744
122.442332398877,2.35188742028455,1579.170417641
122.38716899277,2.42068752546293,1590.32581136295
122.331524196385,2.49007867623827,1601.5
122.20567187286,2.64698522676303,1626.48639000535
122.103040072502,2.77490285798525,1646.57372505332
122.080247661137,2.80330582895869,1651
122.013659040185,2.88627534273156,1663.8601754062
121.946392711282,2.97007303020464,1676.74440637374
121.883937943198,3.04786163702634,1688.61198033775
121.82089242688,3.12637096030643,1700.5
121.686953267565,3.29311070927304,1725.4548124004
121.561550164483,3.44915719434595,1748.45502649824
121.553058166696,3.45972187533912,1750
121.483286034856,3.54651175732572,1762.63439076853
121.412800782502,3.63416682249185,1775.29117016255
121.344889923074,3.71859909651255,1787.3853461322
121.2763092877,3.8038423929013,1799.5
121.133580926075,3.98117663658329,1824.39975341869
121.064094628302,4.06747429001674,1836.37139519048
120.993921936927,4.154599593604,1848.36269448377
120.99204934781,4.15692422429916,1848.68134029567
120.990176266951,4.15924944730211,1849
120.953444227119,4.20484453648025,1855.23500903794
120.91652270215,4.25066772032521,1861.47531612652
120.842104919656,4.34300541091992,1873.9718514899
120.768502461447,4.43430204355711,1886.22570701501
120.694143080156,4.52650725756757,1898.5
120.618710353833,4.62001165534291,1910.84442848281
120.542492821126,4.71445573807515,1923.2092043829
120.46547722753,4.80985421822184,1935.59437804998
120.38764998879,4.90622214077449,1948
120.313124829759,4.99846682896509,1959.77676083581
120.237845921521,5.09160957441838,1971.5719790383
120.233450813676,5.09704655291133,1972.25753325194
120.229053119468,5.10248660889077,1972.94314986794
120.189625449707,5.15125413550979,1979.07486614926
120.14998912344,5.20026975880977,1985.21157586195
120.110142340536,5.24953545303288,1991.35328510815
120.070083277983,5.29905321515806,1997.5
119.989080676044,5.39914983863629,2009.84502897631
119.907204502301,5.50028147167317,2022.2100063482
119.740769297109,5.70571735810319,2047
119.649721292995,5.81801856356028,2060.36870830591
119.570496696916,5.91568812954211,2071.89234040359
119.398968985034,6.1269931025984,2096.5
119.209415072977,6.36024646900032,2123.16098513565
119.043861763914,6.56373705311817,2146
119.035086840865,6.57451669371527,2147.19913328747
118.856844965906,6.79334406363403,2171.31202186828
118.674541128576,7.01688513733735,2195.5
118.579587155656,7.13320551368746,2207.91232549126
118.4835056519,7.25082727263136,2220.34447117778
118.392208784547,7.36251617778938,2232.04013039989
118.289997607172,7.48746851294742,2245
118.091989099809,7.72926033214868,2269.71064065429
117.889103842421,7.97662569770767,2294.5
117.804643280478,8.0794866616377,2304.66492071891
117.719316212375,8.18333211037981,2314.84316635167
117.681328673704,8.22954090465968,2319.34536379588
117.470591593425,8.48562311263125,2344
117.224980794904,8.78350912866236,2372.0612614952
117.033036829206,9.01586393337839,2393.5
117.013591088807,9.03938162457495,2395.64836841572
116.987956493015,9.07037786281602,2398.47391666304
116.962244686292,9.10146029062618,2401.3004964165
116.910587835909,9.16388530443488,2406.95675270202
116.858617285121,9.22665988813077,2412.61714179685
116.806329733867,9.28978730448031,2418.28166823218
116.69135624181,9.42848926237384,2430.63099049315
116.574828078796,9.56891502906347,2443
116.33645749041,9.85568639897634,2467.84827539613
116.216129388644,10.0001955137374,2480.16420665138
116.094115007907,10.1465545472956,2492.5
115.845076807878,10.4447244889486,2517.20988262419
115.588777135074,10.7507909874824,2542
115.441380830765,10.926433586123,2555.96968856544
115.29148838938,11.1047654120136,2569.96536136428
115.287861942524,11.109076314453,2570.30136722411
115.284234015155,11.1133888059648,2570.63738807489
115.276973714596,11.1220185602296,2571.3094747533
115.262435300141,11.1392971819797,2572.65382804564
115.23328697641,11.173931105256,2575.34325459725
115.174702401717,11.2435074996457,2580.72498936814
115.056365695838,11.3839093308052,2591.5
114.918477129382,11.5472743397785,2603.89554466347
114.778428973151,11.712936786202,2616.31173760945
114.583539016649,11.9430275079244,2633.30425228385
114.49401696741,12.0485437165765,2641
114.348739908843,12.2195387468996,2653.34395023328
114.201088387846,12.3930243972153,2665.70856565713
114.050991391646,12.5690654329275,2678.09389820886
113.898374578546,12.7477293367512,2690.5
113.837040390051,12.8194361162462,2695.43330787115
113.697458240813,12.9824183789195,2706.54938086619
113.55570497149,13.1476411422456,2717.68249439006
113.265432837046,13.4850334834711,2740
113.199535639956,13.5614500954611,2744.97932763395
113.050383209805,13.7341665945704,2756.13924688407
112.899051303369,13.9090557761082,2767.30765889383
112.74547895131,14.0861690569425,2778.48457336147
112.589602493171,14.2655598674101,2789.67
112.468004126326,14.4052336395896,2798.28585062775
112.173028269662,14.7430698594576,2818.79348811137
111.86947026115,15.0892548117116,2839.33
111.70248631946,15.2790378973747,2850.3872878975
111.404905777454,15.616089930193,2869.68099414036
111.252891828298,15.7876882251435,2879.33733150893
111.098647549187,15.9613998904487,2889
111.096320898563,15.9640170571534,2889.1000846569
111.093993388227,15.9666350974894,2889.20017366278
111.089335785757,15.971873801589,2889.40036472264
111.08001023495,15.982361721298,2889.80079904268
111.061317599741,16.00337974982,2890.60187654757
111.023764982287,16.0455857185761,2892.20486752515
110.94798046809,16.1306867216048,2895.41419742546
110.793612012167,16.3037232908184,2901.84628168333
110.635344091973,16.4806979112139,2908.29632769777
110.472960807558,16.6618153537158,2914.76441081194
110.15459918895,17.0155443663533,2927.01472392131
109.818908082916,17.3865511770906,2939.33
109.450168935116,17.7917110713622,2952.17095087527
109.257066346697,18.0028843159758,2958.61750086836
109.057567092334,18.2203223441751,2965.08152815299
108.661458866624,18.6498270682663,2977.33921702579
108.236564602701,19.1072223389484,2989.66
107.760191516697,19.6158879742732,3002.49571543133
107.239247030914,20.167058207317,3015.39890143113
106.69510056342,20.7370209084768,3027.66381416945
106.085765022487,21.3681889091229,3039.99
105.360485623883,22.1095746934353,3052.81908434385
104.490293886845,22.9847201739923,3065.71352997519
103.427102712354,24.0323870829616,3077.98700900047
101.711603437953,25.6720719245763,3090.32
100.002136458706,27.2429261303062,3094.23247572749
98.2440488589565,28.7924318705216,3090.32
96.3764697713457,30.3652513589744,3077.98700900047
95.1633059824881,31.3468455599545,3065.71352997519
94.1368098495135,32.152986484739,3052.81908434385
93.2572364795128,32.8261119664773,3039.99
92.5008367993492,33.3920848521547,3027.66381416945
91.8115333141228,33.8975695325592,3015.39890143113
91.139106190341,34.3813151673475,3002.49571543133
90.5132639491128,34.8233146811446,2989.66
89.946057026301,35.2171078884985,2977.33921702579
89.4095052910708,35.5837229107902,2965.08152815299
89.1363939736847,35.7681488959395,2958.61750086836
88.8701847003305,35.9465032337363,2952.17095087527
88.3567266930497,36.2865973747924,2939.33
87.8833796916809,36.5955914802156,2927.01472392131
87.4292012816225,36.8880186115553,2914.76441081194
87.1955493055291,37.0369214456361,2908.29632769777
86.9665127841852,37.1818753951336,2901.84628168333
86.7418703976658,37.3230833635021,2895.41419742546
86.6311327164771,37.3923415015096,2892.20486752515
86.5761491894083,37.4266438029259,2890.60187654757
86.5487524838229,37.4437144275197,2889.80079904268
86.5350777397065,37.4522297512657,2889.40036472264
86.5282462505239,37.4564824337054,2889.20017366278
86.5248319742512,37.4586075322696,2889.1000846569
86.5214186759467,37.4607318032328,2889
86.5180051837065,37.4628559760202,2889.1000846569
86.51459032536,37.4649807799222,2889.20017366278
86.5077565060161,37.469232282768,2889.40036472264
86.4940724262881,37.477742880562,2889.80079904268
86.4666382580143,37.4947945404707,2890.60187654757
86.4115039099664,37.5290204918762,2892.20486752515
86.300155047581,37.5979692301282,2895.41419742546
86.0730024956999,37.7379064397577,2901.84628168333
85.8396381935482,37.880669352461,2908.29632769777
85.599710170102,38.0263945275378,2914.76441081194
85.1278722036969,38.3098786502426,2927.01472392131
84.6282985742,38.6055866360239,2939.33
84.0771488992686,38.9265768637163,2952.17095087527
83.7875336807028,39.0930621824807,2958.61750086836
83.4876200779089,39.2638914360834,2965.08152815299
82.8900413609506,39.5995258936495,2977.33921702579
82.2459868288416,39.9542640886883,2989.66
81.5202326933903,40.3454150256822,3002.49571543133
80.7222520745141,40.7651463686581,3015.39890143113
79.8840576128848,41.1945499714184,3027.66381416945
78.9399847529546,41.6643633656861,3039.99
77.8090857770423,42.2082553742438,3052.81908434385
76.4425135460828,42.8386796849546,3065.71352997519
74.7595875472212,43.5759240786779,3077.98700900047
72.0172062126129,44.6885730953419,3090.32
69.2576391996809,45.7028057343775,3094.23247572749
66.3996499642378,46.6482050752725,3090.32
63.3511605407815,47.5456954022055,3077.98700900047
61.3689426212333,48.0709782732612,3065.71352997519
59.6931415229597,48.4807231067157,3052.81908434385
58.2596707113686,48.8070078901476,3039.99
57.0296613205089,49.0696290668641,3027.66381416945
55.9115711626614,49.294738370121,3015.39890143113
54.823948498133,49.5014982276062,3002.49571543133
53.8148350386299,49.6827360003673,2989.66
52.903215082977,49.8378231205327,2977.33921702579
52.0436970464956,49.9766323860175,2965.08152815299
51.607322729006,50.0443788839975,2958.61750086836
51.1827469364165,50.1085446353743,2952.17095087527
50.3660810238748,50.2271510597651,2939.33
49.6159648220924,50.3305550856228,2927.01472392131
48.8988410794585,50.4244988271594,2914.76441081194
48.5309549398529,50.4708417962334,2908.29632769777
48.1710406836096,50.5149727547688,2901.84628168333
47.8187237462031,50.5570196817995,2895.41419742546
47.6453052901886,50.5772987151847,2892.20486752515
47.5592631236197,50.5872582341295,2890.60187654757
47.5164066459459,50.5921937285431,2889.80079904268
47.4950192934991,50.5946504995293,2889.40036472264
47.4843358060496,50.5958761521156,2889.20017366278
47.4789966054341,50.5964882965689,2889.1000846569
47.4736590986749,50.5970999869892,2889
47.1191935245779,50.6371417619603,2879.33733150893
46.7686725913942,50.675615296694,2869.68099414036
46.0791636703242,50.7480534358176,2850.3872878975
45.6903572319645,50.78701298126,2839.33
44.9801464452171,50.8546831244232,2818.79348811137
44.2859186729743,50.9164869532568,2798.28585062775
43.9985921674987,50.9408157238568,2789.67
43.6293146836398,50.9710121597898,2778.48457336147
43.2644652473253,50.9996660389535,2767.30765889383
42.9039577147344,51.0268294799203,2756.13924688407
42.5477087304206,51.0525524698729,2744.97932763395
42.3900238106853,51.0635834944509,2740
41.6933680240175,51.1097210618946,2717.68249439006
41.3519657113277,51.1307881405199,2706.54938086619
41.0150501383781,51.1505859605851,2695.43330787115
40.8667765627978,51.1589868875107,2690.5
40.4972364936233,51.1790959820648,2678.09389820886
40.1329895870651,51.197761641914,2665.70856565713
39.7739165502748,51.2150413955756,2653.34395023328
39.4199022532262,51.2309901238711,2641
39.2014083701196,51.2402953103247,2633.30425228385
38.7248640795911,51.2591672325323,2616.31173760945
38.3816950125804,51.2715502203098,2603.89554466347
38.0432472397396,51.2827742577957,2591.5
37.7523521888148,51.2916375674628,2580.72498936814
37.6081940325314,51.2957616531431,2575.34325459725
37.5364338854776,51.2977483224766,2572.65382804564
37.5006331237606,51.2987230002562,2571.3094747533
37.4827525185686,51.2992056980293,2570.63738807489
37.4738171533744,51.2994458895121,2570.30136722411
37.4648850773071,51.299685310485,2569.96536136428
37.0953861156559,51.3089921563206,2555.96968856544
36.7314693330906,51.3170186881373,2542
36.0973947787463,51.3283041666414,2517.20988262419
35.4798303709106,51.336001084371,2492.5
35.1767714825203,51.3385897563628,2480.16420665138
34.8776047505666,51.340378012388,2467.84827539613
34.2841375749317,51.3416701542635,2443
33.9936497097138,51.341209543394,2430.63099049315
33.7068155969642,51.3400497750359,2418.28166823218
33.5762997442644,51.3392901499964,2412.61714179685
33.4465335441895,51.3383910766723,2406.95675270202
33.3175106005214,51.3373549732297,2401.3004964165
33.253275866954,51.3367862790488,2398.47391666304
33.1892245837563,51.33618421469,2395.64836841572
33.1406307319159,51.3357041324322,2393.5
32.6606984719691,51.3298820919051,2372.0612614952
32.0459161010714,51.319555832008,2344
31.5179147768181,51.3081133265918,2319.34536379588
31.4226931392621,51.3057963967709,2314.84316635167
31.2087634208208,51.3003085438549,2304.66492071891
30.9969498893991,51.2944895901295,2294.5
30.4879465346125,51.2789369383209,2269.71064065429
29.9909579998433,51.2616104022442,2245
29.7343502935627,51.2518350409967,2232.04013039989
29.5051159997591,51.2426243265713,2220.34447117778
29.2638469776098,51.2324422592036,2207.91232549126
29.025394907329,51.2218870676086,2195.5
28.5675719685915,51.2002484499431,2171.31202186828
28.1199710478431,51.1773445788463,2147.19913328747
28.0979368245685,51.1761723729911,2146
27.6822627521299,51.1532715563392,2123.16098513565
27.2064485110903,51.1252191323384,2096.5
26.7760385587696,51.0981491203662,2071.89234040359
26.5773039661072,51.0851056552676,2060.36870830591
26.3489655868177,51.06969393119,2047
25.9317362972556,51.040356231326,2022.2100063482
25.7265752052213,51.0253713205568,2009.84502897631
25.52366777651,51.01018793027,1997.5
25.4233469441789,51.0025474565044,1991.35328510815
25.3235748872455,50.9948610499035,1985.21157586195
25.2243472688012,50.9871297526551,1979.07486614926
25.1256597974508,50.9793545888814,1972.94314986794
25.1146534882257,50.9784821331841,1972.25753325194
25.1036538792354,50.9776091425537,1971.5719790383
24.9152897585955,50.9624940359896,1959.77676083581
24.7288808423189,50.9472276920181,1948
24.5342894858622,50.9309637609347,1935.59437804998
24.3418085393434,50.9145466540871,1923.2092043829
24.1514050649209,50.8979837735395,1910.84442848281
23.9630468032802,50.8812822661278,1898.5
23.7774544226506,50.8645176089973,1886.22570701501
23.593838189069,50.8476297514559,1873.9718514899
23.4082790931633,50.8302578564589,1861.47531612652
23.3162510782765,50.821528251338,1855.23500903794
23.2247189065193,50.8127706125208,1849
23.2200520329939,50.8123220872282,1848.68134029567
23.2153864467619,50.8118734909527,1848.36269448377
23.0405952797664,50.7949269739794,1836.37139519048
22.867602422071,50.7778853498102,1824.39975341869
22.5125538059425,50.742067870506,1799.5
22.3420965028902,50.7244691664606,1787.3853461322
22.173398486671,50.706794209485,1775.29117016255
21.9984074542479,50.6881883914705,1762.63439076853
21.8252918023795,50.66950945596,1750
21.8042290690025,50.6672182993978,1748.45502649824
21.4933787476455,50.6329368041688,1725.4548124004
21.1617685254565,50.5953975522138,1700.5
21.0058264402116,50.57739796533,1688.61198033775
20.8514412911869,50.5593592718615,1676.74440637374
20.6852708244452,50.5396998717548,1663.8601754062
20.5208876108325,50.5200029133905,1651
20.464647627057,50.5132071085412,1646.57372505332
20.2115737146441,50.4822668918194,1626.48639000535
19.9016272483574,50.4435696269313,1601.5
19.7647252651751,50.4261946630999,1590.32581136295
19.6290933941523,50.4088097951044,1579.170417641
19.4651385916094,50.3875668477144,1565.57126913744
19.3030230846548,50.3663166944435,1552
19.1943385304713,50.3519333627747,1542.83118695309
19.0146352883668,50.3279098854112,1527.54507831142
18.7241802394124,50.2884427834171,1502.5
18.6096799008957,50.2726673701559,1492.51001140198
18.496123377507,50.256900497355,1482.53582354711
18.3291799333503,50.2335010259948,1467.75058586692
18.1642582679666,50.210127293789,1453
17.9926463765366,50.1855329561396,1437.49595584382
17.8941762507342,50.1712951614187,1428.52728207025
17.7576186058164,50.1513983714502,1416.00091043435
17.6224580810416,50.1315310351226,1403.5
17.5010610665128,50.1135389066087,1392.1836683677
17.3807913855891,50.0955756165538,1380.88870621486
17.261634090976,50.0776425671436,1369.61505306817
17.1435744946502,50.0597411065562,1358.36264868231
17.0980345619301,50.0528002657808,1354
16.9120993876966,50.024255578039,1336.05757999491
16.8308632973936,50.0116802746274,1328.15206802809
16.7501534033474,49.999123714944,1320.25731532995
16.6699648382768,49.9865862925787,1312.37329995064
16.590292793852,49.9740683897751,1304.5
16.4673415601466,49.9546306184776,1292.27046329956
16.406328498454,49.9449307609407,1286.16558487831
16.3456208743034,49.9352438073261,1280.0672855322
16.3396060683359,49.9342821032485,1279.46176837359
16.333594253569,49.9333205282535,1278.85631604003
16.3039637849265,49.9285761062842,1275.86876266185
16.2744058867327,49.9238348511361,1272.88278717215
16.2155067911453,49.9143619136439,1266.91556486065
16.1568949440346,49.9049018562294,1260.95463912357
16.0985683455348,49.8954548167548,1255
16.0777086534874,49.892068213109,1252.86486936871
16.0150055311315,49.8818628632464,1246.42905929664
15.9837785720193,49.8767662418712,1243.21398312205
15.9526342637031,49.8716736832337,1240.00079064521
15.9215722937828,49.866585207045,1236.78948021112
15.8905923514069,49.8615008327521,1233.58005016674
15.8751330434827,49.8589601897655,1231.97603977464
15.8596941265727,49.8564205794271,1230.37249886094
15.8442755622516,49.8538820040948,1228.76942721957
15.836573900287,49.8526131052813,1227.96806731163
15.8288773121033,49.8513444660961,1227.16682464455
15.7250973204435,49.8341819788491,1216.32268603573
15.6222360545885,49.8170679044778,1205.5
15.505082296262,49.7974501187767,1193.08182241803
15.3891209973049,49.7778999533389,1180.69249676883
15.2743348985411,49.7584183110486,1168.33192261882
15.1607070671157,49.7390060437625,1156
14.9390382430691,49.7007709064335,1131.66158906888
14.8256473249504,49.6810253621265,1119.06540313811
14.7134261728005,49.6613586254051,1106.5
14.6053643768761,49.6423032034728,1094.30565081738
14.4983886351145,49.6233254565003,1082.1409665081
14.3885613155764,49.6037238142154,1069.5546440837
14.2798688019411,49.5842067965727,1057
14.1752427225947,49.5653089795735,1044.82116506304
14.0716707926558,49.5464941773626,1032.67290433428
13.9650497857878,49.5270136985933,1020.07004160769
13.8595362283169,49.5076237393453,1007.5
13.758111224051,49.4888801042098,995.323620858176
13.6577120723678,49.4702245054276,983.178802118096
13.5542950805485,49.4509023572022,970.572443581608
13.4519571065179,49.4316759620906,958
13.4027157085759,49.4223873349181,951.91554374812
13.3537255880087,49.4131218602203,945.839249902263
13.2564919654655,49.3946604101768,933.711083816563
13.2061436777419,49.3850634213401,927.395103104456
13.1560612027035,49.3754916802005,921.087941193903
13.0566858005635,49.3564239583965,908.5
13.0089882258159,49.3472364295967,902.423247724747
12.9615354814835,49.3380731720287,896.354941210249
12.8673574249145,49.319819444187,884.243595131338
12.8184555648682,49.3103056760737,877.918955197763
12.7698141294855,49.3008184500323,871.60348931928
12.6733047471304,49.2819235674786,859
12.6269489718738,49.2728141621982,852.91138122816
12.5808327932893,49.2637300932767,846.831503704974
12.4893122797888,49.2456378764587,834.697897215213
12.4419593363642,49.2362433176283,828.384305116467
12.39485942857,49.2268762065655,822.080138932514
12.3014111401621,49.2082242053238,809.5
12.2120094127997,49.1902960925865,797.373209296456
12.1676562251752,49.1813713114383,791.323321138095
12.1235325727183,49.1724726633359,785.282411049003
12.0315829680384,49.153864370201,772.621532191134
11.9859804236513,49.144603274218,766.3058592348
11.9632713909379,49.139983467289,763.151704332378
11.9406235407716,49.1353708128058,760
11.8523153862261,49.1173346849276,747.624980525305
11.7851050466869,49.1035536307444,738.10585056905
11.7190406196201,49.0899620297679,728.662576868828
11.6540952471088,49.0765566297656,719.29425629553
11.5902428813769,49.0633342395212,710
11.5486004849332,49.0546882589998,703.893262828064
11.5074177298532,49.0461200129054,697.818265601651
11.5067174057366,49.0459741552539,697.714649662011
11.4264035839952,49.0292132657054,685.762506287605
11.4250335572929,49.028926769881,685.557420936635
11.3858807875291,49.0207310108928,679.679239165515
11.3471457699385,49.0126070030442,673.830777988988
11.3242448692647,49.0077965830413,670.357470241551
11.3014890438666,49.0030112259446,666.894602614602
11.2788770288582,48.9982507664627,663.442128107172
11.2676245562004,48.9958798214484,661.719773662561
11.2564075682535,48.9935150394128,660
11.1806724245979,48.977514098236,647.44308825296
11.1765434320589,48.9766400246863,646.754516626808
11.1064702751907,48.9617789627602,635.004994961893
11.0983832976596,48.9600605802007,633.641205778202
11.033758751829,48.9463040940741,622.6840416075
11.0218775448059,48.9437702122034,620.658098913648
10.962496982436,48.9310840816676,610.478581138349
10.9597182319833,48.9304895216284,610
10.9469783976011,48.9277625855166,607.803266391352
10.8926455253732,48.9161136405686,598.386997236882
10.8892408976212,48.9153826590182,597.794365946859
10.8201612303245,48.9005248175774,585.703166460287
10.7524413232712,48.8859107860841,573.724799718285
10.6757130146012,48.8692944572613,560
10.6379963736973,48.8611038001664,553.192741540924
10.6082756657711,48.8546390059523,547.800018114301
10.5916283269791,48.8510138392512,544.768301784382
10.5750646232759,48.8474039851162,541.743844590016
10.558583979429,48.8438093610484,538.726620490491
10.5421858252774,48.8402298850608,535.716603569497
10.5354658159794,48.8387621861786,534.480806121155
10.5321109949833,48.8380292905353,533.863362308618
10.5304348782769,48.8376630808572,533.554754032585
10.5287596232945,48.8372970298259,533.246221472873
10.5212559579421,48.835657080432,531.863248856533
10.5137695628631,48.8340203131935,530.481796516729
10.5100328245357,48.8332031203903,529.791639667362
10.5063003833746,48.8323867201685,529.101861948018
10.5025722326077,48.831571111545,528.412463046378
10.5007097639951,48.8311636037728,528.067905554689
10.4997789310142,48.8309599239683,527.895662281578
10.4988483654442,48.8307562935315,527.723442650462
10.481203590539,48.8268934557889,524.453026404614
10.4774068694286,48.8260618382834,523.748093657487
10.434338152755,48.8166175875614,515.721110339925
10.4038248337384,48.8099146588168,510
10.3573542866735,48.7996874486343,501.231837635871
10.3024945475671,48.7875845263534,490.793867695779
10.248584259669,48.7756600032105,480.443297181012
10.1956010670339,48.7639105147329,470.179032946135
10.1435232842038,48.7523327704609,460
10.1186694986486,48.7467972113783,455.110153799645
10.094019998375,48.7413006669818,450.239855181777
10.069572493435,48.7358427836169,445.388987165494
10.0453247266637,48.7304232113976,440.55743370145
10.0212744731043,48.7250416041644,435.745079662605
9.997419539446,48.7196976194411,430.951810835079
9.97375776347263,48.7143909183937,426.177513909115
9.95028701352336,48.7091211657886,421.42207647015
9.93618984569781,48.7059531872235,418.556340878194
9.92216126339319,48.7027985180676,415.697432495386
9.90820081142975,48.6996570861336,412.845326953464
9.90124599216868,48.6980913114747,411.421817664446
9.89430803655124,48.6965288192616,410
9.84467546585313,48.6853361195154,399.307878836069
9.79583570956909,48.6742965290536,388.697138499809
9.74777156164821,48.6634073648582,378.166853394176
9.70046629088965,48.6526659988916,367.716111905669
9.66579039482558,48.6447771048611,360
9.65390357408116,48.6420698453154,357.344016141245
9.62211529382947,48.6348225294735,350.213610508655
9.60806762884965,48.6316163930302,347.049681671167
9.57908459945089,48.6249948310533,340.49665633665
9.53668545363618,48.6152919414216,330.84840112145
9.49490522739322,48.6057118098285,321.268118876023
9.44616935428179,48.5945130621871,310
9.40421108772756,48.5848512446463,300.217481876511
9.36287713557707,48.5753146655974,290.505624974055
9.32215489911967,48.5659012300056,280.863666446062
9.28203210246348,48.5566088844543,271.290854387338
9.23509903685417,48.5457172652685,260
9.19479127894245,48.5363441862483,250.221496159884
9.15508866627007,48.5270946720032,240.514923480173
9.11597889063303,48.5179666140946,230.879491175603
9.07744996137886,48.508957947063,221.314420010072
9.05475068519348,48.5036429805735,215.644922069009
9.03225128772691,48.4983693098085,210
9.01074866810632,48.4933241513558,204.581591531031
8.9893056566352,48.4882879896333,199.16578174378
8.9465975190051,48.478242593856,188.341950740003
8.92363532101508,48.4728334693958,182.501932901358
8.90074152385061,48.467434761447,176.664936727765
8.85515797432271,48.4566685159978,165
8.84526437039334,48.4543287933625,162.460614540196
8.80659591924714,48.4451739477708,152.509498489537
8.76812273955676,48.4360491956207,142.567164179106
8.74525754013534,48.4306185852572,136.638571687629
8.7132558270813,48.4230084446588,128.316210957766
8.68138891336287,48.4154192748219,120
8.65152104263574,48.4082961329317,112.178010498598
8.60816938250404,48.3979399547379,100.775120697231
8.58610352070039,48.392660816223,94.9483509011809
8.56411595879685,48.387395123001,89.126912393105
8.54220630656729,48.3821428358025,83.3107978594423
8.52037417630919,48.3769039154327,77.5
8.50053889124443,48.3721396487055,72.2074135776759
8.48076742007372,48.3673864282912,66.9192339716901
8.46105947447462,48.3626442246618,61.6354556803995
8.44141476781552,48.3579130083429,56.3560732113143
8.42157059973623,48.3531294651427,51.0103056534594
8.40179079219186,48.348357145415,45.6690413893526
8.38207505208943,48.3435960186537,40.3322747310044
8.37224111585726,48.3412196430329,37.6655762291114
8.36733011535985,48.34003250051,36.332647874741
8.36487610504173,48.339439190364,35.6662888829499
8.36242308726139,48.3388460542167,35
8.35670453466238,48.3374630603622,33.125
8.3509897708504,48.3360806246603,31.25
8.34748658862453,48.3352330068135,30.1
8.33957159463968,48.3333174267973,27.5
8.32816852878192,48.3305564587922,23.75
8.32247265292936,48.3291768104123,21.875
8.31962612764661,48.3284871950275,20.9375
8.31820321796316,48.3281424395239,20.46875
8.31678054350769,48.3277977188079,20
8.30955956111798,48.3260476984154,17.3283812080545
8.30234528011572,48.3242987308124,14.6567624161089
8.29246159857225,48.3219016897275,10.9925718120812
8.28259048156468,48.3195066257604,7.32838120805445
8.27273190528487,48.3171135370243,3.66419060402677
8.26780731249414,48.3159177327785,1.83209530201384
8.26534618863919,48.315320015583,0.916047651006011
8.26411591968484,48.3150212032042,0.458023825503005
8.26288584598436,48.3147224216331,0
