-72.71,-35.85,44.8
-72.7080242258017,-35.848375534439,45.6690413893526
-72.6958669269416,-35.8383777250052,51.0103056534594
-72.6836754254925,-35.8283480271946,56.3560732113143
-72.6716117438078,-35.8184197758501,61.6354556803995
-72.6595144992395,-35.8084601977918,66.9192339716901
-72.6473835615047,-35.7984691540092,72.2074135776759
-72.6352187996595,-35.7884465046875,77.5
-72.6218355593663,-35.7774156038294,83.3107978594423
-72.6084112852321,-35.766346315801,89.126912393105
-72.5949458016313,-35.7552384526601,94.9483509011809
-72.5814389319547,-35.7440918252645,100.775120697231
-72.5549218091966,-35.7221949304565,112.178010498598
-72.5366671080784,-35.7071104678794,120
-72.5172038536941,-35.6910180097571,128.316210957766
-72.4976719890383,-35.6748591426263,136.638571687629
-72.4837248961465,-35.6633146646458,142.567164179106
-72.4602731924509,-35.6438917450607,152.509498489537
-72.4367223892905,-35.6243726659286,162.460614540196
-72.4306999507222,-35.6193789576473,165
-72.4029691587243,-35.5963731180005,176.664936727765
-72.3890521260095,-35.584819977975,182.501932901358
-72.3751005064297,-35.5732331725272,188.341950740003
-72.3491700367953,-35.5516847656332,199.16578174378
-72.336159909601,-35.5408667980697,204.581591531031
-72.3231197228459,-35.530019504179,210
-72.3094815655946,-35.5186701564146,215.644922069009
-72.2957290012951,-35.5072207962083,221.314420010072
-72.2724013969676,-35.4877889328587,230.879491175603
-72.2487420322522,-35.4680665221343,240.514923480173
-72.2247445160687,-35.4480476233784,250.221496159884
-72.2004023006067,-35.4277261402191,260
-72.1720856950185,-35.4040676785378,271.290854387338
-72.1479007202815,-35.383844948287,280.863666446062
-72.1233757885764,-35.3633226735658,290.505624974055
-72.0985044217921,-35.3424947807722,300.217481876511
-72.0732799845044,-35.3213550382683,310
-72.0440094986941,-35.296804007125,321.268118876023
-72.0189408707944,-35.2757598856104,330.84840112145
-71.9935238001087,-35.2544068075347,340.49665633665
-71.9761625641629,-35.2398119726118,347.049681671167
-71.9677516864577,-35.2327385328861,350.213610508655
-71.9487281315809,-35.2167332706665,357.344016141245
-71.9416178312966,-35.2107487112188,360
-71.9208861603549,-35.1932919784688,367.716111905669
-71.8926284566771,-35.1694803049226,378.166853394176
-71.8639465567221,-35.145290193335,388.697138499809
-71.8348318085876,-35.1207133886637,399.307878836069
-71.8052753348524,-35.0957414041594,410
-71.8011460609002,-35.0922508300988,411.421817664446
-71.7970073586948,-35.0887518457577,412.845326953464
-71.7887015540307,-35.0817285363807,415.697432495386
-71.7803576852456,-35.0746712522095,418.556340878194
-71.7719755160269,-35.067579768514,421.42207647015
-71.758025357759,-35.0557736429241,426.177513909115
-71.7439686582825,-35.0438722808192,430.951810835079
-71.7298043138064,-35.0318746301293,435.745079662605
-71.715531205945,-35.0197796238605,440.55743370145
-71.7011482014813,-35.0075861798333,445.388987165494
-71.6866541521245,-34.9952932004167,450.239855181777
-71.6720478942634,-34.9828995722558,455.110153799645
-71.657328248715,-34.9704041659941,460
-71.6265101116257,-34.9442247558797,470.179032946135
-71.5951907137179,-34.917594417687,480.443297181012
-71.5633589472806,-34.8905024640649,490.793867695779
-71.5310033889025,-34.8629378807373,501.231837635871
-71.5036246455496,-34.8395920422551,510
-71.4856617400987,-34.8242645510625,515.721110339925
-71.4603270092293,-34.8026325960083,523.748093657487
-71.4580947159011,-34.800725765325,524.453026404614
-71.4477227314491,-34.7918642976702,527.723442650462
-71.4471758302907,-34.7913969667943,527.895662281578
-71.446628782557,-34.7909295029226,528.067905554689
-71.4455342471528,-34.7899941759863,528.412463046378
-71.443343415111,-34.7881219238961,529.101861948018
-71.4411502318867,-34.7862475380582,529.791639667362
-71.4389546940554,-34.7843710151406,530.481796516729
-71.4345565409781,-34.7806115448219,531.863248856533
-71.4301489282196,-34.7768434860344,533.246221472873
-71.4291649862388,-34.7760022474398,533.554754032585
-71.4281805723953,-34.7751605803295,533.863362308618
-71.4262103279039,-34.7734759593758,534.480806121155
-71.4222641631384,-34.7701015621876,535.716603569497
-71.412637049666,-34.7618676479996,538.726620490491
-71.4029648079245,-34.7535927187764,541.743844590016
-71.393247150348,-34.745276494089,544.768301784382
-71.3834837870253,-34.7369186910404,547.800018114301
-71.366061499156,-34.7219984257614,553.192741540924
-71.3439674195473,-34.7030659707808,560
-71.2990737731017,-34.6645575317254,573.724799718285
-71.259509932762,-34.63057748913,585.703166460287
-71.2192084748602,-34.5959221438618,597.794365946859
-71.2172236758455,-34.5942143190762,598.386997236882
-71.1855679579916,-34.5669622482421,607.803266391352
-71.1781505112308,-34.5605728805573,610
-71.1765329113335,-34.5591792945916,610.478581138349
-71.1419875796067,-34.529401743092,620.658098913648
-71.1350805897916,-34.5234442992372,622.6840416075
-71.0975412906239,-34.4910440484836,633.641205778202
-71.0928471903834,-34.4869899804046,635.004994961893
-71.0522055081555,-34.4518657302547,646.754516626808
-71.0498125467434,-34.4497962913427,647.44308825296
-71.0059558196979,-34.4118424595474,660
-70.9994654000147,-34.4062213592372,661.719773662561
-70.9929559313889,-34.400582658254,663.442128107172
-70.9798795442327,-34.3892521523349,666.894602614602
-70.9667260387985,-34.3778503255877,670.357470241551
-70.9534947923216,-34.3663765575748,673.830777988988
-70.931129157535,-34.3469713164322,679.679239165515
-70.9085400953614,-34.3273589698922,685.557420936635
-70.9077499862533,-34.3266727377703,685.762506287605
-70.8614702690256,-34.2864490499086,697.714649662011
-70.8610670463013,-34.2860983458945,697.818265601651
-70.8373654106884,-34.2654763222175,703.893262828064
-70.8134191866508,-34.2446265793866,710
-70.7767401031941,-34.212661388496,719.29425629553
-70.7394812700221,-34.1801549216242,728.662576868828
-70.7016300574659,-34.1470944252349,738.10585056905
-70.663173477527,-34.1134667531609,747.624980525305
-70.612723263988,-34.0692926885221,760
-70.5997988788273,-34.0579653953125,763.151704332378
-70.5868454347263,-34.0466082378476,766.3058592348
-70.5608510014909,-34.0238038850667,772.621532191134
-70.5085093463511,-33.9778318738349,785.282411049003
-70.4834261578083,-33.9557756479123,791.323321138095
-70.4582345638642,-33.9336074602486,797.373209296456
-70.407523510156,-33.8889319769398,809.5
-70.3546126226376,-33.8422463733071,822.080138932514
-70.3279812686739,-33.8187204808933,828.384305116467
-70.3012316600921,-33.7950713223117,834.697897215213
-70.2496021567536,-33.7493726988665,846.831503704974
-70.2236216170593,-33.7263500685419,852.91138122816
-70.1975296576417,-33.7032107878002,859
-70.1432836260074,-33.6550459760854,871.60348931928
-70.115981789061,-33.6307754081253,877.918955197763
-70.0885597449032,-33.6063781614577,884.243595131338
-70.0358218846075,-33.5594017111804,896.354941210249
-70.009285628416,-33.5357366310051,902.423247724747
-69.9826369257813,-33.5119525258636,908.5
-69.9271942806742,-33.4624094527455,921.087941193903
-69.8992927955632,-33.4374461382584,927.395103104456
-69.8712702110343,-33.4123537190262,933.711083816563
-69.8172287654462,-33.3639043142576,945.839249902263
-69.7900385386852,-33.3394983631104,951.91554374812
-69.7627344078549,-33.3149704342439,958
-69.7060701563674,-33.2640044870578,970.572443581608
-69.6489200261391,-33.2125151432505,983.178802118096
-69.593544345485,-33.162541676915,995.323620858176
-69.5377090686692,-33.1120708678745,1007.5
-69.4797357210862,-33.0595795949579,1020.07004160769
-69.4212700296621,-33.0065518641689,1032.67290433428
-69.3645874798986,-32.9550544281031,1044.82116506304
-69.3074386659893,-32.9030466099254,1057
-69.2481858282696,-32.8490319795025,1069.5546440837
-69.1884349466386,-32.7944683540865,1082.1409665081
-69.1303513341979,-32.7413357653724,1094.30565081738
-69.0717935025375,-32.6876780124916,1106.5
-69.0111038998341,-32.6319699959132,1119.06540313811
-68.9499073761634,-32.5756967479441,1131.66158906888
-68.8306359302403,-32.4657321053036,1156
-68.7696815163748,-32.409386553289,1168.33192261882
-68.7082316483685,-32.3524819666678,1180.69249676883
-68.6462803619862,-32.2950102823597,1193.08182241803
-68.5838215911639,-32.2369632800087,1205.5
-68.5290894068303,-32.1860107577861,1216.32268603573
-68.4739689755813,-32.1346152414982,1227.16682464455
-68.4698851143688,-32.130804100474,1227.96806731163
-68.4657991141296,-32.1269905133465,1228.76942721957
-68.457620689961,-32.1193559917039,1230.37249886094
-68.4494336896998,-32.1117116582585,1231.97603977464
-68.4437699112101,-32.1064222399135,1233.08466292767
-68.4412380999861,-32.1040574946944,1233.58005016674
-68.4248210989823,-32.0887196040606,1236.78948021112
-68.4083695791118,-32.0733421720092,1240.00079064521
-68.3918834324259,-32.0579250503436,1243.21398312205
-68.3753625504953,-32.0424680901163,1246.42905929664
-68.3422161477582,-32.0114340572105,1252.86486936871
-68.3311972402428,-32.0011108004704,1255
-68.3004080833291,-31.9722480629706,1260.95463912357
-68.269499796119,-31.9432479010772,1266.91556486065
-68.2384716896101,-31.9141093608787,1272.88278717215
-68.2229124860739,-31.899487897264,1275.86876266185
-68.2073230667456,-31.88483147728,1278.85631604003
-68.2041610571544,-31.8818579071089,1279.46176837359
-68.2009978030464,-31.8788828961669,1280.0672855322
-68.1690893661371,-31.8488581825371,1286.16558487831
-68.1370540233321,-31.818686359422,1292.27046329956
-68.072599608746,-31.7578971854943,1304.5
-68.0309058082774,-31.7185144395731,1312.37329995064
-67.9889989729356,-31.6788830350806,1320.25731532995
-67.9468774640229,-31.6390006747473,1328.15206802809
-67.9045396246644,-31.5988650324392,1336.05757999491
-67.8078544906442,-31.5070267299601,1354
-67.7842201788458,-31.4845386349054,1358.36264868231
-67.7230337019652,-31.4262491421804,1369.61505306817
-67.6614007770981,-31.3674315570271,1380.88870621486
-67.5993164560634,-31.3080788451663,1392.1836683677
-67.5367757108345,-31.248183844264,1403.5
-67.4672917338752,-31.1815145720519,1416.00091043435
-67.3972461556431,-31.1141734450531,1428.52728207025
-67.3468341732078,-31.0656251803723,1437.49595584382
-67.2591701351356,-30.9810371530379,1453
-67.1751530327472,-30.8997714669093,1467.75058586692
-67.0903329299497,-30.817533725707,1482.53582354711
-67.0327669596942,-30.7616084847717,1492.51001140198
-66.9748279411378,-30.7052294390689,1502.5
-66.8283234897781,-30.5622602472824,1527.54507831142
-66.7380163333824,-30.4738398334873,1542.83118695309
-66.6835213730224,-30.4203754333512,1552
-66.6024065459484,-30.3406439845394,1565.57126913744
-66.5205776672171,-30.2600280360093,1579.170417641
-66.4530400743282,-30.193353299034,1590.32581136295
-66.385011689037,-30.1260676066043,1601.5
-66.2315156608946,-29.9737809265479,1626.48639000535
-66.1067136082242,-29.8494854129346,1646.57372505332
-66.0790430008498,-29.8218691710211,1651
-65.9982968662575,-29.7411614062057,1663.8601754062
-65.9168713152547,-29.6595930681304,1676.74440637374
-65.8413979950655,-29.5838245935648,1688.61198033775
-65.7653354147368,-29.5073060310706,1700.5
-65.604156223139,-29.3446344609212,1725.4548124004
-65.4537583926091,-29.1921989800148,1748.45502649824
-65.4435915680932,-29.1818719298553,1750
-65.3601437894391,-29.0970014298793,1762.63439076853
-65.2759969463546,-29.0112256413478,1775.29117016255
-65.1950694010257,-28.9285473643164,1787.3853461322
-65.1134887317186,-28.8450190861247,1799.5
-64.944170951642,-28.6710733715977,1824.39975341869
-64.8619669268846,-28.586337326688,1836.37139519048
-64.7791013941286,-28.5007307145119,1848.36269448377
-64.7768921598343,-28.4984458089175,1848.68134029567
-64.7746824529,-28.4961602797834,1849
-64.7313707294255,-28.4513351901908,1855.23500903794
-64.6878771979138,-28.4062698511223,1861.47531612652
-64.60033970779,-28.3154105943711,1873.9718514899
-64.5139274283618,-28.2255118361761,1886.22570701501
-64.4267938805414,-28.1346540403332,1898.5
-64.3385740972598,-28.0424501036976,1910.84442848281
-64.2496114806603,-27.9492522628267,1923.2092043829
-64.1598955988543,-27.855044081533,1935.59437804998
-64.0694157892522,-27.7598087364993,1948
-63.9829455221865,-27.6685825437154,1959.77676083581
-63.8957697496606,-27.5764031840651,1971.5719790383
-63.8906852921582,-27.5710204246271,1972.25753325194
-63.885598420803,-27.5656343959302,1972.94314986794
-63.8400177334228,-27.5173412628184,1979.07486614926
-63.7942426158378,-27.4687844430054,1985.21157586195
-63.7482716712267,-27.4199617199717,1991.35328510815
-63.7021034869034,-27.3708708505984,1997.5
-63.6088935269702,-27.2715810584775,2009.84502897631
-63.51487613925,-27.1711884646384,2022.2100063482
-63.3243713882211,-26.9670187049162,2047
-63.2205013087578,-26.8552766759579,2060.36870830591
-63.130317535403,-26.7580171710203,2071.89234040359
-62.9356906580523,-26.5473570334781,2096.5
-62.7216049536664,-26.314431519892,2123.16098513565
-62.5354754017976,-26.1108987478541,2146
-62.5256318734091,-26.1001083572261,2147.19913328747
-62.3261614663273,-25.8808778264246,2171.31202186828
-62.1230831419482,-25.6565614956122,2195.5
-62.0176822937944,-25.5396926920607,2207.91232549126
-61.9112892176565,-25.4214155707047,2220.34447117778
-61.8104351859475,-25.309010631946,2232.04013039989
-61.6978018933102,-25.1831491249872,2245
-61.4804335567211,-24.9392741649252,2269.71064065429
-61.2588409926043,-24.6893363704718,2294.5
-61.1669276398015,-24.585274501279,2304.66492071891
-61.0742703980647,-24.4801385247264,2314.84316635167
-61.0330836798369,-24.4333302486798,2319.34536379588
-60.8053145660922,-24.1736443266839,2344
-60.5413739634468,-23.8709666897856,2372.0612614952
-60.3362357434455,-23.6344269809718,2393.5
-60.3155083138105,-23.6104638726044,2395.64836841572
-60.2881995347879,-23.5788744427301,2398.47391666304
-60.2608261028425,-23.5471901701813,2401.3004964165
-60.20588414209,-23.4835352430014,2406.95675270202
-60.1506801210589,-23.4194953332794,2412.61714179685
-60.0952116996284,-23.3550666328056,2418.28166823218
-59.9734983159406,-23.2134039233263,2430.63099049315
-59.8504947528135,-23.0698383365393,2443
-59.5999866126796,-22.7762101340645,2467.84827539613
-59.4740936933534,-22.6280193334587,2480.16420665138
-59.346819260674,-22.4777767485425,2492.5
-59.0882335526775,-22.1712128981618,2517.20988262419
-58.8237603431266,-21.8558566325583,2542
-58.6724161383491,-21.6745742507077,2555.96968856544
-58.5190684651629,-21.4902856174755,2569.96536136428
-58.5153653862225,-21.4858278382895,2570.30136722411
-58.5116611239444,-21.4813682797963,2570.63738807489
-58.5042490464247,-21.472443820105,2571.3094747533
-58.4894106588022,-21.4545734963163,2572.65382804564
-58.4596767867445,-21.4187469613715,2575.34325459725
-58.3999793129747,-21.3467481672143,2580.72498936814
-58.2796545355035,-21.2013500087055,2591.5
-58.1398861642406,-21.0319894098132,2603.89554466347
-57.9984073618254,-20.860046703685,2616.31173760945
-57.8023240327843,-20.6208978499168,2633.30425228385
-57.7125630938443,-20.5110970210659,2641
-57.567310280641,-20.3329836205329,2653.34395023328
-57.4202029539229,-20.1520543827742,2665.70856565713
-57.2711927505282,-19.9682314555462,2678.09389820886
-57.1202291406717,-19.7814335732728,2690.5
-57.0597142577334,-19.7063951620198,2695.43330787115
-56.9223260588791,-19.5356971995029,2706.54938086619
-56.7832670461899,-19.3624491226889,2717.68249439006
-56.4999661840767,-19.0080295685509,2740
-56.4359220039999,-18.9276369994781,2744.97932763395
-56.2913316270276,-18.7457721801162,2756.13924688407
-56.1451473444778,-18.5613902633628,2767.30765889383
-55.9973297441714,-18.3744275073623,2778.48457336147
-55.8478377268474,-18.1848175499723,2789.67
-55.731597558496,-18.0370171825816,2798.28585062775
-55.4509841196106,-17.6789063686708,2818.79348811137
-55.1642029000041,-17.3110320076669,2839.33
-55.007301521188,-17.1089630576706,2850.3872878975
-54.7291744840993,-16.7493957185104,2869.68099414036
-54.5878257218111,-16.5659902400163,2879.33733150893
-54.4449015706488,-16.3800877521258,2889
-54.4427315513356,-16.3772617004255,2889.1000846569
-54.4405608309697,-16.3744346315157,2889.20017366278
-54.4362172849604,-16.3687774389522,2889.40036472264
-54.4275217569359,-16.3574508129592,2889.80079904268
-54.4100968371118,-16.3347484215357,2890.60187654757
-54.3751105748763,-16.2891456593319,2892.20486752515
-54.3045844649704,-16.1971366184533,2895.41419742546
-54.1612521394409,-16.009807884935,2901.84628168333
-54.014746033102,-15.8178688579203,2908.29632769777
-53.8648929664357,-15.6210655229983,2914.76441081194
-53.5724254699817,-15.2355851520332,2927.01472392131
-53.2658811374697,-14.8296220108322,2939.33
-52.931243168086,-14.3842448196585,2952.17095087527
-52.7568317416807,-14.1512194260678,2958.61750086836
-52.5772183820846,-13.9106116391076,2965.08152815299
-52.2222393547885,-13.4332320679563,2977.33921702579
-51.8437076135133,-12.9215289788217,2989.66
-51.4217438860822,-12.3479911503691,3002.49571543133
-50.9627021297459,-11.720452986748,3015.39890143113
-50.4850542283814,-11.0636601179976,3027.66381416945
-49.9509080582028,-10.3247928954587,3039.99
-49.3127069093234,-9.43628373067463,3052.81908434385
-48.5334330546358,-8.34361248209822,3065.71352997519
-47.5164515081595,-6.90623473154983,3077.98700900047
-45.6052346716135,-4.17708034214086,3087.12045220334
-43.707287826099,-1.44332716966127,3077.98700900047
-42.7080560334278,0.000205867849012856,3065.71352997519
-41.9473245009497,1.09931217427036,3052.81908434385
-41.3274646316351,1.99419158602062,3039.99
-40.810831840684,2.73914612635672,3027.66381416945
-40.3504990837397,3.40196185264806,3015.39890143113
-39.9095577306099,4.03580074920201,3002.49571543133
-39.5054846455833,4.61557105804314,2989.66
-39.144015240868,5.13322249790419,2977.33921702579
-38.8059014510419,5.61648595974127,2965.08152815299
-38.6351386384536,5.86018319257799,2958.61750086836
-38.4695243900801,6.09628056057719,2952.17095087527
-38.1523227879164,6.54774994776439,2939.33
-37.8623908662479,6.95952163107828,2927.01472392131
-37.5863397775499,7.3507460782909,2914.76441081194
-37.4451114728388,7.55056882718089,2908.29632769777
-37.307176730949,7.74550968353354,2901.84628168333
-37.1723629126299,7.93582283163727,2895.41419742546
-37.1060764054952,8.02931760309177,2892.20486752515
-37.0732050590799,8.0756616198832,2890.60187654757
-37.0568363791214,8.09873423697027,2889.80079904268
-37.0486686669342,8.11024587551715,2889.40036472264
-37.0445889528714,8.11599554930431,2889.20017366278
-37.0425501294922,8.11886885256462,2889.1000846569
-37.0405119945104,8.12174113444196,2889
-37.0384738303664,8.12461340617918,2889.1000846569
-37.0364349194598,8.12748667900489,2889.20017366278
-37.0323548549998,8.13323623095351,2889.40036472264
-37.0241857389154,8.14474738134372,2889.80079904268
-37.0078114248224,8.16781803935517,2890.60187654757
-36.9749173921622,8.21415416778635,2892.20486752515
-36.9085389205128,8.30761696170707,2895.41419742546
-36.7733471216888,8.4977986792424,2901.84628168333
-36.6347600575991,8.69251270888594,2908.29632769777
-36.4925847301928,8.89200615131154,2914.76441081194
-36.2138639269344,9.28230222569559,2927.01472392131
-35.9199562769372,9.69269127620276,2939.33
-35.5970216998734,10.1421666972242,2952.17095087527
-35.427836933157,10.3770220851626,2958.61750086836
-35.2529761569362,10.6192937463226,2965.08152815299
-34.9054955114517,11.0992982346434,2977.33921702579
-34.5321608556219,11.6128204535445,2989.66
-34.1125439192299,12.1871796768312,3002.49571543133
-33.6518740514926,12.8141479922793,3015.39890143113
-33.1678413037631,13.4687059851647,3027.66381416945
-32.6208036329532,14.2030601219036,3039.99
-31.9591050969257,15.0833408650004,3052.81908434385
-31.1389590428074,16.1616918971146,3065.71352997519
-30.0480212112308,17.573133944831,3077.98700900047
-27.9324871560347,20.230475100934,3087.12045220334
-25.743710745108,22.8615950891372,3077.98700900047
-24.5548117107339,24.237930578001,3065.71352997519
-23.6323390477262,25.2795665693936,3052.81908434385
-22.8694328133985,26.1234892913085,3039.99
-22.2257651539253,26.823088492132,3027.66381416945
-21.6462056672323,27.4432484262159,3015.39890143113
-21.0856874747458,28.0342199271454,3002.49571543133
-20.567390586689,28.5729605958767,2989.66
-20.0999556364051,29.052477353325,2977.33921702579
-19.6594727039319,29.4988347157447,2965.08152815299
-19.4358106756553,29.7234353188521,2958.61750086836
-19.2181221075884,29.9407168649998,2952.17095087527
-18.7990606361823,30.3553327129951,2939.33
-18.4135808739007,30.7324755097827,2927.01472392131
-18.0443806198628,31.0898850615269,2914.76441081194
-17.8546747187946,31.2720878194135,2908.29632769777
-17.6688548600711,31.4496093871203,2901.84628168333
-17.4867250645642,31.6226959503863,2895.41419742546
-17.3969872020434,31.7076473670921,2892.20486752515
-17.3524407259421,31.749736811395,2890.60187654757
-17.3302469846435,31.7706863728568,2889.80079904268
-17.3191698512896,31.781137535655,2889.40036472264
-17.3136362019921,31.7863572338916,2889.20017366278
-17.3108706045805,31.7889656148716,2889.1000846569
-17.3081058245273,31.7915730180992,2889
-17.1258420822093,31.9630059855643,2879.33733150893
-16.9452644716412,32.1319682605968,2869.68099414036
-16.5890128000968,32.4627287637063,2850.3872878975
-16.3874925841053,32.6483196163782,2839.33
-16.0181434446807,32.9856511855767,2818.79348811137
-15.655472688967,33.3133436840929,2798.28585062775
-15.5048761006834,33.448389098314,2789.67
-15.3108858922926,33.6214620438011,2778.48457336147
-15.1187222128323,33.79192529459,2767.30765889383
-14.9283440202436,33.9598453630381,2756.13924688407
-14.739711937904,34.1252861335793,2744.97932763395
-14.6560555800241,34.1983588346244,2740
-14.2852321200605,34.5200663552795,2717.68249439006
-14.1027555816742,34.6770589567441,2706.54938086619
-13.9221771799415,34.8315680804012,2695.43330787115
-13.8425458586394,34.8994352424023,2690.5
-13.6436470935545,35.0682349948908,2678.09389820886
-13.446978037278,35.2341408356675,2665.70856565713
-13.2524863308594,35.3972336486076,2653.34395023328
-13.0601218042423,35.5575909094022,2641
-12.9410867187413,35.6563472123953,2633.30425228385
-12.6806279355612,35.8711780618034,2616.31173760945
-12.4923390328068,36.0254117050788,2603.89554466347
-12.3060299344301,36.1771430013041,2591.5
-12.1454035448615,36.3072572833678,2580.72498936814
-12.0656303994432,36.3716364132433,2575.34325459725
-12.025877416113,36.4036586726908,2572.65382804564
-12.0060341466341,36.419628246415,2571.3094747533
-11.9961207957128,36.4276026778106,2570.63738807489
-11.9911661885009,36.4315873088172,2570.30136722411
-11.9862129590948,36.4355702182819,2569.96536136428
-11.780915785918,36.6001115752705,2555.96968856544
-11.5779576670799,36.7617465934068,2542
-11.2224753567169,37.0423918082823,2517.20988262419
-10.8739116812439,37.3145526450441,2492.5
-10.7019916689553,37.4476933670565,2480.16420665138
-10.5317060372066,37.578858245555,2467.84827539613
-10.192180995207,37.838282653161,2443
-10.0251381364421,37.9648952854212,2430.63099049315
-9.85963423878295,38.0896801464974,2418.28166823218
-9.78413907849864,38.1463832047872,2412.61714179685
-9.70896031956716,38.2027132168417,2406.95675270202
-9.63409547661651,38.2586739611878,2401.3004964165
-9.59678000335665,38.2865170257989,2398.47391666304
-9.55954209263012,38.3142691653187,2395.64836841572
-9.53127138491667,38.3353163236625,2393.5
-9.25115098566269,38.5428370409985,2372.0612614952
-8.88986666268275,38.807749745102,2344
-8.57731565275894,39.0344590691126,2319.34536379588
-8.52072162259896,39.0752659941888,2314.84316635167
-8.39331751271848,39.1668579141488,2304.66492071891
-8.26682000712671,39.257425782175,2294.5
-7.96137555294301,39.4745907331973,2269.71064065429
-7.66110821081345,39.6859874104478,2245
-7.5052697613425,39.7948910673008,2232.04013039989
-7.36558532496976,39.8920370900738,2220.34447117778
-7.21808277822275,39.9941409272683,2207.91232549126
-7.07180827073145,40.0949100033749,2195.5
-6.78956613002458,40.2879897459634,2171.31202186828
-6.5118149278787,40.4762606907831,2147.19913328747
-6.49809503025685,40.4855161463377,2146
-6.23843314870658,40.6598988557431,2123.16098513565
-5.93922304926234,40.858999548466,2096.5
-5.66670549659626,41.0386340930127,2071.89234040359
-5.54026853019749,41.1214285078805,2060.36870830591
-5.39451783517214,41.216440523856,2047
-5.126854055386,41.3897324448197,2022.2100063482
-4.99459292646731,41.4747938470723,2009.84502897631
-4.86336113968935,41.5588238227874,1997.5
-4.79832111010347,41.6003340678834,1991.35328510815
-4.73353329189881,41.6415939250976,1985.21157586195
-4.66899608915791,41.6826055943676,1979.07486614926
-4.60470792235701,41.7233712490745,1972.94314986794
-4.597531719077,41.7279163104503,1972.25753325194
-4.59035861044384,41.7324583231144,1971.5719790383
-4.46732356417634,41.8101948652398,1959.77676083581
-4.34519451908687,41.8870433109528,1948
-4.21730730954104,41.9671789957248,1935.59437804998
-4.09040428531276,42.0463592534395,1923.2092043829
-3.96447328827507,42.1246005486208,1910.84442848281
-3.83950240001877,42.2019189595141,1898.5
-3.7159813941313,42.2780218781336,1886.22570701501
-3.59339612034933,42.3532362550616,1873.9718514899
-3.4691270225748,42.4291675045727,1861.47531612652
-3.40735054030847,42.4667961626466,1855.23500903794
-3.3458108461551,42.5042027239725,1849
-3.3426705995917,42.5061094236114,1848.68134029567
-3.33953096918562,42.5080155471638,1848.36269448377
-3.22172746198348,42.5793902903552,1836.37139519048
-3.10478763280258,42.649961429376,1824.39975341869
-2.86368456202658,42.7945849974504,1799.5
-2.74740228575938,42.8639150011101,1787.3853461322
-2.63197824121357,42.9324635439656,1775.29117016255
-2.51188627347406,43.0034998752625,1762.63439076853
-2.39271556315886,43.0737054249476,1750
-2.37819127126765,43.0822425155832,1748.45502649824
-2.16320278681938,43.2081164150944,1725.4548124004
-1.93253316047357,43.342150434918,1700.5
-1.82358119539157,43.4050928520376,1688.61198033775
-1.71541295990441,43.4673512743398,1676.74440637374
-1.59864700930679,43.5343004531643,1663.8601754062
-1.48278711410696,43.6004663456467,1651
-1.44306793934234,43.6230890500151,1646.57372505332
-1.26382545784679,43.7247974547075,1626.48639000535
-1.04315390309627,43.8491583583875,1601.5
-0.94527746468485,43.9040162456657,1590.32581136295
-0.848061155514131,43.9583216999876,1579.170417641
-0.730212357639132,44.0239094228651,1565.57126913744
-0.613326344608183,44.088698891818,1552
-0.534762967906005,44.1320998131766,1542.83118695309
-0.404506398640407,44.2037990221086,1527.54507831142
-0.193023841622903,44.3195239804857,1502.5
-0.109330482843134,44.3650884740064,1492.51001140198
-0.0261442217119878,44.4102462989714,1482.53582354711
0.0964832502094453,44.4765780484381,1467.75058586692
0.218016707149147,44.5420404036956,1453
0.344896006018814,44.6100883226837,1437.49595584382
0.417891420766182,44.6491015738658,1428.52728207025
0.519354795047903,44.7031657154558,1416.00091043435
0.620049161586849,44.7566317978613,1403.5
0.710719222819463,44.8046151556467,1392.1836683677
0.80076262481451,44.8521171326221,1380.88870621486
0.890185683051669,44.8991445176232,1369.61505306817
0.978994622373705,44.9457039737194,1358.36264868231
1.01330750529308,44.9636544141568,1354
1.15372888355471,45.0368906917242,1336.05757999491
1.21524447029425,45.0688608865456,1328.15206802809
1.27646129814944,45.1006076034903,1320.25731532995
1.33738146966525,45.1321330369926,1312.37329995064
1.39800706650455,45.1634393532199,1304.5
1.49175764571825,45.2117202962941,1292.27046329956
1.53836713345318,45.2356649044786,1286.16558487831
1.58480069998959,45.2594802546584,1280.0672855322
1.58940438088602,45.2618393275983,1279.46176837359
1.59400633570826,45.2641971352981,1278.85631604003
1.61669625281998,45.2758167314318,1275.86876266185
1.63934425091712,45.2874056390067,1272.88278717215
1.68451493333535,45.310491841769,1266.91556486065
1.72951927555582,45.3334566498652,1260.95463912357
1.77435816012819,45.3563009590591,1255
1.79040715827938,45.3644687879991,1252.86486936871
1.83869090605728,45.3890141147337,1246.42905929664
1.86275999797527,45.4012342291206,1243.21398312205
1.88678075412506,45.4134194973464,1240.00079064521
1.91075331404943,45.4255700589134,1236.78948021112
1.9346778167295,45.4376860525925,1233.58005016674
1.93836762542817,45.4395537607716,1233.08466292767
1.94662209014898,45.4437311297763,1231.97603977464
1.95855440112183,45.4497676166979,1230.37249886094
1.97047476686406,45.4557955305,1228.76942721957
1.97643047567749,45.4588062778429,1227.96806731163
1.9823832046236,45.4618148883141,1227.16682464455
2.06274145955535,45.5023676810257,1216.32268603573
2.14255839710708,45.5425338541012,1205.5
2.23367302372195,45.5882474630919,1193.08182241803
2.32407856886202,45.6334603692156,1180.69249676883
2.41378290467232,45.6781802361558,1168.33192261882
2.50279378282816,45.7224145748144,1156
2.67704926032344,45.8086096334918,1131.66158906888
2.76650060520072,45.8526505049638,1119.06540313811
2.85523968541682,45.8962030301179,1106.5
2.94088863119786,45.9381092101692,1094.30565081738
3.0258698706313,45.9795630465649,1082.1409665081
3.1133171889896,46.0220894812662,1069.5546440837
3.20006216775768,46.0641440363235,1057
3.2837517696386,46.1045945869699,1044.82116506304
3.36678251223209,46.1446078393996,1032.67290433428
3.45245006541569,46.1857680023902,1020.07004160769
3.53742088127171,46.2264694948895,1007.5
3.619281004648,46.2655645004413,995.323620858176
3.7004894846408,46.3042356286257,983.178802118096
3.78432317205031,46.3440394178135,970.572443581608
3.867466986015,46.3833980712819,958
3.90753858468096,46.4023254403121,951.91554374812
3.94744820934675,46.4211493570465,945.839249902263
4.02678516907416,46.4584899637359,933.711083816563
4.06793243406618,46.4778145402029,927.395103104456
4.10890726499304,46.4970298515277,921.087941193903
4.19034362818338,46.5351360965191,908.5
4.22949377103949,46.5534159279225,902.423247724747
4.26848350926491,46.5715953681593,896.354941210249
4.34598540534449,46.6076561240763,884.243595131338
4.38629136392709,46.6263704063118,877.918955197763
4.42642563198443,46.6449780692486,871.60348931928
4.50618313469772,46.6818768942467,859
4.54455286426047,46.6995905150706,852.91138122816
4.58276319478635,46.7172062687185,846.831503704974
4.6587093085885,46.7521471617464,834.697897215213
4.69806434785713,46.7702158758548,828.384305116467
4.73725000848367,46.7881813935209,822.080138932514
4.81511720697206,46.8238060937738,809.5
4.88976378605804,46.8578635632614,797.373209296456
4.92685183970679,46.8747508944411,791.323321138095
4.96378427854239,46.8915449191105,785.282411049003
5.04086476430528,46.9265231063534,772.621532191134
5.07915160413384,46.943861033685,766.3058592348
5.09823212073341,46.9524925582387,763.151704332378
5.1172708702689,46.9610992559893,760
5.19159831836436,46.9946432108196,747.624980525305
5.24826624641901,47.0201568924686,738.10585056905
5.30405093824959,47.0452218412908,728.662576868828
5.35897106693304,47.0698489034357,719.29425629553
5.41304480047275,47.0940485884617,710
5.44835160362614,47.1098239034558,703.893262828064
5.48330114597159,47.1254197089355,697.818265601651
5.48389575195263,47.125684873545,697.714649662011
5.55214779601117,47.156083890623,685.762506287605
5.55331313679888,47.1566022722252,685.557420936635
5.58663155063957,47.1714141150514,679.679239165515
5.61962336165598,47.1860631160541,673.830777988988
5.6391423053507,47.1947216414556,670.357470241551
5.6585475755145,47.2033236567185,666.894602614602
5.67784007079298,47.2118696695419,663.442128107172
5.68744430846684,47.2161218330965,661.719773662561
5.69702068528736,47.2203601837679,660
5.76173605742716,47.2489635161933,647.44308825296
5.76526745090118,47.2505224088466,646.754516626808
5.82524909359039,47.2769700377704,635.004994961893
5.83217756024261,47.2800212799389,633.641205778202
5.88758986802424,47.3043967511374,622.6840416075
5.89778624622387,47.3088767082387,620.658098913648
5.94878750170997,47.3312600412554,610.478581138349
5.95117582174765,47.3323072034074,610
5.96212756622866,47.3371078435608,607.803266391352
6.00887020017511,47.3575757031804,598.386997236882
6.01180112823565,47.3588579484686,597.794365946859
6.07131852447559,47.3848664549604,585.703166460287
6.12975533586042,47.4103478687887,573.724799718285
6.19607480538136,47.4392007460308,560
6.22871747837247,47.4533765873319,553.192741540924
6.25445972544959,47.4645438397283,547.800018114301
6.26888626930533,47.4707976310054,544.768301784382
6.28324578749617,47.4770190931101,541.743844590016
6.29753870031453,47.4832084549879,538.726620490491
6.31176542470655,47.4893659435086,535.716603569497
6.31759711878583,47.4918890416634,534.480806121155
6.32050880316487,47.4931485883662,533.863362308618
6.32196360624189,47.4937778619679,533.554754032585
6.32341771716513,47.494406802723,533.246221472873
6.32993153659967,47.4972237883899,531.863248856533
6.33643147950399,47.5000341040608,530.481796516729
6.33967625983931,47.5014367674606,529.791639667362
6.34291758600142,47.5028377714732,529.101861948018
6.34615546295775,47.5042371187908,528.412463046378
6.34777310954615,47.5049361720342,528.067905554689
6.34858161013723,47.5052855436982,527.895662281578
6.34938989569494,47.5056348121123,527.723442650462
6.36471933893323,47.5122568655448,524.453026404614
6.36801866809495,47.5136816328507,523.748093657487
6.40546525071936,47.5298403451823,515.721110339925
6.43201779622213,47.5412847194354,510
6.47249198897781,47.5587080514058,501.231837635871
6.52032851077746,47.5792674424725,490.793867695779
6.56739595001994,47.5994611503533,480.443297181012
6.6137109070274,47.619298030667,470.179032946135
6.659289529909,47.6387866661993,460
6.68106093199178,47.6480842477154,455.110153799645
6.70266571765046,47.6573033336763,450.239855181777
6.72410560264977,47.6664448287355,445.388987165494
6.74538228040682,47.6755096242439,440.55743370145
6.76649742234586,47.6844985984885,435.745079662605
6.78745267824613,47.6934126169267,430.951810835079
6.80824967658307,47.7022525324147,426.177513909115
6.82889002486347,47.711019185432,421.42207647015
6.84129256627574,47.7162837657347,418.556340878194
6.85363878496369,47.7215220550357,415.697432495386
6.8659290252241,47.7267342326393,412.845326953464
6.87205326116307,47.7293305855224,411.421817664446
6.87816363039805,47.7319204770124,410
6.92190283163373,47.750442434915,399.307878836069
6.96499255399857,47.7686602412048,388.697138499809
7.00744572246391,47.7865806870416,378.166853394176
7.0492749381924,47.8042103709758,367.716111905669
7.07996600249012,47.8171284120214,360
7.09049253347622,47.8215557245593,357.344016141245
7.11865738223332,47.833393025955,350.213610508655
7.13111044996761,47.8386229634679,347.049681671167
7.15681640400787,47.8494111484664,340.49665633665
7.1944528355362,47.8651878374159,330.84840112145
7.23157630539289,47.8807280549844,321.268118876023
7.27492593921663,47.8988476740023,310
7.31228658504236,47.9144407183865,300.217481876511
7.34912718551345,47.9297956578617,290.505624974055
7.38545743202322,47.9449174291255,280.863666446062
7.42128678892875,47.9598108390022,271.290854387338
7.46324043869902,47.9772249102701,260
7.49930857762995,47.9921744409119,250.221496159884
7.53486859209497,48.0068938424074,240.514923480173
7.56993005938861,48.0213879202309,230.879491175603
7.60450233007519,48.0356613526289,221.314420010072
7.6248852126236,48.0440680230614,215.644922069009
7.64509935780707,48.0523988313171,210
7.66442797338307,48.0603588531852,204.581591531031
7.68371277918627,48.0682951509346,199.16578174378
7.72215151552403,48.0840969678881,188.341950740003
7.74283429162865,48.0925901523543,182.501932901358
7.76346663623671,48.1010561366555,176.664936727765
7.80458071681882,48.1179069898189,165
7.81351011066334,48.1215633575265,162.460614540196
7.84843008272284,48.1358505942399,152.509498489537
7.88320546707509,48.1500602702319,142.567164179106
7.90388803632807,48.1585027353594,136.638571687629
7.93285381553989,48.1703154397965,128.316210957766
7.96171944214092,48.1820746530155,120
7.98879412496116,48.1930928094784,112.178010498598
8.02812579100481,48.209079240267,100.775120697231
8.04816104853654,48.2172136187383,94.9483509011809
8.06813566544088,48.225317340612,89.126912393105
8.08804989422364,48.2333905662905,83.3107978594423
8.10790398603821,48.241433455099,77.5
8.12595109431618,48.2487391769482,72.2074135776759
8.14394862211425,48.2560199382224,66.9192339716901
8.16189675680356,48.2632758573227,61.6354556803995
8.17979568484486,48.2705070519292,56.3560732113143
8.19788485526425,48.2778102048734,51.0103056534594
8.21592387194013,48.2850882062433,45.6690413893526
8.21885558434066,48.2862705692644,44.8
8.233912926115,48.2923411762899,40.3322747310044
8.24288877709462,48.2959583120738,37.6655762291114
8.24737204389528,48.2977645491528,36.332647874741
8.24961251391261,48.2986670857988,35.6662888829499
8.25185220883039,48.2995692348233,35
8.25707348300145,48.3016720712098,33.125
8.26229201001794,48.303773391975,31.25
8.27272083123185,48.3079714929306,27.5
8.28313868973873,48.3121635502473,23.75
8.28834351336296,48.314257316456,21.875
8.29094489970888,48.3153036346317,20.9375
8.29224533663286,48.3158266525729,20.46875
8.2935456027689,48.3163495764486,20
8.3001456917884,48.3190035218849,17.3283812080545
8.30674079292123,48.3216548087349,14.6567624161089
8.31577803414183,48.3252867969738,10.9925718120812
8.32480591788097,48.3289138014013,7.32838120805445
8.33382445863151,48.3325358319301,3.66419060402677
8.33833022990687,48.3343449850733,1.83209530201384
8.34058224155957,48.3352490966545,0.916047651006011
8.34170802898832,48.3357010362649,0.458023825503005
8.34283367085628,48.3361528984476,0
