141.93,-2.96,10
141.928990115326,-2.95848687007519,10.9925718120812
141.92525924843,-2.95289679560687,14.6567624161089
141.922536269835,-2.94881682826209,17.3283812080545
141.919810972834,-2.94473335051303,20
141.919274294139,-2.94392920796845,20.46875
141.918737534917,-2.9431249433451,20.9375
141.917663774817,-2.94151604775014,21.875
141.915515287472,-2.93829679038333,23.75
141.911214440054,-2.93185240466358,27.5
141.906908421077,-2.92540017898297,31.25
141.904753469277,-2.92217112165677,33.125
141.902597221013,-2.91894009893522,35
141.90167321336,-2.91755551592645,35.6662888829499
141.9007488566,-2.91617040562466,36.332647874741
141.898899095012,-2.91339860202054,37.6655762291114
141.895195374368,-2.90784865493019,40.3322747310044
141.887771101433,-2.8967233380172,45.6690413893526
141.880324305833,-2.88556400236327,51.0103056534594
141.872854890953,-2.87437050177254,56.3560732113143
141.865462142019,-2.86329162682389,61.6354556803995
141.858047180542,-2.85217920078894,66.9192339716901
141.850609912121,-2.84103308083754,72.2074135776759
141.843150241826,-2.82985312334497,77.5
141.834941449623,-2.81755013727243,83.3107978594423
141.826705459439,-2.80520606867097,89.126912393105
141.81844214374,-2.79282072461286,94.9483509011809
141.810151374204,-2.78039391098598,100.775120697231
141.793868672063,-2.75598727263062,112.178010498598
141.782654846532,-2.7391778159102,120
141.770694442244,-2.72124860668664,128.316210957766
141.758687536878,-2.70324903459733,136.638571687629
141.750111119628,-2.69039171326814,142.567164179106
141.735685074463,-2.66876418556858,152.509498489537
141.721191748156,-2.64703485343403,162.460614540196
141.717484480225,-2.64147652773479,165
141.700408720327,-2.61587397093843,176.664936727765
141.69183572703,-2.60301956286174,182.501932901358
141.683239201147,-2.59012954811272,188.341950740003
141.667255777357,-2.5661624378218,199.16578174378
141.659233488223,-2.55413261763401,204.581591531031
141.651190714021,-2.54207180266949,210
141.642777165583,-2.52945468583744,215.644922069009
141.634291005409,-2.5167283752231,221.314420010072
141.619891799094,-2.49513384285358,230.879491175603
141.605281804876,-2.47322230541922,240.514923480173
141.590456814841,-2.4509874209868,250.221496159884
141.575412513513,-2.42842268539431,260
141.557903833382,-2.40216050366914,271.290854387338
141.542942937132,-2.37971889747725,280.863666446062
141.527765264765,-2.35695121118579,290.505624974055
141.512366528387,-2.33385098179068,300.217481876511
141.496742331375,-2.31041158233147,310
141.478603313678,-2.28319826698101,321.268118876023
141.463060792048,-2.25987937883234,330.84840112145
141.447295251062,-2.23622495343883,340.49665633665
141.436522487128,-2.22006109331628,347.049681671167
141.431302299451,-2.21222837184895,350.213610508655
141.419492537687,-2.19450783680271,357.344016141245
141.415077472608,-2.18788290430468,360
141.402201212882,-2.16856129758071,367.716111905669
141.384643041429,-2.14221322852995,378.166853394176
141.366812368127,-2.11545510557781,388.697138499809
141.348703403498,-2.0882782021806,399.307878836069
141.330310199899,-2.06067355346927,410
141.327740888334,-2.05681741925447,411.421817664446
141.325165526632,-2.05295218187902,412.845326953464
141.319996575825,-2.04519428161124,415.697432495386
141.314803190542,-2.0373996161765,418.556340878194
141.309585213273,-2.0295679482119,421.42207647015
141.300899437888,-2.01653125275671,426.177513909115
141.292145211046,-2.00339155860267,430.951810835079
141.283321796015,-1.99014775553673,435.745079662605
141.274428445892,-1.97679871802174,440.55743370145
141.265464403425,-1.96334330493617,445.388987165494
141.256428900842,-1.94978035930852,450.239855181777
141.247321159666,-1.93610870804633,455.110153799645
141.238140390534,-1.92232716165966,460
141.218911291237,-1.89346086657797,470.179032946135
141.199358934276,-1.86410809989076,480.443297181012
141.179475863095,-1.83425762581891,490.793867695779
141.159254399329,-1.80389787463742,501.231837635871
141.142134488681,-1.77819371110433,510
141.130897890593,-1.76132239011501,515.721110339925
141.115043950855,-1.73751767378129,523.748093657487
141.113646695699,-1.73541965759729,524.453026404614
141.107153871061,-1.72567043232675,527.723442650462
141.10681148058,-1.72515631648932,527.895662281578
141.106468995093,-1.72464205765674,528.067905554689
141.10578373896,-1.72361311079101,528.412463046378
141.10441208505,-1.72155349874413,529.101861948018
141.10303890701,-1.71949159268801,529.791639667362
141.101664202525,-1.71742738913541,530.481796516729
141.098910205023,-1.71329207568471,531.863248856533
141.096150073853,-1.70914753023193,533.246221472873
141.095533881874,-1.70822226844292,533.554754032585
141.094917383893,-1.70729654607635,533.863362308618
141.093683469098,-1.70544371837011,534.480806121155
141.091211958382,-1.70173252233311,535.716603569497
141.085181721341,-1.69267750491043,538.726620490491
141.079122204909,-1.68357841741746,541.743844590016
141.073033214446,-1.67443496662458,544.768301784382
141.066914553648,-1.66524685679812,547.800018114301
141.055993505821,-1.64884696484216,553.192741540924
141.042139237192,-1.62804184654608,560
141.013971984609,-1.5857411413587,573.724799718285
140.989130605673,-1.54843337523007,585.703166460287
140.96380857739,-1.51040209994217,597.794365946859
140.962561040599,-1.50852837610722,598.386997236882
140.942658174734,-1.47863496100022,607.803266391352
140.937993031972,-1.47162793514736,610
140.936975576011,-1.47009971319363,610.478581138349
140.915240056104,-1.43745228990887,620.658098913648
140.910892696894,-1.43092228420423,622.6840416075
140.887255811186,-1.3954174126602,633.641205778202
140.88429905524,-1.3909759885542,635.004994961893
140.85868929108,-1.35250601267601,646.754516626808
140.85718083844,-1.35024002784402,647.44308825296
140.829523748675,-1.30869287509855,660
140.825433394548,-1.30254810166141,661.719773662561
140.821330587347,-1.29638458370168,663.442128107172
140.813087406651,-1.284001002499,666.894602614602
140.804793783843,-1.27154149512601,670.357470241551
140.796449293496,-1.25900542119907,673.830777988988
140.782339840005,-1.23780820797968,679.679239165515
140.768084052619,-1.2163907309448,685.557420936635
140.76758532275,-1.2156414462491,685.762506287605
140.738361245943,-1.17173473053925,697.714649662011
140.73810652456,-1.17135202561942,697.818265601651
140.723130840075,-1.14885165724449,703.893262828064
140.707994556582,-1.12610955544753,710
140.684798088139,-1.09125627503957,719.29425629553
140.661220338443,-1.05582909908079,728.662576868828
140.637252610939,-1.01981494427091,738.10585056905
140.612885949941,-0.983200338987031,747.624980525305
140.580896070641,-0.935129208054958,760
140.572696423274,-0.922807351291721,763.151704332378
140.564476377757,-0.910454736964095,766.3058592348
140.547974802027,-0.885656801962147,772.621532191134
140.514723654922,-0.835687034136593,785.282411049003
140.498777627033,-0.811722813689383,791.323321138095
140.482755239797,-0.787643488512426,797.373209296456
140.450479288374,-0.739136391567993,809.5
140.416770887838,-0.688475105709652,822.080138932514
140.399792103827,-0.662956718424267,828.384305116467
140.382729480288,-0.637312000307476,834.697897215213
140.349772891503,-0.587778157812949,846.831503704974
140.333176814628,-0.56283379724517,852.91138122816
140.316501498802,-0.537770075915152,859
140.281807058189,-0.485622038183776,871.60348931928
140.264332208152,-0.459355804672942,877.918955197763
140.246771469502,-0.432960235507306,884.243595131338
140.212973554692,-0.382157925844633,896.354941210249
140.195954789188,-0.35657640118369,902.423247724747
140.178855425157,-0.330873551107953,908.5
140.143252893389,-0.277357221020438,921.087941193903
140.125321969435,-0.250403928105346,927.395103104456
140.10730379667,-0.22331934875673,933.711083816563
140.072529117864,-0.171046372133066,945.839249902263
140.055019391077,-0.144725773943844,951.91554374812
140.037427332791,-0.11828134004762,958
140.000889767907,-0.0633577838942272,970.572443581608
139.963999494392,-0.00790388947070863,983.178802118096
139.928216798611,0.0458850995247513,995.323620858176
139.8920993566,0.100177182642412,1007.5
139.854558667872,0.15660846927392,1020.07004160769
139.81665756336,0.213581157234135,1032.67290433428
139.779872443671,0.268875812274678,1044.82116506304
139.742744831394,0.324684674677255,1057
139.704207900596,0.382611175344006,1069.5546440837
139.665303226878,0.441089476615744,1082.1409665081
139.627441871392,0.497998471540939,1094.30565081738
139.589229139435,0.555434399415444,1106.5
139.549580406739,0.615027275721781,1119.06540313811
139.509554129961,0.675185959735062,1131.66158906888
139.431409127273,0.792630929268269,1156
139.391403963076,0.852752050667218,1168.33192261882
139.351026450267,0.913430424008583,1180.69249676883
139.310271421648,0.974673580885445,1193.08182241803
139.269133610406,1.0364891912599,1205.5
139.233044351966,1.09071618768376,1216.32268603573
139.196660788861,1.14538298400213,1227.16682464455
139.193963607008,1.14943543633943,1227.96806731163
139.191264800872,1.15349031506271,1228.76942721957
139.185862309944,1.16160736009386,1230.37249886094
139.180453304352,1.16973413610625,1231.97603977464
139.175037772375,1.17787066010677,1233.58005016674
139.164187082463,1.19417301994574,1236.78948021112
139.153310145604,1.21051457682905,1240.00079064521
139.142406866953,1.22689546827221,1243.21398312205
139.131477151195,1.24331583244626,1246.42905929664
139.109538026612,1.27627553207354,1252.86486936871
139.102241674984,1.28723679762184,1255
139.08184592468,1.31787659799,1260.95463912357
139.061359096384,1.34865229452837,1266.91556486065
139.040780580021,1.3795647694723,1272.88278717215
139.030456745853,1.39507257781484,1275.86876266185
139.020109758302,1.41061491514268,1278.85631604003
139.018010694506,1.41376791384719,1279.46176837359
139.015910676551,1.41692233532225,1280.0672855322
138.994720173488,1.44875184247667,1286.16558487831
138.973432272557,1.48072654750046,1292.27046329956
138.930561593163,1.54511542306624,1304.5
138.902801290264,1.58680699903039,1312.37329995064
138.874876594928,1.62874339497593,1320.25731532995
138.846786039031,1.67092672359867,1328.15206802809
138.818528136096,1.71335912253022,1336.05757999491
138.753909843834,1.81038198801394,1354
138.738095728243,1.83412460916294,1358.36264868231
138.697121121828,1.89563848487314,1369.61505306817
138.655798308265,1.95766970412357,1380.88870621486
138.614122794687,2.02022469387287,1392.1836683677
138.572090006631,2.08330999081846,1403.5
138.525330725171,2.15348182730096,1416.00091043435
138.478129389334,2.22430904786098,1428.52728207025
138.444118547384,2.27533834561362,1437.49595584382
138.384895571234,2.36418491877355,1453
138.328041082513,2.44946520824331,1467.75058586692
138.27054834733,2.53568935827396,1482.53582354711
138.231474585752,2.59428185332191,1492.51001140198
138.192103095719,2.65331409231493,1502.5
138.092348600224,2.802851322983,1527.54507831142
138.030715566458,2.89521930358657,1542.83118695309
137.993470758185,2.95102833965056,1552
137.937958462939,3.03419732224708,1565.57126913744
137.881867545795,3.11821731516902,1579.170417641
137.835504614495,3.18765314970416,1590.32581136295
137.788742281729,3.25767554785154,1601.5
137.682998861641,3.41597254173897,1626.48639000535
137.596785852181,3.54498560044121,1646.57372505332
137.577642195725,3.57362712393278,1651
137.521718690727,3.65728373764416,1663.8601754062
137.465233910601,3.74176059363553,1676.74440637374
137.412796648416,3.82016629454283,1688.61198033775
137.359870446893,3.89928530897879,1700.5
137.247453317756,4.06727604315437,1725.4548124004
137.142230243411,4.22443882309934,1748.45502649824
137.135105837181,4.23507716221984,1750
137.076575200893,4.32246292844984,1762.63439076853
137.017455561848,4.41070306070953,1775.29117016255
136.96050404974,4.49568287720678,1787.3853461322
136.90299974615,4.58146294432592,1799.5
136.783352101469,4.7598620004054,1824.39975341869
136.725116791036,4.84665233061081,1836.37139519048
136.666315851306,4.93425796882884,1848.36269448377
136.664746855762,4.93659517971172,1848.68134029567
136.663177455157,4.93893297382118,1849
136.632402142082,4.98477208567915,1855.23500903794
136.601470779875,5.03083574216967,1861.47531612652
136.539134872475,5.12364341739164,1873.9718514899
136.477492932184,5.21538546217034,1886.22570701501
136.415228303346,5.30802094637392,1898.5
136.352076535547,5.40194150306331,1910.84442848281
136.288279715073,5.49678521540353,1923.2092043829
136.223827249278,5.59256609247932,1935.59437804998
136.158708291419,5.68929844734748,1948
136.096364363355,5.78187126560994,1959.77676083581
136.033402070343,5.8753246450062,1971.5719790383
136.029726440696,5.88077911076106,1972.25753325194
136.0260486903,5.88623659250042,1972.94314986794
135.993077590902,5.93515713857278,1979.07486614926
135.959935446436,5.98432075381982,1985.21157586195
135.92662082513,6.03372930900718,1991.35328510815
135.893132277707,6.08338469552938,1997.5
135.825426718208,6.18374120004548,2009.84502897631
135.757005985468,6.28511038447081,2022.2100063482
135.61796972075,6.49095064667125,2047
135.54193741707,6.6034281401792,2060.36870830591
135.475794468023,6.70122503668839,2071.89234040359
135.332640966791,6.91272188828472,2096.5
135.17452652368,7.14605252257842,2123.16098513565
135.036505209392,7.34949334106374,2146
135.029191519827,7.3602672643413,2147.19913328747
134.880674046289,7.57891083006447,2171.31202186828
134.728858008169,7.80212918782225,2195.5
134.64981894018,7.91822687997777,2207.91232549126
134.569866248937,8.03558488867682,2220.34447117778
134.493918543942,8.14698710900657,2232.04013039989
134.408919038702,8.27157647635297,2245
134.244338165796,8.5125375228385,2269.71064065429
134.075821919467,8.75887468305408,2294.5
134.005705107108,8.86125410927605,2304.66492071891
133.934890825389,8.96458081576301,2314.84316635167
133.903371508276,9.01054817668246,2319.34536379588
133.728598179131,9.26517266066378,2344
133.525079990623,9.56110311136176,2372.0612614952
133.366168183777,9.79173393689718,2393.5
133.350075755593,9.81506727488253,2395.64836841572
133.328863651716,9.84581774170807,2398.47391666304
133.307589886728,9.87665051543597,2401.3004964165
133.264856157963,9.93856441772388,2406.95675270202
133.221872106197,10.000811887492,2412.61714179685
133.178635234858,10.063395864087,2418.28166823218
133.083596370428,10.2008563513447,2430.63099049315
132.987319797071,10.3399581022276,2443
132.790528169973,10.6238116642761,2467.84827539613
132.691268341254,10.7667394874295,2480.16420665138
132.590673089597,10.9114198418669,2492.5
132.385530260852,11.2059251035732,2517.20988262419
132.174662184159,11.5078799331377,2542
132.053514727548,11.6809985659197,2555.96968856544
131.930409077499,11.8566421794659,2569.96536136428
131.927431884363,11.8608865130864,2570.30136722411
131.924453532091,11.8651323359149,2570.63738807489
131.918493347016,11.8736284526963,2571.3094747533
131.906559032767,11.8906385953373,2572.65382804564
131.882634451458,11.9247307142416,2575.34325459725
131.834560055383,11.9932038757566,2580.72498936814
131.737498774468,12.1313187819739,2591.5
131.624478980752,12.2919192900961,2603.89554466347
131.5097768686,12.4546626668642,2616.31173760945
131.35030862693,12.6805021089861,2633.30425228385
131.277117203384,12.7839908225576,2641
131.158423372464,12.9515941476788,2653.34395023328
131.037895145768,13.1215024064274,2665.70856565713
130.915481955856,13.293770470369,2678.09389820886
130.791131085809,13.4684552695468,2690.5
130.741190449905,13.5385218557584,2695.43330787115
130.627611235662,13.6976824645932,2706.54938086619
130.512372084271,13.8588963229305,2717.68249439006
130.276737935603,14.1876707902862,2740
130.2233092058,14.2620551056839,2744.97932763395
130.102460480011,14.4300773790482,2756.13924688407
129.979964539185,14.6000687713033,2767.30765889383
129.855779597509,14.7720711272599,2778.48457336147
129.729862224467,14.9461277262677,2789.67
129.631727933278,15.0815365476002,2798.28585062775
129.394019310779,15.4086429477934,2818.79348811137
129.149924276736,15.7432074640363,2839.33
129.015886589835,15.92634309326,2850.3872878975
128.777448180485,16.251090895826,2869.68099414036
128.655863512833,16.4161736357263,2879.33733150893
128.532649099997,16.5831124863638,2889
128.530915012899,16.5854593655106,2889.1000846569
128.529180403778,16.587806879503,2889.20017366278
128.525709618241,16.5925038133966,2889.40036472264
128.518761769376,16.6019053144577,2889.80079904268
128.504840891385,16.6207389270506,2890.60187654757
128.47689785755,16.6585292173664,2892.20486752515
128.420602159608,16.7346071136513,2895.41419742546
128.306335025629,16.8887937535148,2901.84628168333
128.189759231575,17.0457711871287,2908.29632769777
128.070780638212,17.2056442318989,2914.76441081194
127.839447670591,17.5154984848023,2927.01472392131
127.598456677117,17.8368836507106,2939.33
127.337453483516,18.1833204297409,2952.17095087527
127.202415236279,18.3618858751859,2958.61750086836
127.064155317932,18.5442310716461,2965.08152815299
126.793621159544,18.8996103778721,2977.33921702579
126.509751090383,19.2704726872513,2989.66
126.199967384247,19.6727847188352,3002.49571543133
125.872467934222,20.0953434708562,3015.39890143113
125.544332107142,20.515846155765,3027.66381416945
125.195787346193,20.9593144077882,3039.99
124.810158768011,21.4460982174227,3052.81908434385
124.395237427809,21.9652729834428,3065.71352997519
123.970103740892,22.4922450971653,3077.98700900047
123.507034276718,23.0604475740452,3090.32
122.978064767499,23.7020511045589,3103.14955388861
122.383842504536,24.413225699101,3116.04247592231
121.738221226605,25.1743320589602,3128.32235675033
120.974194230768,26.059318507397,3140.66
119.97233487996,27.1938206839687,3153.48051912725
118.438336729734,28.8735430822543,3166.3623986169
116.419247239104,30.9786989046443,3172.18545681352
114.309778398333,33.0510476989422,3166.3623986169
112.576726382338,34.658399799361,3153.48051912725
111.37795991524,35.721155327012,3140.66
110.425691679004,36.5374058296435,3128.32235675033
109.593990544362,37.2304234120502,3116.04247592231
108.805709737368,37.8704382654481,3103.14955388861
108.084931171412,38.4415539175517,3090.32
107.43872824601,38.9423137955766,3077.98700900047
106.83259116851,39.4024896609689,3065.71352997519
106.228819757593,39.851825187575,3052.81908434385
105.656609139451,40.2694597903598,3039.99
105.13004635417,40.6468140394136,3027.66381416945
104.626010490386,41.0018554167324,3015.39890143113
104.114765736102,41.3558901859874,3002.49571543133
103.623512079526,41.6903823791641,2989.66
103.166697616522,41.9964766530927,2977.33921702579
102.725327187804,42.2877478205044,2965.08152815299
102.497463524511,42.436416488282,2958.61750086836
102.273395846702,42.581485829296,2952.17095087527
101.836036286101,42.8614662425981,2939.33
101.427146645508,43.1194521926811,2927.01472392131
101.030011898162,43.366573836905,2914.76441081194
100.823973925427,43.4934571166486,2908.29632769777
100.620911959772,43.6176277233969,2901.84628168333
100.420726541595,43.7391890266367,2895.41419742546
100.321682978047,43.799021851411,2892.20486752515
100.2724185555,43.8287064312697,2890.60187654757
100.2478500851,43.843491385809,2889.80079904268
100.235581711277,43.8508696059988,2889.40036472264
100.229451480542,43.8545551613535,2889.20017366278
100.226387353077,43.856397051533,2889.1000846569
100.223323883781,43.858238350498,2889
100.220260225278,43.8600795676249,2889.1000846569
100.217195529984,43.8619212121991,2889.20017366278
100.21106302647,43.8656057844983,2889.40036472264
100.198785549773,43.8729800673815,2889.80079904268
100.174180573541,43.887749231885,2890.60187654757
100.124769368029,43.9173703229443,2892.20486752515
100.025132515336,43.9769465278732,2895.41419742546
99.8225233584051,44.0974594496195,2901.84628168333
99.6153117827303,44.2198350666597,2908.29632769777
99.4033011458727,44.344134567615,2914.76441081194
98.9895640467131,44.5840728213967,2927.01472392131
98.5564329472904,44.8315669703499,2939.33
98.0849137359765,45.0967565463298,2952.17095087527
97.8399781588862,45.2327865759927,2958.61750086836
97.5885112525056,45.3712276930275,2965.08152815299
97.0944660113353,45.6396613363138,2977.33921702579
96.5732515134596,45.9178102214013,2989.66
96.0012099526477,46.2172078486027,3002.49571543133
95.3928248280853,46.5289884416859,3015.39890143113
94.7795785727365,46.8364520973155,3027.66381416945
94.124232979543,47.1576017366266,3039.99
93.3945122189593,47.5063462490256,3052.81908434385
92.6040432470416,47.8738138367637,3065.71352997519
91.7885666598527,48.2419175607962,3077.98700900047
90.8941435587024,48.6331242096759,3090.32
89.8648653030291,49.0675011277357,3103.14955388861
88.6994670820819,49.539478758262,3116.04247592231
87.4229666132468,50.0330329668809,3128.32235675033
85.8995994496352,50.591135361062,3140.66
83.883379795783,51.2802871917564,3153.48051912725
80.7627139044663,52.2420124315654,3166.3623986169
76.6138425964094,53.3378877520204,3172.18545681352
72.2617608841821,54.2826213166593,3166.3623986169
68.6993874602272,54.9125016633671,3153.48051912725
66.2539988632777,55.2747861673471,3140.66
64.3274262825042,55.5217063330864,3128.32235675033
62.6590057937689,55.7088983240234,3116.04247592231
61.0917847794119,55.8626958911136,3103.14955388861
59.6721203316895,55.9839005416616,3090.32
58.4111250179119,56.0773205258175,3077.98700900047
57.2391278819599,56.1522691937137,3065.71352997519
56.0826906451744,56.2151064380802,3052.81908434385
54.9972973679612,56.2641109976559,3039.99
54.0079591362907,56.30041501939,3027.66381416945
53.0697264978895,56.3275070222798,3015.39890143113
52.1270953632372,56.3475572469237,3002.49571543133
51.2300911344895,56.3599804222886,2989.66
50.4038430272615,56.3656886617195,2977.33921702579
49.6128620206989,56.366004512821,2965.08152815299
49.2073641345286,56.3642138336836,2958.61750086836
48.8105363217163,56.3611797824696,2952.17095087527
48.0414810058269,56.3516884969116,2939.33
47.3291458488535,56.3386429730176,2927.01472392131
46.6435068392744,56.3222160697704,2914.76441081194
46.2902198341286,56.3122673920105,2908.29632769777
45.943667921152,56.3015260117647,2901.84628168333
45.6036164383917,56.2900391963783,2895.41419742546
45.4359584990743,56.2840301582793,2892.20486752515
45.3527097875466,56.2809615572918,2890.60187654757
45.3112290729788,56.2794115180996,2889.80079904268
45.2905244503896,56.2786325985127,2889.40036472264
45.2801810509604,56.2782421680239,2889.20017366278
45.2750115764949,56.2780467106414,2889.1000846569
45.2698435844971,56.2778510920372,2889
44.9024523716685,56.2633876286729,2879.33733150893
44.5395841159302,56.2480226486661,2869.68099414036
43.8270943944344,56.2147244739024,2850.3872878975
43.4261207670643,56.1941566169416,2839.33
42.6952168402107,56.1532645176744,2818.79348811137
41.9827448885758,56.1091592991624,2798.28585062775
41.6884593184536,56.089713825693,2789.67
41.3107586594588,56.0637009474481,2778.48457336147
40.9381718493334,56.0368743706681,2767.30765889383
40.5705994065447,56.0092706105086,2756.13924688407
40.2079444495856,55.9809246649647,2744.97932763395
40.0476088976865,55.9680395862358,2740
39.3405475636867,55.9086269854313,2717.68249439006
38.9948271704614,55.8780333366094,2706.54938086619
38.6541640836009,55.8468909005897,2695.43330787115
38.5044048311249,55.8328864861701,2690.5
38.131602663388,55.7971896367225,2678.09389820886
37.7647629702166,55.7608968813657,2665.70856565713
37.4037466519251,55.7240455825877,2653.34395023328
37.0484189768974,55.6866712437621,2641
36.8294160947956,55.6630885014291,2633.30425228385
36.3525690032482,55.6102902210394,2616.31173760945
36.0098741352198,55.5711129447961,2603.89554466347
35.6724674081732,55.5315279769009,2591.5
35.3829259874667,55.4967544930989,2580.72498936814
35.23959687399,55.4792651083794,2575.34325459725
35.1682886498718,55.4704957112921,2572.65382804564
35.1327231187862,55.4661049536706,2571.3094747533
35.1149624360931,55.4639080745816,2570.63738807489
35.1060876076833,55.4628092617697,2570.30136722411
35.0972164516104,55.4617102007982,2569.96536136428
34.7305938090835,55.4156730738388,2555.96968856544
34.3701932030925,55.3692413894216,2542
33.7438803901288,55.2857601273518,2517.20988262419
33.1358923843878,55.2013056042598,2492.5
32.8382667395503,55.1587267077107,2480.16420665138
32.5449400299207,55.1159628789672,2467.84827539613
31.96446592309,55.0289809599373,2443
31.6810236977882,54.9853641521225,2430.63099049315
31.4015909903809,54.9416249331072,2418.28166823218
31.2745894329825,54.9215019722787,2412.61714179685
31.1484083178715,54.9013578053405,2406.95675270202
31.0230399544583,54.8811938136534,2401.3004964165
30.9606581725486,54.8711048061448,2398.47391666304
30.8984767373802,54.8610113467676,2395.64836841572
30.8513162726985,54.8533315724885,2393.5
30.3862270441611,54.7764564050036,2372.0612614952
29.7922836680854,54.6752577984321,2344
29.283821181533,54.5859030934126,2319.34536379588
29.1922849923514,54.5695484812555,2314.84316635167
28.9868155969451,54.532537825289,2304.66492071891
28.7836248113016,54.4955284290494,2294.5
28.2963446961282,54.4051074862551,2269.71064065429
27.8219331997661,54.3147970920875,2245
27.5775113595786,54.2673844268239,2232.04013039989
27.3594675777616,54.2245782413022,2220.34447117778
27.1302869408257,54.1790646382581,2207.91232549126
26.9040947894626,54.133618588281,2195.5
26.4706814495015,54.0450697052018,2171.31202186828
26.0480512536749,53.9568520420049,2147.19913328747
26.0272744936937,53.952467259331,2146
25.6358179722426,53.86900853553,2123.16098513565
25.1888791276196,53.7717478192826,2096.5
24.7856480030122,53.6821776586022,2071.89234040359
24.5998014991284,53.6403095959112,2060.36870830591
24.3865347586881,53.5918061698728,2047
23.9975720718269,53.5020763410358,2022.2100063482
23.8066543459227,53.4574309031773,2009.84502897631
23.6180564571738,53.4129361575075,1997.5
23.5248921724297,53.3908122894667,1991.35328510815
23.4322910318408,53.3687274022937,1985.21157586195
23.3402480905604,53.3466818399205,1979.07486614926
23.2487584605518,53.3246759356132,1972.94314986794
23.2385581337771,53.3222167166712,1972.25753325194
23.2283646638224,53.3197579984995,1971.5719790383
23.0539057181249,53.277498757757,1959.77676083581
22.8814441245534,53.2353903090381,1948
22.7016098782954,53.1911277028649,1935.59437804998
22.5239241877401,53.1470375014992,1923.2092043829
22.3483498597953,53.1031218097214,1910.84442848281
22.174850541999,53.0593825875617,1898.5
22.0040824293014,53.0159980696375,1886.22570701501
21.8353114567357,52.9727942540787,1873.9718514899
21.6649350637584,52.9288487600879,1861.47531612652
21.5805040576336,52.9069477842964,1855.23500903794
21.4965720662387,52.8850948958121,1849
21.492293874352,52.8839788321132,1848.68134029567
21.4880169766944,52.8828628949588,1848.36269448377
21.3278697826262,52.8409248407697,1836.37139519048
21.1695276422457,52.7991674265296,1824.39975341869
20.8450371447012,52.7126820455897,1799.5
20.6894836732738,52.6707860691626,1787.3853461322
20.5356839874002,52.6290827221547,1775.29117016255
20.3763026202705,52.585571321155,1762.63439076853
20.2187848894764,52.5422730152254,1750
20.1996304721061,52.5369877702571,1748.45502649824
19.9172087827287,52.4585519117614,1725.4548124004
19.6164716144637,52.3739787957756,1700.5
19.4752418429833,52.3338861398254,1688.61198033775
19.3355439534985,52.2939907641481,1676.74440637374
19.1853170795885,52.2508238728701,1663.8601754062
19.0368435211716,52.2078903766112,1651
18.9860780073246,52.1931488706792,1646.57372505332
18.7578357662734,52.1264801433453,1626.48639000535
18.4787394481115,52.0440842159827,1601.5
18.3556168476198,52.0074285782049,1590.32581136295
18.2337286407197,51.9709545622617,1579.170417641
18.0865096111247,51.9266531163015,1565.57126913744
17.9410732399403,51.8826214018253,1552
17.8436434099166,51.8529751881577,1542.83118695309
17.6826769292995,51.8037334915729,1527.54507831142
17.4228417717293,51.7235538506239,1502.5
17.320525654551,51.6917454484205,1492.51001140198
17.219116104564,51.6600868872976,1482.53582354711
17.0701443457201,51.6133410824498,1467.75058586692
16.9231096090521,51.566923240813,1453
16.7702499909854,51.518370629139,1437.49595584382
16.6826039895266,51.4903952241246,1428.52728207025
16.5611343926147,51.4514587751195,1416.00091043435
16.4409957290597,51.4127598487438,1403.5
16.3331654401261,51.3778650525594,1392.1836683677
16.2264058622771,51.3431666134777,1380.88870621486
16.1207016472733,51.3086635972863,1369.61505306817
16.0160377359241,51.2743550576494,1358.36264868231
15.9756826818865,51.2610881348356,1354
15.8110186024403,51.2067304608384,1336.05757999491
15.7391271589667,51.1828853113222,1328.15206802809
15.6677321415173,51.1591367312039,1320.25731532995
15.5968286004687,51.1354843566604,1312.37329995064
15.526411651132,51.111927822016,1304.5
15.4178013294612,51.0754643029599,1292.27046329956
15.3639309792103,51.0573198001331,1286.16558487831
15.3103475348895,51.0392332315724,1280.0672855322
15.3050395150461,51.0374394580806,1279.46176837359
15.2997343032362,51.0356462544789,1278.85631604003
15.2735889309136,51.0268033741932,1275.86876266185
15.2475116634066,51.0179743529351,1272.88278717215
15.1955604223757,51.0003578030703,1266.91556486065
15.1438785404499,50.9827964319177,1260.95463912357
15.0924640018846,50.9652900674665,1255
15.0740801378203,50.9590217796735,1252.86486936871
15.0188313343506,50.9401562075349,1246.42905929664
14.9913234968376,50.9307477865843,1243.21398312205
14.9638929495737,50.9213555715329,1240.00079064521
14.9365393790321,50.9119795338091,1236.78948021112
14.9092624733628,50.9026196448256,1233.58005016674
14.8956526725611,50.8979457470717,1231.97603977464
14.8820619217885,50.8932758757759,1230.37249886094
14.8684901825304,50.8886100273607,1228.76942721957
14.8617114301746,50.8862786106024,1227.96806731163
14.854937416301,50.8839481982223,1227.16682464455
14.7636239188596,50.8524732473709,1216.32268603573
14.673167584473,50.8211814677159,1205.5
14.570201414612,50.7854257788813,1193.08182241803
14.468344990504,50.7499122502912,1180.69249676883
14.3675811268803,50.7146391286179,1168.33192261882
14.2678929879972,50.6796046615875,1156
14.0735862464322,50.6109217289057,1131.66158906888
13.9742775381001,50.5756157426174,1119.06540313811
13.8760501822613,50.5405588648121,1106.5
13.781516809611,50.5066929257147,1094.30565081738
13.6879848640093,50.4730624193356,1082.1409665081
13.5920127164078,50.4384266768723,1069.5546440837
13.4970849704488,50.4040401531191,1057
13.4057581010642,50.370837836304,1044.82116506304
13.3153989736446,50.3378710762729,1032.67290433428
13.2224290865133,50.3038307915486,1020.07004160769
13.1304740230739,50.2700410447028,1007.5
13.0421280886258,50.237463850617,995.323620858176
12.9547199435674,50.2051225833035,983.178802118096
12.8647303442416,50.1717117128886,970.572443581608
12.7757254093693,50.1385519230339,958
12.7329155696096,50.1225619972441,951.91554374812
12.6903345848794,50.1066313245264,945.839249902263
12.6058522304206,50.0749466924529,933.711083816563
12.5621226500616,50.058505592797,927.395103104456
12.5186347574744,50.0421278748659,921.087941193903
12.4323764523047,50.0095614135387,908.5
12.3909897701843,49.9938976418411,902.423247724747
12.3498251708493,49.9782931813505,896.354941210249
12.2681554629131,49.9472611079709,884.243595131338
12.2257634541851,49.9311149921707,877.918955197763
12.1836072933751,49.915032637358,871.60348931928
12.0999950801162,49.8830579871119,859
12.0598481599335,49.8676687114317,852.91138122816
12.0199177578873,49.8523389396526,846.831503704974
11.9406998979129,49.8218567815322,834.697897215213
11.8997262364027,49.8060542803102,828.384305116467
11.8589808830777,49.7903152601815,822.080138932514
11.7781679044393,49.7590264096214,809.5
11.7008885868685,49.7290152500578,797.373209296456
11.6625618505597,49.7140983272437,791.323321138095
11.6244416027284,49.6992401241501,785.282411049003
11.5450285907612,49.6682177303547,772.621532191134
11.5056566315037,49.6528023836107,766.3058592348
11.4860535102893,49.6451185287028,763.151704332378
11.4665053352613,49.6374504984207,760
11.3903008020048,49.6075037388163,747.624980525305
11.3323201785159,49.5846603704868,738.10585056905
11.2753430813348,49.5621632756144,728.662576868828
11.2193455794253,49.5400054716162,719.29425629553
11.1643044769316,49.5181801509502,710
11.1284159626733,49.5039247896599,703.893262828064
11.092929377208,49.489809985403,697.818265601651
11.0923259678867,49.489569814816,697.714649662011
11.0231374769415,49.4619947653826,685.762506287605
11.0219574209738,49.4615238270497,685.557420936635
10.9882363497342,49.4480574752031,679.679239165515
10.9548801995729,49.4347199201175,673.830777988988
10.9351617876938,49.4268275283839,670.357470241551
10.9155700542857,49.4189800032552,666.894602614602
10.8961038766438,49.4111770042542,663.442128107172
10.8864175216463,49.4072920956285,661.719773662561
10.8767621403979,49.4034181923196,660
10.8115181238952,49.3772040658966,647.44308825296
10.8079616984549,49.375773284464,646.754516626808
10.7476150777974,49.3514659582607,635.004994961893
10.7406517713483,49.3486576030493,633.641205778202
10.685015264384,49.3261924185979,622.6840416075
10.6747881646186,49.3220577308565,620.658098913648
10.6236823054561,49.3013723367832,610.478581138349
10.621291089749,49.300403500762,610
10.6103283596387,49.29596067093,607.803266391352
10.5635811214673,49.2769949310701,598.386997236882
10.5606521856465,49.2758055239064,597.794365946859
10.5012333841718,49.2516478448655,585.703166460287
10.4430010241771,49.2279199770884,573.724799718285
10.3770424698307,49.2009809812649,560
10.3446276546896,49.1877174837602,553.192741540924
10.3190884198515,49.1772559337355,547.800018114301
10.3047846319389,49.1713923279735,544.768301784382
10.2905537022251,49.1655554570248,541.743844590016
10.2763951212387,49.159745158513,538.726620490491
10.2623083840846,49.1539612712896,535.716603569497
10.2565358812864,49.1515902484773,534.480806121155
10.2536541438624,49.15040639854,533.863362308618
10.2522144017657,49.1498148883382,533.554754032585
10.2507754100342,49.1492236544203,533.246221472873
10.2443301204484,49.1465751063796,531.863248856533
10.2378998683705,49.1439320979722,530.481796516729
10.2346903662301,49.1426126662608,529.791639667362
10.2314846054093,49.1412946136689,529.101861948018
10.2282825799148,49.1399779382737,528.412463046378
10.2266829660331,49.13932011642,528.067905554689
10.2258835084835,49.1389913343499,527.895662281578
10.2250842837381,49.1386626381447,527.723442650462
10.2099305006298,49.1324284907793,524.453026404614
10.2066699269336,49.1310866520654,523.748093657487
10.1696867352863,49.1158552757698,515.721110339925
10.1434889483006,49.1050530100382,510
10.1035972459668,49.0885838327756,501.231837635871
10.0565140498611,49.0691139003736,490.793867695779
10.0102562985135,49.0499517711855,480.443297181012
9.9648042532564,49.0310909849759,470.179032946135
9.920138777783,49.0125252498468,460
9.8988259107611,49.0036553421884,455.110153799645
9.8776904201878,48.9948522551275,450.239855181777
9.856730287678,48.9861153184045,445.388987165494
9.83594352423714,48.9774438701324,440.55743370145
9.81532816973655,48.968837256673,435.745079662605
9.79488229239999,48.9602948325138,430.951810835079
9.77460398830104,48.9518159601479,426.177513909115
9.75449138087083,48.9434000099557,421.42207647015
9.74241215489434,48.9383425144619,418.556340878194
9.73039240470322,48.9333076513532,415.697432495386
9.71843172981801,48.928295285615,412.845326953464
9.71247342058678,48.9257974969974,411.421817664446
9.70652973156785,48.9233052825479,410
9.66399817884547,48.9054554418617,399.307878836069
9.62215503038416,48.8878667887417,388.697138499809
9.58098510534856,48.870534252847,378.166853394176
9.54047364958652,48.8534528858921,367.716111905669
9.51078309874083,48.8409176527862,360
9.50060627777074,48.8366178399006,357.344016141245
9.47339355019975,48.8251121506642,350.213610508655
9.46136908521518,48.8200244169679,347.049681671167
9.43656263298391,48.8095212136562,340.49665633665
9.40027902774531,48.7941409933362,330.84840112145
9.36453162495243,48.7789676919493,321.268118876023
9.3228411436649,48.7612462295453,310
9.28695555818916,48.7459701953221,300.217481876511
9.25161032743716,48.7309042011437,290.505624974055
9.2167943878577,48.716044412123,280.863666446062
9.18249696414367,48.701387080337,271.290854387338
9.14238561822845,48.6842213539188,260
9.10794310426584,48.6694611526174,250.221496159884
9.07402355767536,48.6549065701106,240.514923480173
9.04061619424112,48.6405538021562,230.879491175603
9.00771051242762,48.6263991319737,221.314420010072
8.9883267319596,48.6180529203451,215.644922069009
8.96911551167281,48.6097750746935,210
8.95075714468791,48.6018591882648,204.581591531031
8.93245161246438,48.5939607060135,199.16578174378
8.89599818085463,48.5782157522399,188.341950740003
8.87640202579959,48.569742975036,182.501932901358
8.8568664534543,48.5612902539832,176.664936727765
8.8179759838965,48.5444447297127,165
8.80953622085502,48.5407858092174,162.460614540196
8.77655394379732,48.5264758926949,152.509498489537
8.74374444474168,48.5122235582631,142.567164179106
8.7242481941268,48.5037462359873,136.638571687629
8.6969652728103,48.4918728362591,128.316210957766
8.66980152759439,48.4800393662056,120
8.6443456170098,48.4689390705442,112.178010498598
8.60740422325998,48.4528117878007,100.775120697231
8.58860413663191,48.4445958699024,94.9483509011809
8.56987275205159,48.4364042851354,89.126912393105
8.55120971453204,48.4282369376051,83.3107978594423
8.53261467147985,48.4200937318722,77.5
8.51572209299476,48.4126912151398,72.2074135776759
8.49888546611894,48.4053086106932,66.9192339716901
8.48210452884726,48.3979458472079,61.6354556803995
8.46537902077577,48.3906028536675,56.3560732113143
8.44848529425394,48.383181393782,51.0103056534594
8.43164796141974,48.3757800922451,45.6690413893526
8.41486675619856,48.3683988761022,40.3322747310044
8.4064971184433,48.3647157772107,37.6655762291114
8.40231752640611,48.3628761011141,36.332647874741
8.40022903530613,48.3619567309108,35.6662888829499
8.39814141347173,48.3610376724176,35
8.39327008830833,48.3588928353344,33.125
8.38840212991448,48.3567490947365,31.25
8.37867629948977,48.3524648998408,27.5
8.36896389435412,48.3481850814267,23.75
8.36411271758959,48.3460468114332,21.875
8.36168838414198,48.3449780858961,20.9375
8.36047653096259,48.3444438254494,20.46875
8.35926488674073,48.3439096332011,20
8.35311248017135,48.3411967781292,17.3283812080545
8.34696600657952,48.3384859231517,14.6567624161089
8.33854560065893,48.3347711680656,10.9925718120812
8.33626656005532,48.3337655453541,10
8.33013631694294,48.3310601659256,7.32838120805445
8.32173813341873,48.327352911314,3.66419060402677
8.31754319736544,48.3255006876409,1.83209530201384
8.3154467670671,48.324574926417,0.916047651006011
8.31439881120031,48.3241121334213,0.458023825503005
8.31335102813154,48.3236493988225,0
