-45.97,-53.02,10
-45.9681735438075,-53.0184548419886,10.9925718120812
-45.9614270584773,-53.0127462016682,14.6567624161089
-45.956504201357,-53.0085794575727,17.3283812080545
-45.9515780607995,-53.004408925379,20
-45.9506076531827,-53.0035872471366,20.46875
-45.9496371351764,-53.0027654362371,20.9375
-45.9476957679184,-53.00112141634,21.875
-45.943811707883,-52.9978317832633,23.75
-45.9360382814254,-52.9912461368541,27.5
-45.9282577715677,-52.9846519698393,31.25
-45.9243648572776,-52.9813516859958,33.125
-45.9204701684318,-52.978049265865,35
-45.9187997053651,-52.97663263786,35.6662888829499
-45.9171287148185,-52.9752154461692,36.332647874741
-45.913785150383,-52.9723793704801,37.6655762291114
-45.9070916817976,-52.9667004410944,40.3322747310044
-45.893679334902,-52.9553153998735,45.6690413893526
-45.8802330100788,-52.9438939797801,51.0103056534594
-45.8667525896878,-52.9324360179166,56.3560732113143
-45.8534171814153,-52.92109383825,61.6354556803995
-45.8400483456938,-52.9097157605313,66.9192339716901
-45.826645967981,-52.8983016255155,72.2074135776759
-45.8132099332274,-52.8868512730393,77.5
-45.7984323764859,-52.8742489191533,83.3107978594423
-45.7836140276595,-52.8616025767394,89.126912393105
-45.7687547327556,-52.848912030516,94.9483509011809
-45.7538543370297,-52.8361770638308,100.775120697231
-45.7246147031621,-52.8111595851718,112.178010498598
-45.704496032871,-52.793925102461,120
-45.6830545958388,-52.7755386896968,128.316210957766
-45.6615471041953,-52.7570761297782,136.638571687629
-45.646195116874,-52.7438856451816,142.567164179106
-45.6203920784576,-52.7216931060677,152.509498489537
-45.5944938315056,-52.6993903098035,162.460614540196
-45.5878733254899,-52.6936843612888,165
-45.5574003644794,-52.6673969346167,176.664936727765
-45.5421143704134,-52.6541956400621,182.501932901358
-45.5267952342725,-52.6409557459629,188.341950740003
-45.4983359847708,-52.616332682461,199.16578174378
-45.4840633989099,-52.6039709733525,204.581591531031
-45.4697620650219,-52.5915756407277,210
-45.4548094694638,-52.5786064966081,215.644922069009
-45.4397361391513,-52.5655229547535,221.314420010072
-45.4141789876427,-52.5433173034267,230.879491175603
-45.3882722200578,-52.5207793082156,240.514923480173
-45.3620094213373,-52.4979021703848,250.221496159884
-45.3353840279462,-52.4746789130229,260
-45.3044300089851,-52.4476417621816,271.290854387338
-45.2780082199757,-52.4245306534031,280.863666446062
-45.2512298659812,-52.4010768922723,290.505624974055
-45.2240884902731,-52.3772735281161,300.217481876511
-45.196577488528,-52.3531134294607,310
-45.1646734333857,-52.3250542364591,321.268118876023
-45.1373661584152,-52.3010027153301,330.84840112145
-45.1096952004783,-52.2765977608132,340.49665633665
-45.0908036202446,-52.2599167824007,347.049681671167
-45.081654026113,-52.2518322321923,350.213610508655
-45.0609661042844,-52.2335389754922,357.344016141245
-45.0532360199728,-52.226698862362,360
-45.0307043549019,-52.206746373151,367.716111905669
-45.0000102998304,-52.1795300598913,378.166853394176
-44.9688756079229,-52.1518808165335,388.697138499809
-44.9372917796797,-52.1237891970291,399.307878836069
-44.9052501081617,-52.0952454903587,410
-44.9007754564365,-52.0912557323242,411.421817664446
-44.8962910089601,-52.0872563540494,412.845326953464
-44.8872926129719,-52.0792286110963,415.697432495386
-44.8782546878014,-52.0711620054372,418.556340878194
-44.8691770005849,-52.063056279967,421.42207647015
-44.8540731458449,-52.0495615484427,426.177513909115
-44.8388587775078,-52.0359578784228,430.951810835079
-44.8235328099283,-52.0222440662998,435.745079662605
-44.8080941439722,-52.0084188914039,440.55743370145
-44.7925416668119,-51.9944811157044,445.388987165494
-44.7768742517176,-51.9804294835062,450.239855181777
-44.7610907578452,-51.966262721139,455.110153799645
-44.7451900300198,-51.95197953664,460
-44.7119162885679,-51.9220542464236,470.179032946135
-44.6781251752407,-51.8916131466097,480.443297181012
-44.6438058499656,-51.8606440117051,490.793867695779
-44.6089471841162,-51.8291342425601,501.231837635871
-44.5794703242557,-51.8024467462375,510
-44.5601408054825,-51.7849251842778,515.721110339925
-44.5328919913197,-51.7601965186134,523.748093657487
-44.5304917944222,-51.7580167066558,524.453026404614
-44.5193412665404,-51.7478866131462,527.723442650462
-44.5187533865597,-51.7473523772716,527.895662281578
-44.5181653563112,-51.7468179892657,528.067905554689
-44.5169888448066,-51.7457487566251,528.412463046378
-44.5146340163324,-51.7436084631747,529.101861948018
-44.5122767777919,-51.7414657289733,529.791639667362
-44.5099171258742,-51.73932055021,530.481796516729
-44.5051905687816,-51.7350228438488,531.863248856533
-44.5004543183056,-51.7307153133182,533.246221472873
-44.4993970768421,-51.7297536340373,533.554754032585
-44.4983393519566,-51.7287914645865,533.863362308618
-44.496222450746,-51.7268656538186,534.480806121155
-44.4919828342969,-51.7230081352697,535.716603569497
-44.4816414029905,-51.7135953295396,538.726620490491
-44.4712537666818,-51.7041356076619,541.743844590016
-44.4608196478704,-51.6946286489051,544.768301784382
-44.4503387669418,-51.6850741297184,547.800018114301
-44.4316418596005,-51.6680174280463,553.192741540924
-44.407941981388,-51.646373901667,560
-44.3598219809366,-51.6023507373861,573.724799718285
-44.3174553556546,-51.5635040114526,585.703166460287
-44.274337856068,-51.5238848391379,597.794365946859
-44.2722153864325,-51.5219323848502,598.386997236882
-44.2383768318999,-51.4907765836063,607.803266391352
-44.2304514160231,-51.4834719335939,610
-44.2287232146782,-51.4818787134928,610.478581138349
-44.1918309822975,-51.4478353162634,620.658098913648
-44.1844582115085,-51.4410243928372,622.6840416075
-44.144407542075,-51.4039822055002,633.641205778202
-44.1394017991133,-51.3993472950657,635.004994961893
-44.0960841118405,-51.3591904578137,646.754516626808
-44.0935348293068,-51.3568244998406,647.44308825296
-44.0468375611029,-51.3134322583032,660
-44.0399311320893,-51.3070060824353,661.719773662561
-44.0330054519922,-51.3005597783636,663.442128107172
-44.019096051287,-51.2876064405088,666.894602614602
-44.0051087710647,-51.2745715404536,670.357470241551
-43.9910430210124,-51.2614543690838,673.830777988988
-43.9672763423026,-51.2392696315621,679.679239165515
-43.9432844418628,-51.2168480537299,685.557420936635
-43.9424454868251,-51.216063525924,685.762506287605
-43.8933308216686,-51.1700780700991,697.714649662011
-43.8929031246293,-51.1696771289811,697.818265601651
-43.8677697257292,-51.1461010405068,703.893262828064
-43.8423906357332,-51.122264548959,710
-43.803543416895,-51.0857201941718,719.29425629553
-43.7641151315814,-51.0485568936598,728.662576868828
-43.7240939451017,-51.0107600757075,738.10585056905
-43.6834677113805,-50.9723147208853,747.624980525305
-43.6302246529519,-50.9218119045268,760
-43.6165945399475,-50.9088617382908,763.151704332378
-43.6029377531722,-50.8958774055976,766.3058592348
-43.5755438712568,-50.8698057335792,772.621532191134
-43.5204328405045,-50.817246768336,785.282411049003
-43.4940454656488,-50.7920301702961,791.323321138095
-43.4675590033937,-50.766685498005,797.373209296456
-43.4142867634104,-50.7156082588911,809.5
-43.3587681729429,-50.6622326096174,822.080138932514
-43.330849218312,-50.6353353718432,828.384305116467
-43.3028230720018,-50.6082971521031,834.697897215213
-43.2487772238805,-50.55604952419,846.831503704974
-43.2216043980108,-50.5297274989605,852.91138122816
-43.1943309553663,-50.503272075144,859
-43.1376795770822,-50.4482045732816,871.60348931928
-43.1091931611352,-50.4204556622079,877.918955197763
-43.0805988433064,-50.3925619028213,884.243595131338
-43.0256557797307,-50.3388529592205,896.354941210249
-42.9980344330379,-50.3117962843924,902.423247724747
-42.9703125359573,-50.2846035313704,908.5
-42.9126900152335,-50.2279601671282,921.087941193903
-42.8837185092457,-50.1994192500138,927.395103104456
-42.8546394349612,-50.17073075138,933.711083816563
-42.7986119294441,-50.1153379915835,945.839249902263
-42.7704480018853,-50.0874344440149,951.91554374812
-42.7421832898907,-50.0593914825511,958
-42.6835804769144,-50.0011219016729,970.572443581608
-42.6245501483174,-49.9422541757018,983.178802118096
-42.5674243570457,-49.8851198392701,995.323620858176
-42.5098957801235,-49.827417223011,1007.5
-42.4502399548369,-49.767405028845,1020.07004160769
-42.3901554252946,-49.7067799625724,1032.67290433428
-42.3319779899959,-49.6479049130294,1044.82116506304
-42.2733961939896,-49.5884468806978,1057
-42.2127361421575,-49.5266951500628,1069.5546440837
-42.1516470232995,-49.4643164444713,1082.1409665081
-42.092340150085,-49.4035744218866,1094.30565081738
-42.0326264035764,-49.34223274889,1106.5
-41.9708205905295,-49.2785480256111,1119.06540313811
-41.9085826647733,-49.2142180272883,1131.66158906888
-41.7875237013732,-49.0885123004265,1156
-41.7257790434915,-49.0241025740686,1168.33192261882
-41.6636166973225,-48.959054902452,1180.69249676883
-41.601032519549,-48.8933601496749,1193.08182241803
-41.5380223058575,-48.8270090031979,1205.5
-41.4828782694092,-48.7687683309511,1216.32268603573
-41.4274103183703,-48.7100223416418,1227.16682464455
-41.4233033916896,-48.7056661822507,1227.96806731163
-41.4191946839735,-48.7013072329024,1228.76942721957
-41.4109719209214,-48.6925809540578,1230.37249886094
-41.4027420200379,-48.6838434843767,1231.97603977464
-41.3945049721754,-48.6750948031249,1233.58005016674
-41.3780093992041,-48.6575637231053,1236.78948021112
-41.3614851281067,-48.6399875466956,1240.00079064521
-41.3449320850669,-48.6223661061461,1243.21398312205
-41.3283501959839,-48.6046992328653,1246.42905929664
-41.2950995848494,-48.5692285127012,1252.86486936871
-41.2840514094495,-48.5574295157334,1255
-41.2531946753323,-48.5244410134785,1260.95463912357
-41.2222395743902,-48.491295816885,1266.91556486065
-41.1911856398163,-48.4579928467111,1272.88278717215
-41.1756214619514,-48.4412818552618,1275.86876266185
-41.1600323991002,-48.4245310111312,1278.85631604003
-41.1568711136639,-48.4211325255622,1279.46176837359
-41.1537088039139,-48.417732397468,1280.0672855322
-41.1218221880454,-48.3834175049337,1286.16558487831
-41.0898312428037,-48.3489349131206,1292.27046329956
-41.0255343404449,-48.2794618826754,1304.5
-40.9839908798392,-48.2344542026156,1312.37329995064
-40.9422734435612,-48.1891631343242,1320.25731532995
-40.9003809355852,-48.1435860808879,1328.15206802809
-40.8583122492741,-48.0977204130586,1336.05757999491
-40.7623879917919,-47.9927738933007,1354
-40.7389705536068,-47.9670767348443,1358.36264868231
-40.6784017829565,-47.9004705995413,1369.61505306817
-40.6174729784678,-47.8332629581505,1380.88870621486
-40.5561808779279,-47.7654458665619,1392.1836683677
-40.4945221729013,-47.6970112373607,1403.5
-40.4261168100574,-47.6208389985311,1416.00091043435
-40.3572634307735,-47.5439018814046,1428.52728207025
-40.3077744985873,-47.4884373170866,1437.49595584382
-40.2218449131364,-47.3918022347637,1453
-40.1396438262441,-47.2989669992454,1467.75058586692
-40.0568092804398,-47.2050257409607,1482.53582354711
-40.0006777612945,-47.1411441882492,1492.51001140198
-39.9442532735606,-47.076746425267,1502.5
-39.8018943394589,-46.9134528086823,1527.54507831142
-39.7143673341361,-46.8124698539811,1542.83118695309
-39.6616327093917,-46.751412119373,1552
-39.5832530770196,-46.6603606354311,1565.57126913744
-39.5043224856763,-46.568303890017,1579.170417641
-39.4392819049405,-46.4921705689654,1590.32581136295
-39.3738643505688,-46.4153430761796,1601.5
-39.226610883992,-46.2414736157177,1626.48639000535
-39.1072421845236,-46.0995760213983,1646.57372505332
-39.080819546608,-46.068050606838,1651
-39.0038047611322,-45.9759219578694,1663.8601754062
-38.9262768574934,-45.8828164184802,1676.74440637374
-38.8545369170162,-45.7963360648566,1688.61198033775
-38.7823539938799,-45.7090044980052,1700.5
-38.6297831269302,-45.5233621092358,1725.4548124004
-38.487890229476,-45.3494221532515,1748.45502649824
-38.4783147319445,-45.3376389805048,1750
-38.3997987268513,-45.2408052677707,1762.63439076853
-38.3207659478551,-45.1429452214831,1775.29117016255
-38.2448899781893,-45.0486253741823,1787.3853461322
-38.1685334356683,-44.9533421820005,1799.5
-38.0104788136546,-44.7549378167192,1824.39975341869
-37.9339470302449,-44.6582972039636,1836.37139519048
-37.856933801708,-44.5606706027518,1848.36269448377
-37.8548824360304,-44.5580649698239,1848.68134029567
-37.8528307271618,-44.5554586308024,1849
-37.8126351781686,-44.504342642549,1855.23500903794
-37.7723078361176,-44.4529546228931,1861.47531612652
-37.6912547784311,-44.3493537163416,1873.9718514899
-37.6113899667559,-44.2468558574132,1886.22570701501
-37.5310053603847,-44.1432725495848,1898.5
-37.4497683992592,-44.0381628337968,1910.84442848281
-37.3679995163809,-43.931928621461,1923.2092043829
-37.2856924999087,-43.8245515126572,1935.59437804998
-37.2028410082317,-43.7160126773446,1948
-37.1238073084918,-43.6120515929304,1959.77676083581
-37.0442730667142,-43.5070128386868,1971.5719790383
-37.0396387574088,-43.5008794293041,1972.25753325194
-37.0350027395535,-43.4947423242816,1972.94314986794
-36.9934838335864,-43.4397160834309,1979.07486614926
-36.9518274855093,-43.3843917944188,1985.21157586195
-36.9100328685818,-43.3287669781513,1991.35328510815
-36.8680991471242,-43.2728391259971,1997.5
-36.783560791405,-43.1597286407257,2009.84502897631
-36.6984557263032,-43.0453722255414,2022.2100063482
-36.526517441361,-42.8128364682875,2047
-36.4330555646155,-42.6855882672756,2060.36870830591
-36.3520710096371,-42.5748430321727,2071.89234040359
-36.1778092701363,-42.3350078212784,2096.5
-35.9869285572691,-42.0698789275801,2123.16098513565
-35.8216532799392,-41.8382544316773,2146
-35.8129301485833,-41.8259759986766,2147.19913328747
-35.6365408359465,-41.5765400866151,2171.31202186828
-35.4576961166732,-41.3213721120629,2195.5
-35.3651634826889,-41.18845154017,2207.91232549126
-35.2719601627791,-41.0539445810661,2220.34447117778
-35.18379440396,-40.9261299389394,2232.04013039989
-35.0855435664616,-40.7830306074332,2245
-34.8965615441731,-40.5058051019933,2269.71064065429
-34.7047555928305,-40.2217567021339,2294.5
-34.6254471122214,-40.1035135266532,2304.66492071891
-34.5456443109144,-39.9840622451189,2314.84316635167
-34.5102189052553,-39.9308845661054,2319.34536379588
-34.3148356185423,-39.6359069935181,2344
-34.0895288457403,-39.2921914021376,2372.0612614952
-33.9152297819497,-39.0236533050976,2393.5
-33.8976576754768,-38.996452087465,2395.64836841572
-33.8745170716253,-38.9605950101737,2398.47391666304
-33.8513341974399,-38.9246314181992,2401.3004964165
-33.8048409812477,-38.8523826279922,2406.95675270202
-33.758176690016,-38.7797015371018,2412.61714179685
-33.7113399710912,-38.7065839101007,2418.28166823218
-33.6087458940968,-38.5458330522616,2430.63099049315
-33.5053131374527,-38.3829462750131,2443
-33.2954316956822,-38.0498746543561,2467.84827539613
-33.1903428396496,-37.8818146599326,2480.16420665138
-33.0843624098532,-37.7114534425724,2492.5
-32.869845362405,-37.3639185439779,2517.20988262419
-32.6515519632583,-37.0065285412013,2542
-32.527133971411,-36.8011347142507,2555.96968856544
-32.4014376198206,-36.5923734519584,2569.96536136428
-32.398406843983,-36.5873241844029,2570.30136722411
-32.3953753149348,-36.5822729242728,2570.63738807489
-32.3893099955031,-36.5721644209805,2571.3094747533
-32.3771702993265,-36.5519234449921,2572.65382804564
-32.3528545815612,-36.5113453160399,2575.34325459725
-32.3040770690321,-36.4298019367376,2580.72498936814
-32.2059314340146,-36.2651470811601,2591.5
-32.0922089675194,-36.0733867807398,2603.89554466347
-31.9774028578493,-35.8787365713241,2616.31173760945
-31.8187962209482,-35.6080611473457,2633.30425228385
-31.7463874727793,-35.4838074784954,2641
-31.6294744169786,-35.2822788772351,2653.34395023328
-31.5113949274612,-35.0776016109721,2665.70856565713
-31.3921210206925,-34.8696893943384,2678.09389820886
-31.2716234605771,-34.6584521787529,2690.5
-31.2234167804416,-34.5736075705219,2695.43330787115
-31.1141745713777,-34.3806265627444,2706.54938086619
-31.0038889059776,-34.1847968894695,2717.68249439006
-30.7800886331689,-33.7842892278324,2740
-30.729658272242,-33.6934625641321,2744.97932763395
-30.616022419937,-33.4880200082175,2756.13924688407
-30.501441274841,-33.2797713367103,2767.30765889383
-30.3858925525602,-33.0686460837986,2778.48457336147
-30.2693530077811,-32.8545709010102,2789.67
-30.1789555959917,-32.6877274653788,2798.28585062775
-29.9615167360439,-32.2835763763246,2818.79348811137
-29.7404408921825,-31.8685536396738,2839.33
-29.6199722609275,-31.640650092828,2850.3872878975
-29.4072619215729,-31.2352231659616,2869.68099414036
-29.2995655680365,-31.0284808593265,2879.33733150893
-29.1909456946912,-30.8189617014919,2889
-29.189307683344,-30.8157943852107,2889.1000846569
-29.1876692128481,-30.8126259515098,2889.20017366278
-29.184390893084,-30.8062857285005,2889.40036472264
-29.1778287291437,-30.7935918365229,2889.80079904268
-29.1646822286742,-30.768150079607,2890.60187654757
-29.138299932042,-30.7170491464118,2892.20486752515
-29.0851732181406,-30.613965144729,2895.41419742546
-28.9774302099537,-30.40416495564,2901.84628168333
-28.86761762189,-30.1893117008221,2908.29632769777
-28.7556275082292,-29.9691336626696,2914.76441081194
-28.538024401853,-29.5382405335325,2927.01472392131
-28.3113281945964,-29.0850217631764,2939.33
-28.0654822216545,-28.5885358399081,2952.17095087527
-27.9380279264737,-28.3291022912297,2958.61750086836
-27.8072639324089,-28.0614853879999,2965.08152815299
-27.5503161797523,-27.5313623506872,2977.33921702579
-27.278545660714,-26.964520505227,2989.66
-26.978394740481,-26.3311759149878,3002.49571543133
-26.6553950668792,-25.6410873829926,3015.39890143113
-26.3234979039744,-24.9228326781156,3027.66381416945
-25.9579733109055,-24.121152435262,3039.99
-25.5303768617138,-23.1693164334682,3052.81908434385
-25.0258229306898,-22.0270292970809,3065.71352997519
-24.4147086581782,-20.6163643194876,3077.98700900047
-23.3331203634095,-18.049788920566,3090.32
-22.8211830698736,-16.8054375997348,3091.77363408304
-22.3159222055228,-15.5598367826793,3090.32
-21.2905982595436,-12.9827292054977,3077.98700900047
-20.7351938607978,-11.5616318123059,3065.71352997519
-20.288945256177,-10.4084219229945,3052.81908434385
-19.9191453631311,-9.4457541252852,3039.99
-19.6089309213635,-8.63370400100189,3027.66381416945
-19.3318391973421,-7.90517010755556,3015.39890143113
-19.0662601670708,-7.20430767539133,3002.49571543133
-18.8229955645938,-6.5602851840095,2989.66
-18.6056003441914,-5.98323280119896,2977.33921702579
-18.4025184934014,-5.44299104676587,2965.08152815299
-18.3000695981924,-5.1700536155154,2958.61750086836
-18.2007920146128,-4.90532449237126,2952.17095087527
-18.0108889817036,-4.39832145821717,2939.33
-17.8376108340478,-3.93505638106966,2927.01472392131
-17.6729098801395,-3.49421024135157,2914.76441081194
-17.5887588437354,-3.26879306610766,2908.29632769777
-17.5066441765285,-3.0487262155538,2901.84628168333
-17.4264591415783,-2.83373775900234,2895.41419742546
-17.3870593199352,-2.72806905348735,2892.20486752515
-17.367527505129,-2.67567811546271,2890.60187654757
-17.3578030117886,-2.64959194162695,2889.80079904268
-17.3529510438714,-2.63657598740478,2889.40036472264
-17.350527620346,-2.63007476980734,2889.20017366278
-17.3493165475404,-2.62682584794349,2889.1000846569
-17.3481059002692,-2.62357804958578,2889
-17.346895259287,-2.62033025005836,2889.1000846569
-17.3456842053574,-2.61708132468378,2889.20017366278
-17.3432608573971,-2.6105800930321,2889.40036472264
-17.3384091922294,-2.59756408250195,2889.80079904268
-17.3286859138212,-2.57147768270258,2890.60187654757
-17.3091589904919,-2.51908583491861,2892.20486752515
-17.2697789933166,-2.41341344227539,2895.41419742546
-17.1896754011989,-2.19840983824498,2901.84628168333
-17.1077012052897,-1.97831686145784,2908.29632769777
-17.0237539722149,-1.75286178063406,2914.76441081194
-16.8596269665976,-1.31190889023412,2927.01472392131
-16.6872023313958,-0.84848506123388,2939.33
-16.4985280325681,-0.341253476165204,2952.17095087527
-16.4000146518416,-0.0763822022753155,2958.61750086836
-16.2984419237554,0.196718211161942,2965.08152815299
-16.0973592393281,0.737331864061411,2977.33921702579
-15.8824896471483,1.31485411924808,2989.66
-15.6425223766614,1.95949011586031,3002.49571543133
-15.3811093040194,2.66112777390646,3015.39890143113
-15.1089916378297,3.39058742024945,3027.66381416945
-14.8051028424084,4.2038150874985,3039.99
-14.4438832760673,5.16808057073583,3052.81908434385
-14.0094853539185,6.32349790267116,3065.71352997519
-13.4710995119524,7.74776700304039,3077.98700900047
-12.4837280364366,10.3319546613293,3090.32
-12.0002491855055,11.5816233004373,3091.77363408304
-11.5124295648072,12.8304823520976,3090.32
-10.4884826336284,15.407847153649,3077.98700900047
-9.91389154973563,16.8253602566071,3065.71352997519
-9.44161199248259,17.9737064236801,3052.81908434385
-9.04285175751328,18.9309620161265,3039.99
-8.70304695385808,19.7374809481192,3027.66381416945
-8.39535029679779,20.46029267275,3015.39890143113
-8.09667033903998,21.1549647417214,3002.49571543133
-7.8197928755752,21.7926995110281,2989.66
-7.56965151780708,22.3636247320133,2977.33921702579
-7.33363630116173,22.8977027255964,2965.08152815299
-7.21370447085299,23.1673674370953,2958.61750086836
-7.09692410272488,23.4288196804061,2952.17095087527
-6.87198897924578,23.929262652763,2939.33
-6.66494878213678,24.386203805333,2927.01472392131
-6.46654886528563,24.8207361817442,2914.76441081194
-6.36456927252731,25.0428123683354,2908.29632769777
-6.26465641338768,25.2595434577202,2901.84628168333
-6.16670703198359,25.4712020351862,2895.41419742546
-6.11843870571456,25.575208190738,2892.20486752515
-6.09447621872151,25.626768481868,2890.60187654757
-6.08253730371835,25.6524394929333,2889.80079904268
-6.07657835594422,25.6652479063854,2889.40036472264
-6.07360150052642,25.6716453638068,2889.20017366278
-6.07211372631985,25.6748424081417,2889.1000846569
-6.07062638735848,25.6780383306791,2889
-5.9720387628797,25.8894625454915,2879.33733150893
-5.87436868703773,26.0981094865271,2869.68099414036
-5.6816923983373,26.5073443002439,2850.3872878975
-5.57270571791943,26.7374315138766,2839.33
-5.37295473937355,27.1565123551767,2818.79348811137
-5.17680907144725,27.5647187544294,2798.28585062775
-5.09535674028919,27.7332667553516,2789.67
-4.99042915826026,27.9495555552034,2778.48457336147
-4.88648242739586,28.1628934884767,2767.30765889383
-4.7834931192694,28.3733538675081,2756.13924688407
-4.68143877044802,28.5810071226889,2744.97932763395
-4.63617530099701,28.6728203633619,2740
-4.43550535139244,29.0777469324989,2717.68249439006
-4.33673802548144,29.2757785530003,2706.54938086619
-4.23898299007241,29.4709565043415,2695.43330787115
-4.19586996620573,29.55677558922,2690.5
-4.08817015323274,29.7704619937501,2678.09389820886
-3.98165611424186,29.980817331733,2665.70856565713
-3.87629865445555,30.1879316509091,2653.34395023328
-3.77206982958268,30.3918912354274,2641
-3.70756063319637,30.51765947646,2633.30425228385
-3.56637392212203,30.7916764105975,2616.31173760945
-3.46427653684673,30.9887658195695,2603.89554466347
-3.363224878339,31.1829592178423,2591.5
-3.27607993729511,31.3497274228214,2580.72498936814
-3.232792168274,31.4323257715888,2575.34325459725
-3.21121867185045,31.4734309587411,2572.65382804564
-3.20044942379908,31.4939353571688,2571.3094747533
-3.19506916280086,31.5041755450119,2570.63738807489
-3.19238012156291,31.5092926407499,2570.30136722411
-3.18969180593156,31.5144077394679,2569.96536136428
-3.07824898173423,31.7259097229657,2555.96968856544
-2.96803656287639,31.9340365367499,2542
-2.77489922374406,32.2962699210091,2517.20988262419
-2.58538959111596,32.6486242158419,2492.5
-2.49186814586506,32.8213882409595,2480.16420665138
-2.39920126633402,32.9918450526283,2467.84827539613
-2.21432998808142,33.3297458584813,2443
-2.12332085362953,33.4950332317527,2430.63099049315
-2.03311346634641,33.6581786962301,2418.28166823218
-1.99195264823655,33.7323939768849,2412.61714179685
-1.9509564727604,33.8061714563915,2406.95675270202
-1.9101235885033,33.8795153695885,2401.3004964165
-1.88976796198412,33.9160260483116,2398.47391666304
-1.86945266033509,33.9524298957295,2395.64836841572
-1.85402812299866,33.9800467643786,2393.5
-1.70113080822521,34.2527289512988,2372.0612614952
-1.50375654629033,34.6018583857364,2344
-1.33283884117415,34.9015826792465,2319.34536379588
-1.30187339082789,34.9556261496848,2314.84316635167
-1.23214448101976,35.077033585441,2304.66492071891
-1.16288440079499,35.1972287313192,2294.5
-0.995531839950118,35.4860305714206,2269.71064065429
-0.830851869106361,35.7679846062649,2245
-0.745316971214628,35.9135599148091,2232.04013039989
-0.668609136666596,36.0436066386197,2220.34447117778
-0.587566845332198,36.180483748074,2207.91232549126
-0.50715682174237,36.3157681108633,2195.5
-0.351880460891856,36.5755349154599,2171.31202186828
-0.198913333886175,36.8295453713316,2147.19913328747
-0.191353073415463,36.8420510327449,2146
-0.0481912406036571,37.0779985498042,2123.16098513565
0.116959881284146,37.3481621609896,2096.5
0.267555197326786,37.5926329113673,2071.89234040359
0.337484065024455,37.7055451166369,2060.36870830591
0.418141957988155,37.8353041539952,2047
0.566399943309584,38.0724869475393,2022.2100063482
0.639724038442495,38.1891569028359,2009.84502897631
0.712520804841994,38.3045742779741,1997.5
0.748615911011306,38.361649655808,1991.35328510815
0.784581789364879,38.418420323892,1985.21157586195
0.820419266969893,38.4748887913842,1979.07486614926
0.856129161871529,38.5310575379232,1972.94314986794
0.860115965091936,38.537322345807,1972.25753325194
0.864101183019748,38.5435834371258,1971.5719790383
0.932477629910849,38.650817546201,1959.77676083581
1.00039001503264,38.7569677852725,1948
1.07154695824764,38.8678096665256,1935.59437804998
1.1421998873657,38.977482929658,1923.2092043829
1.21235506529519,39.0860064105691,1910.84442848281
1.28201862389837,39.1933985153289,1898.5
1.35091677627899,39.2992481174465,1886.22570701501
1.41933553791871,39.4040053433161,1873.9718514899
1.48873782848992,39.5099070987041,1861.47531612652
1.52325553162364,39.5624428381243,1855.23500903794
1.55765192327235,39.6147047442855,1849
1.55940739713837,39.6173696267829,1848.68134029567
1.56116255528167,39.6200337984597,1848.36269448377
1.62703947651073,39.7198617490544,1836.37139519048
1.69247382696288,39.818697014177,1824.39975341869
1.8275132167719,40.021656069366,1799.5
1.89270457028772,40.1191503734924,1787.3853461322
1.95745574035457,40.2156743321035,1775.29117016255
2.02486929031252,40.315837514006,1762.63439076853
2.09181022004593,40.4149666938284,1750
2.09997190226537,40.427030316175,1748.45502649824
2.2208593959358,40.6051388864123,1725.4548124004
2.3507295421274,40.7952903539459,1700.5
2.41213131960365,40.8847648626169,1688.61198033775
2.47313015957155,40.9733811392382,1676.74440637374
2.53902117993534,41.0688017939441,1663.8601754062
2.60444616081121,41.1632372907679,1651
2.62688564795328,41.1955557696282,1646.57372505332
2.72821623895278,41.3410464626299,1626.48639000535
2.85311995675669,41.5193715787225,1601.5
2.90857405763681,41.5981867125076,1590.32581136295
2.96368760425908,41.676301221723,1579.170417641
3.03054310864227,41.7707689478333,1565.57126913744
3.09690159966894,41.8642218367508,1552
3.14153130733487,41.926899325315,1542.83118695309
3.21557602172913,42.0305778974322,1527.54507831142
3.33592678406987,42.1982750141253,1502.5
3.38360100269137,42.2644246906474,1492.51001140198
3.43101238776846,42.3300527573125,1482.53582354711
3.50095063307928,42.4265781152742,1467.75058586692
3.57032137004199,42.5219856126838,1453
3.64280396398162,42.6213180594075,1437.49595584382
3.68453240696883,42.6783400076885,1428.52728207025
3.74256925678171,42.7574486405318,1416.00091043435
3.80020611378416,42.835783729171,1403.5
3.85213933915481,42.906172554215,1392.1836683677
3.9037459331502,42.9759366005232,1380.88870621486
3.95502904251622,43.0450839792319,1369.61505306817
4.00599176788345,43.1136226582212,1358.36264868231
4.02569063564741,43.1400681276413,1354
4.10635573872267,43.248086565503,1336.05757999491
4.14171875171572,43.2953028185757,1328.15206802809
4.17692545126719,43.3422268355703,1320.25731532995
4.21197688436628,43.3888612547048,1312.37329995064
4.24687408745062,43.4352086818686,1304.5
4.30086874934733,43.5067591711522,1292.27046329956
4.32772666688447,43.5422771808822,1286.16558487831
4.35449227896318,43.5776252893757,1280.0672855322
4.35714646406152,43.5811279490994,1279.46176837359
4.35979974321535,43.5846289446112,1278.85631604003
4.37288302865276,43.6018854585513,1275.86876266185
4.38594430891929,43.6191015920678,1272.88278717215
4.41200107441114,43.6534132651725,1266.91556486065
4.4379704844272,43.6875650600256,1260.95463912357
4.4638529784068,43.7215580600674,1255
4.47311907461872,43.7337169814158,1252.86486936871
4.50100295138733,43.7702717783198,1246.42905929664
4.5149065833324,43.7884797498225,1243.21398312205
4.52878477001594,43.8066416627398,1240.00079064521
4.5426375809858,43.8247576863712,1236.78948021112
4.55646508550831,43.8428279891741,1233.58005016674
4.5633693695753,43.8518460478804,1231.97603977464
4.57026735287833,43.8608527391716,1230.37249886094
4.57715904399729,43.8698480838707,1228.76942721957
4.58060253268344,43.8743415077661,1227.96806731163
4.58404445153315,43.8788321027986,1227.16682464455
4.63052328922205,43.9393956714087,1216.32268603573
4.67671679158151,43.9994468107915,1205.5
4.72948275456998,44.0678709547702,1193.08182241803
4.78187410433097,44.1356291947032,1180.69249676883
4.83389476777171,44.2027308869786,1168.33192261882
4.88554861175043,44.2691852112868,1156
4.98677333319414,44.398912309256,1131.66158906888
5.03878864263449,44.4653162607897,1119.06540313811
5.09042567958684,44.5310649125498,1106.5
5.14029867758295,44.5944047893493,1094.30565081738
5.18981615979899,44.6571354220727,1082.1409665081
5.24080539292655,44.7215666851453,1069.5546440837
5.29142016028823,44.7853607581354,1057
5.3402854181567,44.8467951315261,1044.82116506304
5.38879843467205,44.9076367388573,1032.67290433428
5.43888614140646,44.9702968611799,1020.07004160769
5.48860083116591,45.0323336427305,1007.5
5.53652803756589,45.0919924730596,995.323620858176
5.58410541415996,45.1510730366118,983.178802118096
5.6332540908273,45.2119557562106,970.572443581608
5.68203187647087,45.2722296361175,958
5.70555257103589,45.3012406783926,951.91554374812
5.72898596560636,45.3301097526633,945.839249902263
5.77559268503021,45.3874259326969,933.711083816563
5.79977691109411,45.4171141106458,927.395103104456
5.82386806245292,45.4466519578617,921.087941193903
5.87177315988869,45.5052809675213,908.5
5.89481498901619,45.5334303377175,902.423247724747
5.917769975233,45.5614410211081,896.354941210249
5.96342125636671,45.6170501872945,884.243595131338
5.98717471189897,45.6459342342793,877.918955197763
6.01083507409624,45.6746706107986,871.60348931928
6.05787856240681,45.73170461261,859
6.08052166534346,45.759108046961,852.91138122816
6.10307810255083,45.786375416473,846.831503704974
6.14793283197393,45.8405057676299,834.697897215213
6.17118795719234,45.8685215879462,828.384305116467
6.1943508489692,45.8963935635504,822.080138932514
6.24040197085945,45.9517101377503,809.5
6.28457764746058,46.0046530177301,797.373209296456
6.30653695951543,46.0309264526344,791.323321138095
6.3284112037222,46.0570691199121,785.282411049003
6.37408701592374,46.1115647294763,772.621532191134
6.39678625133284,46.1386003080663,766.3058592348
6.40810142983064,46.1520654946356,763.151704332378
6.41939373485799,46.1654957834967,760
6.46349726405735,46.2178760839013,747.624980525305
6.49714182582294,46.2577561522124,738.10585056905
6.53027864127575,46.2969681185126,728.662576868828
6.56291807661429,46.3355273505492,719.29425629553
6.59507022695076,46.3734487607189,710
6.61607203936881,46.3981857985236,703.893262828064
6.63686792731681,46.4226544227915,697.818265601651
6.63722179013847,46.4230705583537,697.714649662011
6.67785269878246,46.4708022263585,685.762506287605
6.67854665213858,46.4716166055316,685.557420936635
6.69839066744742,46.4948921854022,679.679239165515
6.71804607688149,46.5179235399619,673.830777988988
6.7296775812893,46.5315420578793,670.357470241551
6.74124339470078,46.5450757259079,666.894602614602
6.75274401914687,46.5585252705246,663.442128107172
6.75847004240556,46.5652187229677,661.719773662561
6.76417995445622,46.5718914133496,660
6.80278197005752,46.6169518349596,647.44308825296
6.80488906361559,46.6194089314854,646.754516626808
6.84068898978673,46.661115509103,635.004994961893
6.84482549758038,46.6659296401787,633.641205778202
6.87791780576622,46.704406764086,622.6840416075
6.88400893066693,46.7114820335132,620.658098913648
6.91448469598592,46.7468490847285,610.478581138349
6.91591218562942,46.7485043478947,610
6.92245840314698,46.7560935657111,607.803266391352
6.95040544414168,46.7884651488413,598.386997236882
6.95215822392703,46.790493903456,597.794365946859
6.98776162509909,46.8316641816384,585.703166460287
7.02273771821849,46.8720370091061,573.724799718285
7.06245480970536,46.9177959313874,560
7.08201270710623,46.9402952892242,553.192741540924
7.09744040609586,46.9580275977893,547.800018114301
7.10608806298755,46.9679610095761,544.768301784382
7.11469670075353,46.9778452912028,541.743844590016
7.12326655613717,46.9876807747015,538.726620490491
7.13179786406,46.997467789229,535.716603569497
7.13529527135257,47.0014787541779,534.480806121155
7.13704155004807,47.0034811903738,533.863362308618
7.13791408403303,47.004481648127,533.554754032585
7.13878621477406,47.0054815994479,533.246221472873
7.14269314796069,47.0099605969694,531.863248856533
7.14659199585731,47.0144294441274,530.481796516729
7.14853839492018,47.0166600712223,529.791639667362
7.15048278109607,47.0188881725103,529.101861948018
7.15242515718661,47.0211137519031,528.412463046378
7.15339559233148,47.0222255971178,528.067905554689
7.15388062183067,47.0227812838168,527.895662281578
7.1543655260052,47.0233368133242,527.723442650462
7.16356261441608,47.0338708630839,524.453026404614
7.16554226064018,47.0361376462658,523.748093657487
7.18801506305854,47.0618541203556,515.721110339925
7.20395482609175,47.0800769026036,510
7.22825956437517,47.1078345309839,501.231837635871
7.25699734549511,47.1406110527794,490.793867695779
7.28528578500164,47.1728286517372,480.443297181012
7.31313428121901,47.2045002706247,470.179032946135
7.34055198471282,47.2356384706756,460
7.35365270924798,47.2505017070991,455.110153799645
7.36665585846263,47.2652445204759,450.239855181777
7.37956240654807,47.2798682387863,445.388987165494
7.39237331541356,47.2943741713217,440.55743370145
7.40508953487515,47.3087636090067,435.745079662605
7.41771200284102,47.3230378247151,430.951810835079
7.43024164549348,47.3371980735781,426.177513909115
7.44267937746765,47.3512455932884,421.42207647015
7.45015424680957,47.3596836752367,418.556340878194
7.45759605395539,47.3680812717345,415.697432495386
7.46500499499587,47.3764386472213,412.845326953464
7.46869720211834,47.3806023347004,411.421817664446
7.47238126558195,47.3847560650916,410
7.49875947736169,47.4144745737591,399.307878836069
7.524756844762,47.4437253141745,388.697138499809
7.55038070842763,47.4725182692069,378.166853394176
7.57563823119294,47.5008631510267,367.716111905669
7.59417675400216,47.5216447506273,360
7.60053643054496,47.5287694405664,357.344016141245
7.61755560676424,47.5478246293699,350.213610508655
7.62508210443028,47.5562463072896,347.049681671167
7.64062137694691,47.5736236594337,340.49665633665
7.66337963215334,47.5990493169395,330.84840112145
7.68583586787636,47.624108949879,321.268118876023
7.71206863238866,47.6533469921046,310
7.73468610254324,47.6785245140143,300.217481876511
7.75699683619907,47.7033324451133,290.505624974055
7.77900638089314,47.7277781283484,280.863666446062
7.800720158312,47.7518687216273,271.290854387338
7.82615517461426,47.780054344552,260
7.84803040774818,47.8042663106077,250.221496159884
7.86960507775574,47.8281194528944,240.514923480173
7.89088468824279,47.8516209610162,230.879491175603
7.91187461653355,47.8747778420576,221.314420010072
7.92425308058208,47.8884227438325,215.644922069009
7.93653154010904,47.9019489969822,210
7.94827441389123,47.914877402437,204.581591531031
7.95999290689057,47.9277713357421,199.16578174378
7.98335703567078,47.953456308222,188.341950740003
7.99593228074726,47.9672681765255,182.501932901358
8.00847943276056,47.9810404634073,176.664936727765
8.0334898108692,48.0084669372052,165
8.03892306013738,48.0144204873374,162.460614540196
8.06017537647095,48.0376923170037,152.509498489537
8.08134704374983,48.0608510551701,142.567164179106
8.0939423203108,48.0746167422005,136.638571687629
8.1115862812288,48.0938855690809,128.316210957766
8.12917431918338,48.1130762747757,120
8.14567574167658,48.1310658877906,112.178010498598
8.16965550719345,48.1571816278938,100.775120697231
8.18187426145418,48.1704766224402,94.9483509011809
8.19405848269847,48.1837258926751,89.126912393105
8.20620830528932,48.1969296590346,83.3107978594423
8.21832386290992,48.2100881405725,77.5
8.22933884838748,48.2220443412684,72.2074135776759
8.24032556903524,48.2339632531929,66.9192339716901
8.25128412467163,48.2458450393408,61.6354556803995
8.26221461465682,48.2576898617802,56.3560732113143
8.27326329070949,48.2696561289748,51.0103056534594
8.28428334665717,48.2815847657549,45.6690413893526
8.29527488449153,48.2934759379307,40.3322747310044
8.30075999105691,48.2994075265613,37.6655762291114
8.30349988426414,48.302369830472,36.332647874741
8.30486916653651,48.3038501109431,35.6662888829499
8.30623800618207,48.3053298108488,35
8.30942941893455,48.3087792950621,33.125
8.31261932117052,48.3122265924668,31.25
8.3189945984976,48.3191146351338,27.5
8.32536384696186,48.3259939553907,23.75
8.32854621311512,48.329430349773,21.875
8.33013683215167,48.3311477314287,20.9375
8.33093200071982,48.3320062184851,20.46875
8.33172707534407,48.3328645697367,20
8.33576310816514,48.3372212831994,17.3283812080545
8.33979636078587,48.3415741108244,14.6567624161089
8.3453235494435,48.3475378104397,10.9925718120812
8.34681987995649,48.3491520284169,10
8.35084552138144,48.3534942235687,7.32838120805445
8.35636228413159,48.3594433635173,3.66419060402677
8.35911871441085,48.3624152101982,1.83209530201384
8.36049644218715,48.3639004534403,0.916047651006011
8.36118518428575,48.3646429051272,0.458023825503005
8.36187384521081,48.3653852435592,0
