-62.99,-28.31,608.5
-62.9854249336851,-28.3051479192721,610
-62.9839641243117,-28.3035985344064,610.478581138349
-62.9527642742332,-28.2704924088703,620.658098913648
-62.9465255080869,-28.2638691405038,622.6840416075
-62.9126140633017,-28.227848337515,633.641205778202
-62.9083731407633,-28.2233413209199,635.004994961893
-62.871650733928,-28.1842934025008,646.754516626808
-62.869488293573,-28.1819928262755,647.44308825296
-62.8298515995475,-28.1398005997817,660
-62.8239786883008,-28.1335452389966,661.719773662561
-62.8180883181759,-28.1272702972479,663.442128107172
-62.8062549185253,-28.1146613343938,666.894602614602
-62.7943508227177,-28.1019730243881,670.357470241551
-62.7823754495836,-28.0892046756848,673.830777988988
-62.762130595465,-28.067609990046,679.679239165515
-62.741680810384,-28.0457848776602,685.557420936635
-62.7409654788301,-28.0450212220296,685.762506287605
-62.6990599751605,-28.0002594071929,697.714649662011
-62.6986948135712,-27.9998691364525,697.818265601651
-62.6772289034253,-27.9769205300094,703.893262828064
-62.6555384195746,-27.9537185293326,710
-62.6223085365603,-27.9181470516341,719.29425629553
-62.5885459843471,-27.881973212568,728.662576868828
-62.5542389295705,-27.8451827829732,738.10585056905
-62.5193751944339,-27.8077610929101,747.624980525305
-62.473626059247,-27.7586029117753,760
-62.4619038711829,-27.7459976553398,763.151704332378
-62.4501546513395,-27.7333594105698,766.3058592348
-62.4265747610348,-27.7079834653516,772.621532191134
-62.3790866603875,-27.6568302744291,785.282411049003
-62.3563254502735,-27.6322896462426,791.323321138095
-62.3334632904696,-27.6076253510361,797.373209296456
-62.287433560236,-27.5579222057885,809.5
-62.2393958575392,-27.5059866207096,822.080138932514
-62.2152129590227,-27.4798166503785,828.384305116467
-62.1909197446618,-27.4535105653114,834.697897215213
-62.1440229974368,-27.4026806405542,846.831503704974
-62.1204198656678,-27.3770742977635,852.91138122816
-62.0967126934056,-27.3513391496553,859
-62.0474156728881,-27.2977740014046,871.60348931928
-62.0226000288614,-27.2707836976126,877.918955197763
-61.9976719957765,-27.2436535426934,884.243595131338
-61.9497217583844,-27.191417788948,896.354941210249
-61.9255900911641,-27.1651046692284,902.423247724747
-61.9013531849851,-27.1386601501908,908.5
-61.8509187082336,-27.0835783881373,921.087941193903
-61.8255326801876,-27.0558258375029,927.395103104456
-61.8000331569886,-27.0279307916377,933.711083816563
-61.7508480194797,-26.9740728735453,945.839249902263
-61.7260964793366,-26.9469438670461,951.91554374812
-61.7012380755879,-26.9196802317117,958
-61.6496392821405,-26.8630329014868,970.572443581608
-61.5975841196215,-26.805808001686,983.178802118096
-61.5471318090285,-26.7502717816429,995.323620858176
-61.4962473424155,-26.6941867352422,1007.5
-61.4434000806925,-26.6358605674216,1020.07004160769
-61.3900892054722,-26.5769425032398,1032.67290433428
-61.3383899927549,-26.5197286823708,1044.82116506304
-61.286251223056,-26.4619517176674,1057
-61.2321776909699,-26.4019494251828,1069.5546440837
-61.1776339381549,-26.341341470981,1082.1409665081
-61.1245969580408,-26.2823270483306,1094.30565081738
-61.0711117183507,-26.2227332245867,1106.5
-61.01566316816,-26.1608664141132,1119.06540313811
-60.9597347141082,-26.0983760622461,1131.66158906888
-60.8506819953566,-25.9762742499941,1156
-60.7949249334728,-25.9137155545042,1168.33192261882
-60.7386974781838,-25.8505401736865,1180.69249676883
-60.6819936614671,-25.7867391838334,1193.08182241803
-60.6248074068822,-25.7223034847399,1205.5
-60.5746806293897,-25.6657463239111,1216.32268603573
-60.5241841973225,-25.6087004610665,1227.16682464455
-60.5204423633321,-25.6044704478381,1227.96806731163
-60.5166984914696,-25.6002377359704,1228.76942721957
-60.5092046274745,-25.5917642062614,1230.37249886094
-60.5017025918813,-25.5832798516498,1231.97603977464
-60.4941923712453,-25.5747846518428,1233.58005016674
-60.4791473212532,-25.5577616356032,1236.78948021112
-60.4640693689594,-25.5406949937683,1240.00079064521
-60.4489584056575,-25.5235845621151,1243.21398312205
-60.4338143221251,-25.5064301755757,1246.42905929664
-60.403426357701,-25.4719888765067,1252.86486936871
-60.3933232933076,-25.4605324440554,1255
-60.3650901588045,-25.4285020726339,1260.95463912357
-60.3367432795927,-25.3963200889645,1266.91556486065
-60.3082819596217,-25.3639854355239,1272.88278717215
-60.29400816405,-25.3477605231448,1275.86876266185
-60.2797054944753,-25.3314970421586,1278.85631604003
-60.2768043358685,-25.3281974500422,1279.46176837359
-60.2739019877678,-25.3248962682378,1280.0672855322
-60.2446226993639,-25.291580243125,1286.16558487831
-60.2152220694719,-25.2581018967413,1292.27046329956
-60.1560537340796,-25.1906535821537,1304.5
-60.1177687150832,-25.1469585784603,1312.37329995064
-60.0792796347807,-25.1029891926722,1320.25731532995
-60.0405848284151,-25.0587428748208,1328.15206802809
-60.0016826114802,-25.0142170423242,1336.05757999491
-59.9128104737594,-24.9123385441886,1354
-59.8910790535426,-24.8873930686733,1358.36264868231
-59.8348061953408,-24.8227360385285,1369.61505306817
-59.778104074012,-24.7574961222915,1380.88870621486
-59.7209676293912,-24.6916654996449,1392.1836683677
-59.6633917137781,-24.6252362050771,1403.5
-59.5994008101409,-24.5512968262303,1416.00091043435
-59.5348681493359,-24.4766156885168,1428.52728207025
-59.4884084902402,-24.4227778017318,1437.49595584382
-59.4075866047249,-24.3289772652338,1453
-59.33009017727,-24.2388653450409,1467.75058586692
-59.2518162756235,-24.1476797720954,1482.53582354711
-59.1986719062933,-24.0856719076176,1492.51001140198
-59.1451657397485,-24.0231626639188,1502.5
-59.0097918488476,-23.8646557795002,1527.54507831142
-58.9262893347681,-23.7666310014339,1542.83118695309
-58.8758795968527,-23.7073609183064,1552
-58.8008161798055,-23.6189737156751,1565.57126913744
-58.7250561924942,-23.5296085726977,1579.170417641
-58.6625003142323,-23.4556994619802,1590.32581136295
-58.599464776074,-23.3811146011769,1601.5
-58.4571412974858,-23.2123127795281,1626.48639000535
-58.3413272727544,-23.0745419415583,1646.57372505332
-58.3156376949772,-23.0439321422756,1651
-58.2406479126059,-22.9544765406431,1663.8601754062
-58.1649899643603,-22.8640680630062,1676.74440637374
-58.0948290607861,-22.7800886811351,1688.61198033775
-58.0240874775403,-22.6952783620191,1700.5
-57.8740736806017,-22.5149799472637,1725.4548124004
-57.7339581669874,-22.3460262692318,1748.45502649824
-57.7244816325663,-22.3345800996275,1750
-57.6466765995597,-22.2405119635968,1762.63439076853
-57.5681779468892,-22.1454394906701,1775.29117016255
-57.4926425963465,-22.0537990824051,1787.3853461322
-57.4164577522187,-21.9612151025665,1799.5
-57.2582099263008,-21.7684054955679,1824.39975341869
-57.1813170658538,-21.6744767918164,1836.37139519048
-57.1037631427934,-21.5795805027147,1848.36269448377
-57.1016949344973,-21.577047610391,1848.68134029567
-57.0996262533141,-21.5745140247958,1849
-57.0590725805443,-21.5248234909325,1855.23500903794
-57.0183368739386,-21.4748657939466,1861.47531612652
-56.9363138929745,-21.3741400032064,1873.9718514899
-56.8552977015322,-21.2744751411835,1886.22570701501
-56.7735570889256,-21.1737427934858,1898.5
-56.6907478297638,-21.0715133143593,1910.84442848281
-56.6071903607066,-20.968176739059,1923.2092043829
-56.5228731805235,-20.8637142866837,1935.59437804998
-56.4377845098839,-20.758106714206,1948
-56.356415836031,-20.6569387548537,1959.77676083581
-56.2743327797973,-20.5547072316443,1971.5719790383
-56.2695437774583,-20.5487372713755,1972.25753325194
-56.2647523274838,-20.5427636614715,1972.94314986794
-56.2218109686433,-20.4892009841352,1979.07486614926
-56.1786723057071,-20.4353438619222,1985.21157586195
-56.1353347817644,-20.3811897476756,1991.35328510815
-56.0917968205333,-20.3267360621901,1997.5
-56.0038525949293,-20.2165928363958,2009.84502897631
-55.9150858819323,-20.1052166946282,2022.2100063482
-55.7350314318778,-19.878677828174,2047
-55.6367513269634,-19.7546739590589,2060.36870830591
-55.5513584766981,-19.6467300586807,2071.89234040359
-55.3668706111582,-19.4128881173392,2096.5
-55.1636164408542,-19.1542625128654,2123.16098513565
-54.9866254340332,-18.9282092854274,2146
-54.9772578918423,-18.9162232193022,2147.19913328747
-54.787272748995,-18.672660040413,2171.31202186828
-54.5935333859172,-18.4233638493716,2195.5
-54.4928510682316,-18.2934453611778,2207.91232549126
-54.3911306472223,-18.1619356055669,2220.34447117778
-54.2946213766801,-18.0369302136311,2232.04013039989
-54.186741897903,-17.8969301254332,2245
-53.9782499673675,-17.625566213584,2269.71064065429
-53.7652946925775,-17.3473207757112,2294.5
-53.6768397693743,-17.231430416732,2304.66492071891
-53.6091882457951,-17.142671495913,2312.38752525427
-53.587594183651,-17.1143174125036,2314.84316635167
-53.5478996779973,-17.0621680293364,2319.34536379588
-53.3281094148655,-16.7727493191037,2344
-53.0728244909175,-16.435189395719,2372.0612614952
-52.8739647648784,-16.1712083083408,2393.5
-52.8538494941606,-16.1444559446056,2395.64836841572
-52.8273409578415,-16.1091869108293,2398.47391666304
-52.8007624680978,-16.0738089276761,2401.3004964165
-52.7473942307651,-16.0027238466339,2406.95675270202
-52.6937419441278,-15.9311961040235,2412.61714179685
-52.6398027278392,-15.8592210344876,2418.28166823218
-52.5213386894645,-15.7009187106501,2430.63099049315
-52.4014690518886,-15.540422379122,2443
-52.1568681905374,-15.2119449357418,2467.84827539613
-52.0336984468914,-15.0460482163648,2480.16420665138
-51.9090068421547,-14.8777705425344,2492.5
-51.6551306987011,-14.5341333965479,2517.20988262419
-51.3947085174649,-14.1802374122002,2542
-51.2453241927476,-13.9766051988746,2555.96968856544
-51.0936896596096,-13.7694430418322,2569.96536136428
-51.0900245115446,-13.7644300152121,2570.30136722411
-51.086358028948,-13.7594148940503,2570.63738807489
-51.0790210563063,-13.7493783619606,2571.3094747533
-51.0643310541563,-13.7292800955824,2572.65382804564
-51.0348866048318,-13.688982407459,2575.34325459725
-50.9757381698529,-13.6079796129248,2580.72498936814
-50.8563888470254,-13.4443215801769,2591.5
-50.7175301733034,-13.2535589731068,2603.89554466347
-50.5767232076252,-13.0597370419775,2616.31173760945
-50.3811480211228,-12.789895159685,2633.30425228385
-50.2914525558286,-12.6658967482121,2641
-50.1460787523198,-12.4646067487739,2653.34395023328
-49.9985577280285,-12.2599439750848,2665.70856565713
-49.8488235664357,-12.0518047047883,2678.09389820886
-49.6968069171295,-11.8400800143779,2690.5
-49.6357779610434,-11.7549649379839,2695.43330787115
-49.4970236151273,-11.5612052223229,2706.54938086619
-49.3562957289197,-11.3643479428601,2717.68249439006
-49.0686792597604,-10.9609661294881,2740
-49.0034871229668,-10.8693417441581,2744.97932763395
-48.8560785968213,-10.6619087432968,2756.13924688407
-48.7067205811798,-10.4513732340193,2767.30765889383
-48.5553549292641,-10.2376452451224,2778.48457336147
-48.4019205419666,-10.0206304539381,2789.67
-48.2823636563998,-9.85128053337266,2798.28585062775
-47.9928120167417,-9.44024746719204,2818.79348811137
-47.6954865171472,-9.01690968079392,2839.33
-47.5321900035616,-8.78387642854691,2850.3872878975
-47.2415958827348,-8.36828881713663,2869.68099414036
-47.0933390939327,-8.15583474187907,2879.33733150893
-46.943025449869,-7.9401473705395,2889
-46.9404339631656,-7.93642632410516,2889.1000846569
-46.9378412193919,-7.93270338920604,2889.20017366278
-46.9326519545481,-7.9252518449348,2889.40036472264
-46.922258272864,-7.91032599463483,2889.80079904268
-46.901409956349,-7.88038273212191,2890.60187654757
-46.8594667058719,-7.82012577581256,2892.20486752515
-46.7745705728425,-7.69809559720983,2895.41419742546
-46.6005419932901,-7.44767535276603,2901.84628168333
-46.4204479652861,-7.18815406244341,2908.29632769777
-46.2337185571552,-6.9186833966737,2914.76441081194
-45.860976043468,-6.37965107223578,2927.01472392131
-45.4563277801294,-5.79289254669026,2939.33
-44.9940924043656,-5.12079192809237,2952.17095087527
-44.7425939478071,-4.75435895060456,2958.61750086836
-44.4742252631762,-4.3628159236227,2965.08152815299
-43.9075761319555,-3.53448747484619,2977.33921702579
-43.2233855515571,-2.53194075199942,2989.66
-42.2617219277505,-1.11974775035752,3002.49571543133
-40.3156119935589,1.7410145037299,3012.83933920853
-38.3635843450943,4.59976349049698,3002.49571543133
-37.3946137460882,6.00946897185834,2989.66
-36.7034551481459,7.00964190338975,2977.33921702579
-36.1299207492786,7.83562315347355,2965.08152815299
-35.8579388473899,8.22593379243798,2958.61750086836
-35.602848796853,8.59114132232105,2952.17095087527
-35.1334939511583,9.26081150306173,2939.33
-34.7220623208669,9.84525273961284,2927.01472392131
-34.3426166248547,10.3819936402609,2914.76441081194
-34.1523653924161,10.6502597921747,2908.29632769777
-33.9687711842846,10.9085835548536,2901.84628168333
-33.7912638094667,11.1578131763703,2895.41419742546
-33.7046362174368,11.2792506073871,2892.20486752515
-33.6618292098996,11.3392118270752,2890.60187654757
-33.6405495064754,11.3690073801083,2889.80079904268
-33.6299402540579,11.3838594153191,2889.40036472264
-33.6246432345049,11.3912740619513,2889.20017366278
-33.6219966210381,11.3949785505064,2889.1000846569
-33.6193512697483,11.3986811522468,2889
-33.616705849527,11.4023837303243,2889.1000846569
-33.6140590291272,11.4060881478432,2889.20017366278
-33.6087611808693,11.4135025099967,2889.40036472264
-33.5981486058202,11.4283534046108,2889.80079904268
-33.5768555489461,11.4581443736561,2890.60187654757
-33.5339946172106,11.5180870821721,2892.20486752515
-33.4471471290856,11.6394490267863,2895.41419742546
-33.2687245802055,11.8883644824181,2901.84628168333
-33.0835240157583,12.1461367948517,2908.29632769777
-32.8908965272902,12.4135871685577,2914.76441081194
-32.5045328226257,12.9479529050942,2927.01472392131
-32.0822896480541,13.5286816587047,2939.33
-31.5963452029147,14.1926539775129,2952.17095087527
-31.330316192688,14.5541035501253,2958.61750086836
-31.0451658204119,14.9398893974478,2965.08152815299
-30.4387204078847,15.7545578042926,2977.33921702579
-29.6985049392132,16.7378563400589,2989.66
-28.6431313606742,18.1178074728638,3002.49571543133
-26.4526862811891,20.8942282771649,3012.83933920853
-24.1800682924384,23.6417012073957,3002.49571543133
-23.0232361111247,24.9858724220674,2989.66
-22.1862747011655,25.9350136458992,2977.33921702579
-21.4842387382888,26.7158947990156,2965.08152815299
-21.1489275731136,27.0839358018032,2958.61750086836
-20.8330399320523,27.4277370916099,2952.17095087527
-20.2482688761443,28.0566975837494,2939.33
-19.7318726027124,28.6040323571088,2927.01472392131
-19.2524769394914,29.1053653285846,2914.76441081194
-19.0109742668843,29.3554470848493,2908.29632769777
-18.7772013188682,29.5959484272237,2901.84628168333
-18.550505612422,29.8276894545442,2895.41419742546
-18.439632642593,29.9405000432813,2892.20486752515
-18.3847865759065,29.9961759873297,2890.60187654757
-18.3575078325088,30.0238357962983,2889.80079904268
-18.343904131901,30.0376216656472,2889.40036472264
-18.3371111499743,30.0445036537663,2889.20017366278
-18.3337168699786,30.0479419189057,2889.1000846569
-18.3303240616393,30.0513783676911,2889
-18.1332336265323,30.250445367198,2879.33733150893
-17.9382660771856,30.4462885526938,2869.68099414036
-17.5544593485647,30.8286867754239,2850.3872878975
-17.3378191486963,31.0427012045856,2839.33
-16.9415835949747,31.4307254339587,2818.79348811137
-16.5534923389031,31.8065138635917,2798.28585062775
-16.392609698646,31.9610639115722,2789.67
-16.1855924478956,32.1588725351754,2778.48457336147
-15.9807635079797,32.3534183783621,2767.30765889383
-15.7780641451399,32.5447966819649,2756.13924688407
-15.5774384327302,32.7330982867031,2744.97932763395
-15.4885294469073,32.8161904874925,2740
-15.0949507369545,33.1814063817803,2717.68249439006
-14.9015878196612,33.3592774427675,2706.54938086619
-14.7104291337497,33.5341156711103,2695.43330787115
-14.6261913950354,33.6108449107254,2690.5
-14.4159403795443,33.8015122548763,2678.09389820886
-14.2082551245869,33.9886738246659,2665.70856565713
-14.0030659953761,34.1724386972292,2653.34395023328
-13.8003067215518,34.3529107231415,2641
-13.6749288859461,34.4639531403757,2633.30425228385
-13.4008216409897,34.705249884167,2616.31173760945
-13.2028559425504,34.878268855731,2603.89554466347
-13.0071226262472,35.0483095027472,2591.5
-12.8384875105936,35.1939924053948,2580.72498936814
-12.7547758647081,35.2660303970517,2575.34325459725
-12.7130697103349,35.3018513758659,2572.65382804564
-12.692253828052,35.3197127107866,2571.3094747533
-12.6818551580976,35.3286311329654,2570.63738807489
-12.6766581374898,35.3330872881283,2570.30136722411
-12.6714626584943,35.3375414080551,2569.96536136428
-12.456208633296,35.5214540242825,2555.96968856544
-12.2435637642696,35.7019397961654,2542
-11.8714723226292,36.0149083878647,2517.20988262419
-11.507039933432,36.317939229237,2492.5
-11.3274371910607,36.4660162490229,2480.16420665138
-11.1496317705804,36.6117922856192,2467.84827539613
-10.7953696016792,36.8998201584461,2443
-10.6211961526193,37.0402539720398,2430.63099049315
-10.4487019401503,37.1785737030614,2418.28166823218
-10.3700421649062,37.2413990277454,2412.61714179685
-10.2917267339485,37.3037938501694,2406.95675270202
-10.2137526728007,37.3657628251251,2401.3004964165
-10.1748927355826,37.3965890567069,2398.47391666304
-10.136117046183,37.4273105382855,2395.64836841572
-10.1066811732788,37.4506069302958,2393.5
-9.81512080231092,37.680181089109,2372.0612614952
-9.43935211635478,37.9729276644252,2344
-9.11450174366994,38.2231821373272,2319.34536379588
-9.05570252451005,38.2682008609074,2314.84316635167
-9.02369861312067,38.2926684181423,2312.38752525427
-8.92335789882578,38.3692175436862,2304.66492071891
-8.79198698807313,38.4690661490459,2294.5
-8.47490160830684,38.7083308890684,2269.71064065429
-8.16335690617534,38.941036876354,2245
-8.0017272851577,39.0608418539783,2232.04013039989
-7.85688643649376,39.1676692233663,2220.34447117778
-7.70397320492576,39.2799053558393,2207.91232549126
-7.55236688874616,39.3906315019892,2195.5
-7.25992843073738,39.6026729576153,2171.31202186828
-6.97225538801568,39.8092888966522,2147.19913328747
-6.95804815915211,39.8194425834007,2146
-6.68921046157865,40.0106866261127,2123.16098513565
-6.37953415796382,40.2288964508129,2096.5
-6.09757820576566,40.4256447873278,2071.89234040359
-5.96679117951948,40.5162872626393,2060.36870830591
-5.81604782042851,40.6202750011936,2047
-5.53927388047735,40.8098551936302,2022.2100063482
-5.40253798319491,40.9028734139423,2009.84502897631
-5.26688309611227,40.9947392793984,1997.5
-5.1996569974448,41.0401115088852,1991.35328510815
-5.13269552601865,41.0852042563097,1985.21157586195
-5.06599692597634,41.1300200619991,1979.07486614926
-4.99955946090134,41.1745614341175,1972.94314986794
-4.9921435711198,41.1795271147947,1972.25753325194
-4.98473092524853,41.1844893957116,1971.5719790383
-4.85759433982425,41.2694081893503,1959.77676083581
-4.73140688921552,41.3533372138334,1948
-4.59928331230461,41.4408357910139,1935.59437804998
-4.46818963168202,41.5272707509743,1923.2092043829
-4.33811256931784,41.6126610023402,1910.84442848281
-4.20903912798258,41.6970249902526,1898.5
-4.08147450267592,41.7800443721813,1886.22570701501
-3.95488708465977,41.8620767058377,1873.9718514899
-3.82657152783567,41.9448731711387,1861.47531612652
-3.76278735496165,41.9858974272505,1855.23500903794
-3.6992501687718,42.0266752747698,1849
-3.69600806040634,42.0287537030832,1848.68134029567
-3.69276659459014,42.0308314924123,1848.36269448377
-3.5711466503416,42.1086263557346,1836.37139519048
-3.45042697698627,42.1855302991049,1824.39975341869
-3.20155659464984,42.3430857512822,1799.5
-3.08154010916569,42.4185933378561,1787.3853461322
-2.96241679065903,42.4932361066536,1775.29117016255
-2.8384834595016,42.5705735704309,1762.63439076853
-2.71550814488636,42.6469924240412,1750
-2.70052063853147,42.6562841087031,1748.45502649824
-2.47868761256156,42.7932601703082,1725.4548124004
-2.24069781809166,42.9390675860185,1700.5
-2.12829631973163,43.0075217560497,1688.61198033775
-2.01670823039487,43.075221407207,1676.74440637374
-1.89625581750366,43.1480100809535,1663.8601754062
-1.7767431875761,43.2199353441727,1651
-1.73577291742365,43.244524551845,1646.57372505332
-1.55089158476403,43.3550572917763,1626.48639000535
-1.32329268665888,43.4901709997311,1601.5
-1.22234860285789,43.5497593913907,1590.32581136295
-1.12208818531126,43.6087400715283,1579.170417641
-1.00055284169147,43.6799642677074,1565.57126913744
-0.880014113724755,43.7503108950074,1552
-0.798997615067847,43.7974284956981,1542.83118695309
-0.664677254095231,43.8752573473115,1527.54507831142
-0.446605255590988,44.0008487354165,1502.5
-0.360306843095294,44.0502888730828,1492.51001140198
-0.274532757010185,44.0992827141875,1482.53582354711
-0.148092965054616,44.1712401084781,1467.75058586692
-0.022783904183072,44.2422439240581,1453
0.108034374259688,44.3160412296354,1437.49595584382
0.183294755136309,44.3583457118287,1428.52728207025
0.287905094321481,44.4169648137146,1416.00091043435
0.391721156674478,44.4749286687717,1403.5
0.485200987853958,44.5269428274126,1392.1836683677
0.578033697082269,44.5784298240059,1380.88870621486
0.670225901026939,44.629397210983,1369.61505306817
0.761784118089295,44.6798523976559,1358.36264868231
0.797159022702637,44.6993034504659,1354
0.94192538628387,44.7786543572967,1336.05757999491
1.00534384872727,44.8132899181117,1328.15206802809
1.06845400253277,44.8476810481474,1320.25731532995
1.13125804488441,44.8818301830844,1312.37329995064
1.19375815045539,44.9157397265575,1304.5
1.29040696205671,44.9680310223132,1292.27046329956
1.33845714359935,44.9939625729484,1286.16558487831
1.38632584486901,45.0197528528047,1280.0672855322
1.39107180679176,45.0223074863118,1279.46176837359
1.39581598822004,45.0248607371562,1278.85631604003
1.41920713759044,45.0374433206478,1275.86876266185
1.44255504788789,45.0499923695951,1272.88278717215
1.4891216135756,45.0749903661048,1266.91556486065
1.53551661626127,45.0998557307508,1260.95463912357
1.58174097619384,45.1245894557439,1255
1.59828585457743,45.1334325496593,1252.86486936871
1.64806140521141,45.1600062282219,1246.42905929664
1.67287411722391,45.1732356723535,1243.21398312205
1.69763698038495,45.1864270595035,1240.00079064521
1.72235014010527,45.1995805440871,1236.78948021112
1.7470137411941,45.2126962796936,1233.58005016674
1.7593270026239,45.2192400395532,1231.97603977464
1.77162792842801,45.2257744193929,1230.37249886094
1.78391653654001,45.2322994381817,1228.76942721957
1.79005622709072,45.2355584431147,1227.96806731163
1.79619284492674,45.2388151148754,1227.16682464455
1.87903342156837,45.2827095466909,1216.32268603573
1.96131587211091,45.3261819232977,1205.5
2.05524490912392,45.3756540329294,1193.08182241803
2.14844290635212,45.4245797450439,1180.69249676883
2.24091805338033,45.4729675284173,1168.33192261882
2.33267841138744,45.5208256799364,1156
2.51231682414996,45.614069863353,1131.66158906888
2.60453166492203,45.6617062263733,1119.06540313811
2.696012490984,45.7088102703261,1106.5
2.78430796840633,45.7541298653302,1094.30565081738
2.87191537776216,45.7989565552165,1082.1409665081
2.96206541692353,45.8449392955528,1069.5546440837
3.05149181256008,45.8904080230212,1057
3.1377687778016,45.9341389758801,1044.82116506304
3.22336690472334,45.9773937391335,1032.67290433428
3.31168383763846,46.0218847877027,1020.07004160769
3.39928300545424,46.0658765398384,1007.5
3.48367575898094,46.1081286514731,995.323620858176
3.56739719957213,46.1499194834286,983.178802118096
3.65382564716726,46.1929310740885,970.572443581608
3.73954348488007,46.2354584042727,958
3.78085587123025,46.2559084220951,951.91554374812
3.822001405369,46.2762459190438,945.839249902263
3.90379567643568,46.3165867881331,933.711083816563
3.94621763594144,46.3374629240457,927.395103104456
3.9884619874991,46.358220252505,921.087941193903
4.07242200835021,46.3993822387228,908.5
4.11278563404493,46.4191268617273,902.423247724747
4.15298403396647,46.4387623567376,896.354941210249
4.23288891450755,46.4777093078904,884.243595131338
4.27444483530414,46.4979203620516,877.918955197763
4.31582392217484,46.5180155514251,871.60348931928
4.39805576888677,46.5578620169767,859
4.43761612138113,46.5769896823737,852.91138122816
4.47701229476598,46.5960110228269,846.831503704974
4.55531587670233,46.6337380030144,834.697897215213
4.59589282562099,46.6532464785026,828.384305116467
4.63629533111862,46.6726428700298,822.080138932514
4.71658115824896,46.7111029661456,809.5
4.79354705930447,46.7478686558228,797.373209296456
4.83178772492375,46.7660979647448,791.323321138095
4.86986811633071,46.7842259702806,785.282411049003
4.94934504166432,46.8219806824867,772.621532191134
4.98882252677445,46.8406939455792,766.3058592348
5.00849648704233,46.8500099396112,763.151704332378
5.02812743308973,46.8592989870733,760
5.10476417545954,46.8954994253844,747.624980525305
5.16318908564175,46.9230301400532,738.10585056905
5.22070033930107,46.9500737207122,728.662576868828
5.27731736860965,46.976642040618,719.29425629553
5.33305907498518,47.0027466005036,710
5.36945349370216,47.0197622374281,703.893262828064
5.40547851633841,47.0365831468437,697.818265601651
5.40609141009599,47.0368691315784,697.714649662011
5.47644048675968,47.0696529180699,685.762506287605
5.47764159604028,47.0702119303193,685.557420936635
5.51198215737418,47.0861842161228,679.679239165515
5.54598512359181,47.1019799426185,673.830777988988
5.56610184471314,47.1113158111699,670.357470241551
5.58610107955332,47.1205904206388,666.894602614602
5.60598376164739,47.1298043255197,663.442128107172
5.61588168692285,47.1343886863514,661.719773662561
5.6257508197672,47.1389580760374,660
5.69237249399129,47.1697610950201,647.44308825296
5.69600785137205,47.1714397911242,646.754516626808
5.75775441875431,47.199918701631,635.004994961893
5.76488663980975,47.2032041384292,633.641205778202
5.8219277046333,47.2294493897796,622.6840416075
5.83242363153797,47.2342727750172,620.658098913648
5.88492247051635,47.2583709764422,610.478581138349
5.88738089093287,47.2594983243796,610
5.89508056023033,47.2630284798924,608.5
5.89865405015288,47.2646665235684,607.803266391352
5.94676788328298,47.2867006323792,598.386997236882
5.94978475746647,47.2880809516818,597.794365946859
6.01104659999634,47.3160775694819,585.703166460287
6.07119466644028,47.343504634066,573.724799718285
6.13945444065816,47.3745580164112,560
6.17305145612563,47.3898140018616,553.192741540924
6.19954599151303,47.4018316951145,547.800018114301
6.21439401535026,47.4085615663539,544.768301784382
6.2291729705486,47.4152565215591,541.743844590016
6.24388329130756,47.4219168092307,538.726620490491
6.25852540835429,47.4285426756018,535.716603569497
6.26452735292499,47.4312576613596,534.480806121155
6.26752403589727,47.4326129918973,533.863362308618
6.26902130665888,47.4332901174967,533.554754032585
6.27051786421141,47.4339668836635,533.246221472873
6.27722181667807,47.4369980606711,531.863248856533
6.28391147061473,47.4400220350622,530.481796516729
6.2872509486316,47.4415313286696,529.791639667362
6.29058686746801,47.4430388304254,529.101861948018
6.29391923225501,47.4445445432509,528.412463046378
6.29558408349383,47.4452967297319,528.067905554689
6.29641617660275,47.4456726556481,527.895662281578
6.29724804814342,47.4460484700747,527.723442650462
6.31302475935345,47.4531737559859,524.453026404614
6.31642034104805,47.4547067778324,523.748093657487
6.35495906575307,47.4720927818607,515.721110339925
6.38228569394381,47.4844058780885,510
6.42393930287884,47.5031509827828,501.231837635871
6.47316897779009,47.5252688160368,490.793867695779
6.52160634045963,47.5469919471544,480.443297181012
6.56926852945227,47.5683299776391,470.179032946135
6.61617221468578,47.5892922114509,460
6.63857629691491,47.5992923961987,455.110153799645
6.66080875746615,47.6092078884939,450.239855181777
6.68287136714876,47.6190396686128,445.388987165494
6.70476587362634,47.6287887023361,440.55743370145
6.72649400178603,47.6384559412113,435.745079662605
6.7480574541006,47.6480423228091,430.951810835079
6.76945791098426,47.6575487709745,426.177513909115
6.79069703114104,47.6669761960728,421.42207647015
6.80345930040395,47.672637472481,418.556340878194
6.8161635636122,47.6782703927719,415.697432495386
6.82881017599161,47.6838751511223,412.845326953464
6.83511197426284,47.6866670301785,411.421817664446
6.84139949178577,47.6894519407951,410
6.88638754939698,47.7093596719597,399.307878836069
6.93070742309926,47.728939683681,388.697138499809
6.97437242276417,47.7481993181741,378.166853394176
7.01739552411566,47.7671457084998,367.716111905669
7.04896248982917,47.7810280852956,360
7.05978942570157,47.7857858063741,357.344016141245
7.08875800308217,47.7985062912135,350.213610508655
7.10156642256499,47.804126329244,347.049681671167
7.1280058724718,47.8157189986683,340.49665633665
7.16671615389651,47.8326716727267,330.84840112145
7.20489876023691,47.8493696745924,321.268118876023
7.24948507349365,47.8688385325776,310
7.2879114736214,47.885592064485,300.217481876511
7.32580293467293,47.9020892167143,290.505624974055
7.36316943221188,47.9183353205191,280.863666446062
7.40002070774486,47.9343355663661,271.290854387338
7.44317090115654,47.9530431531762,260
7.48026768744992,47.9691025778579,250.221496159884
7.51684182844527,47.9849142883005,240.514923480173
7.55290318046911,48.0004834713641,230.879491175603
7.58846136620195,48.015815176099,221.314420010072
7.60942551100172,48.0248449248311,215.644922069009
7.63021610250581,48.0337930312053,210
7.65009591454019,48.0423427328648,204.581591531031
7.669930946607,48.0508669318209,199.16578174378
7.70946723382715,48.0678392454819,188.341950740003
7.73074102961237,48.0769615159307,182.501932901358
7.75196327318276,48.0860545476537,176.664936727765
7.79425380064578,48.1041534169645,165
7.8034388702746,48.1080805719636,162.460614540196
7.83935928467165,48.1234258661903,152.509498489537
7.87513188313518,48.1386877891233,142.567164179106
7.89640797594316,48.1477553994985,136.638571687629
7.92620552377743,48.1604427684506,128.316210957766
7.95590067443599,48.1730726400828,120
7.98375396029819,48.184906534156,112.178010498598
8.0242176037302,48.2020764211097,100.775120697231
8.04482988926321,48.2108129272843,94.9483509011809
8.06538006155217,48.2195164737674,89.126912393105
8.08586837813038,48.2281872332677,83.3107978594423
8.10629509515622,48.2368253773317,77.5
8.1248629472249,48.2446717679302,72.2074135776759
8.14338001124312,48.252491323589,66.9192339716901
8.16184647832511,48.2602841717858,61.6354556803995
8.18026253865941,48.2680504392206,56.3560732113143
8.19887456217779,48.2758939625532,51.0103056534594
8.21743520708058,48.2837104463519,45.6690413893526
8.23594466844271,48.2915000200794,40.3322747310044
8.24518026633105,48.2953847560467,37.6655762291114
8.24979329262164,48.2973246183005,36.332647874741
8.2520986139186,48.2982939238668,35.6662888829499
8.25440314114889,48.2992628127235,35
8.259770121499,48.3015189230592,33.125
8.26513430277446,48.3037734080141,31.25
8.27585427683994,48.3082775085233,27.5
8.28656308079918,48.3127751277126,23.75
8.29191329943333,48.3150215110091,21.875
8.29458736386544,48.3161440968159,20.9375
8.29592413497901,48.3167052383505,20.46875
8.2972607320696,48.3172662790073,20
8.30404216784543,48.3201123784163,17.3283812080545
8.31081851929448,48.3229556286628,14.6567624161089
8.32010419304442,48.3268505899683,10.9925718120812
8.32938032820038,48.3307402101947,7.32838120805445
8.3386469394278,48.3346244999588,3.66419060402677
8.34327667814302,48.3365646492277,1.83209530201384
8.34559065657549,48.3375342255371,0.916047651006011
8.34674742316026,48.3380188891827,0.458023825503005
8.34790404136204,48.3385034698498,0
