140.69,10.98,33
140.689855917155,10.9802357074325,33.125
140.687693944453,10.9837724598585,35
140.686766115883,10.9852902559191,35.6662888829499
140.685837923455,10.9868086287682,36.332647874741
140.68398044622,10.9898471060566,37.6655762291114
140.680261116558,10.9959309956007,40.3322747310044
140.672804910978,11.0081265835939,45.6690413893526
140.665325222757,11.0203593831373,51.0103056534594
140.657821946623,11.0326295539199,56.3560732113143
140.650394826935,11.0447739946532,61.6354556803995
140.642944534593,11.0569551347231,66.9192339716901
140.635470966653,11.0691731301414,72.2074135776759
140.627974019567,11.0814281377876,77.5
140.619723202131,11.0949140713536,83.3107978594423
140.611443988704,11.1084449413087,89.126912393105
140.603136240052,11.1220209583842,94.9483509011809
140.594799816037,11.1356423346051,100.775120697231
140.578424317789,11.1623948477111,112.178010498598
140.56714416817,11.1808197496734,120
140.555110868864,11.2004717925811,128.316210957766
140.543028563385,11.2202006995235,136.638571687629
140.534396924891,11.2342931473102,142.567164179106
140.51987542934,11.2579980043215,152.509498489537
140.505282965502,11.2818140675626,162.460614540196
140.501549816829,11.2879061149804,165
140.484352101313,11.3159667636291,176.664936727765
140.475716175645,11.3300551221465,182.501932901358
140.467055400284,11.3441823737602,188.341950740003
140.450949470344,11.3704495966167,199.16578174378
140.442864198883,11.383633742046,204.581591531031
140.434757277989,11.39685174179,210
140.426275377154,11.4106795771369,215.644922069009
140.417718976905,11.4246272555831,221.314420010072
140.403197603595,11.4482946511529,230.879491175603
140.38845981102,11.4723099937861,240.514923480173
140.373501180146,11.4966802612048,250.221496159884
140.3583171759,11.5214126102692,260
140.340640719881,11.5501982960447,271.290854387338
140.325532033243,11.5747968990927,280.863666446062
140.310200253238,11.5997535007084,290.505624974055
140.294640860687,11.6250752152524,300.217481876511
140.278849218521,11.6507693382809,310
140.260510190429,11.6806011960121,321.268118876023
140.244791483001,11.7061645766362,330.84840112145
140.228842690483,11.7320964399184,340.49665633665
140.217942077191,11.7498169284915,347.049681671167
140.212659167996,11.7584040759148,350.213610508655
140.200705655417,11.7778316726363,357.344016141245
140.196236188303,11.7850948970727,360
140.183199212609,11.8062783816786,367.716111905669
140.165416948124,11.8351661411749,378.166853394176
140.14735286271,11.8645043433563,388.697138499809
140.129000808854,11.8943026045007,399.307878836069
140.110354465749,11.924570804756,410
140.107747719563,11.9288016434521,411.421817664446
140.105134706497,11.9330424969659,412.845326953464
140.099889797844,11.9415543766292,415.697432495386
140.09461957294,11.9501067050271,418.556340878194
140.089323864254,11.9586997444105,421.42207647015
140.080507523902,11.9730040774739,426.177513909115
140.071620217409,11.9874217402273,430.951810835079
140.06266116036,12.0019539595391,435.745079662605
140.053629557163,12.0166019793184,440.55743370145
140.044524600845,12.0313670608067,445.388987165494
140.03534547286,12.0462504828761,450.239855181777
140.026091342873,12.061253542333,455.110153799645
140.016761368558,12.0763775542289,460
139.99721440883,12.1080568867271,470.179032946135
139.977331408818,12.1402717211428,480.443297181012
139.957104394551,12.1730344846355,490.793867695779
139.936525146716,12.2063579762914,501.231837635871
139.919096020141,12.2345728008119,510
139.907653319739,12.253092736226,515.721110339925
139.891504335105,12.2792245309059,523.748093657487
139.890080837912,12.2815276967064,524.453026404614
139.883465562721,12.2922303417493,527.723442650462
139.88311669176,12.2927947404856,527.895662281578
139.882767721668,12.2933592967283,528.067905554689
139.882069483938,12.294488881971,528.412463046378
139.880671817215,12.2967499451611,529.101861948018
139.879272560056,12.299013535193,529.791639667362
139.877871709973,12.3012796559279,530.481796516729
139.875065221143,12.3058195048481,531.863248856533
139.872252330631,12.3103695231039,533.246221472873
139.871624339608,12.3113853105969,533.554754032585
139.870996029176,12.3124016054402,533.863362308618
139.869738449195,12.3144357185513,534.480806121155
139.867219446535,12.3185100481405,535.716603569497
139.861072824498,12.3284511976307,538.726620490491
139.854895629641,12.3384408955337,541.743844590016
139.848687652481,12.3484794666022,544.768301784382
139.842448681677,12.3585672383837,547.800018114301
139.831311041753,12.37657336426,553.192741540924
139.817178585077,12.3994169571803,560
139.78843392304,12.4458649880825,573.724799718285
139.763070128537,12.4868336141766,585.703166460287
139.737202825663,12.5285997272935,597.794365946859
139.73592809153,12.5306575374878,598.386997236882
139.715587087749,12.5634888688912,607.803266391352
139.710818091969,12.5711848169799,610
139.709777927593,12.5728633056973,610.478581138349
139.687552303521,12.6087220663757,620.658098913648
139.68310577149,12.6158946644658,622.6840416075
139.658922980862,12.6548950351042,633.641205778202
139.655897140224,12.6597739147429,635.004994961893
139.629681577171,12.7020347606941,646.754516626808
139.628137026281,12.7045241387762,647.44308825296
139.599809873344,12.7501692349806,660
139.595612809441,12.7569305401671,661.719773662561
139.591402602769,12.7637125883502,663.442128107172
139.582942534601,12.7773392616556,666.894602614602
139.574429206512,12.7910499653712,670.357470241551
139.565862152937,12.8048454145305,673.830777988988
139.551372923212,12.828173223866,679.679239165515
139.536729009968,12.851744875167,685.557420936635
139.536216621388,12.8525695493623,685.762506287605
139.506182685622,12.900897065649,697.714649662011
139.505920823127,12.9013183307598,697.818265601651
139.490522793371,12.9260865936377,703.893262828064
139.474954628825,12.9511226116241,710
139.451086511206,12.9894946731477,719.29425629553
139.426813900794,13.0285026374712,728.662576868828
139.402127207193,13.0681611468872,738.10585056905
139.377016540813,13.1084852845992,747.624980525305
139.344029817243,13.1614334651245,760
139.335571104139,13.1750064915408,763.151704332378
139.327090090594,13.1886135123565,766.3058592348
139.310060822136,13.2159300200049,772.621532191134
139.275730908882,13.2709763206886,785.282411049003
139.259260205853,13.2973757939178,791.323321138095
139.242705832221,13.3239025156257,797.373209296456
139.209343605391,13.3773411940306,809.5
139.174479836032,13.4331550103246,822.080138932514
139.156911011577,13.461269500589,828.384305116467
139.139249968075,13.4895236804771,834.697897215213
139.105121989165,13.5440992590994,846.831503704974
139.087928266876,13.571583280414,852.91138122816
139.070647206083,13.5991993137107,859
139.034675604268,13.6566593196334,871.60348931928
139.0165488441,13.685601925693,877.918955197763
138.998327156608,13.7146875972825,884.243595131338
138.963240672297,13.7706689913143,896.354941210249
138.945564825668,13.7988592372753,902.423247724747
138.927799708956,13.8271837198171,908.5
138.890793135004,13.8861602963836,921.087941193903
138.872145920648,13.915864490085,927.395103104456
138.853401783313,13.9457139616497,933.711083816563
138.817208438831,14.0033248483039,945.839249902263
138.798975609572,14.0323340563828,951.91554374812
138.780651118931,14.0614803315658,958
138.742573344449,14.1220172907259,970.572443581608
138.704101939391,14.183141307438,983.178802118096
138.66676050629,14.2424326367299,995.323620858176
138.629044637554,14.3022810114299,1007.5
138.58981575746,14.3644901615609,1020.07004160769
138.550182519324,14.42729887791,1032.67290433428
138.511689548402,14.4882603367981,1044.82116506304
138.472811423287,14.5497914039659,1057
138.432429051208,14.6136601036076,1069.5546440837
138.391631847002,14.6781401701741,1082.1409665081
138.351900197175,14.7408927699042,1094.30565081738
138.311771213387,14.8042293553637,1106.5
138.27010379026,14.8699476125934,1119.06540313811
138.228008107804,14.9362930731832,1131.66158906888
138.145731383419,15.0658257568384,1156
138.103564047297,15.1321396325012,1168.33192261882
138.060971888688,15.1990715513018,1180.69249676883
138.017948456054,15.2666299682835,1193.08182241803
137.974487161467,15.3348234969643,1205.5
137.936331565531,15.3946484566332,1216.32268603573
137.897838275803,15.4549614697295,1227.16682464455
137.894983633127,15.4594325915077,1227.96806731163
137.892127124366,15.4639064063237,1228.76942721957
137.886408501261,15.472862124542,1230.37249886094
137.880682391719,15.4818286435106,1231.97603977464
137.874948780961,15.4908059823513,1233.58005016674
137.863458996748,15.5087931959611,1236.78948021112
137.851939029331,15.5268239196809,1240.00079064521
137.840388759019,15.5448983081632,1243.21398312205
137.828808065467,15.5630165168132,1246.42905929664
137.805554926038,15.599385016711,1252.86486936871
137.797819403767,15.6114801730847,1255
137.776190292201,15.6452901437712,1260.95463912357
137.754456089222,15.6792510022413,1266.91556486065
137.732616020877,15.7133637413067,1272.88278717215
137.721656042325,15.730477380073,1275.86876266185
137.710669303586,15.7476293653713,1278.85631604003
137.708440188851,15.7511089352151,1279.46176837359
137.706209970875,15.7545900852168,1280.0672855322
137.683700629447,15.7897169901835,1286.16558487831
137.661078587162,15.8250051711676,1292.27046329956
137.615492978555,15.8960697218416,1304.5
137.585954549097,15.9420860505199,1312.37329995064
137.55622522305,15.988374398341,1320.25731532995
137.526303120547,16.034937146658,1328.15206802809
137.496186335803,16.081776705594,1336.05757999491
137.427255193685,16.1888838528937,1354
137.410372399768,16.2150957514394,1358.36264868231
137.366604667279,16.2830099822406,1369.61505306817
137.322429589872,16.3514995164939,1380.88870621486
137.277841351832,16.420571612641,1392.1836683677
137.232834020597,16.4902336562033,1403.5
137.182722134315,16.5677262178722,1416.00091043435
137.132089828198,16.6459481099214,1428.52728207025
137.095577650018,16.7023086080106,1437.49595584382
137.031940621556,16.8004444131458,1453
136.970778493877,16.8946496669209,1467.75058586692
136.908859662767,16.9899062148313,1482.53582354711
136.866737410442,17.0546416044138,1492.51001140198
136.824261034883,17.1198670283375,1502.5
136.716490222717,17.2851114370894,1527.54507831142
136.649796645546,17.3871954229611,1542.83118695309
136.609453689837,17.4488801120789,1552
136.549267516653,17.5408125583764,1565.57126913744
136.488385493789,17.6336946490696,1579.170417641
136.438010200336,17.7104612078758,1590.32581136295
136.387152917057,17.7878826782758,1601.5
136.271971017376,17.9629305039724,1626.48639000535
136.177878464466,18.1056207391841,1646.57372505332
136.156962567593,18.1373017877019,1651
136.095814741118,18.2298428378906,1663.8601754062
136.033981666586,18.3233012318949,1676.74440637374
135.976514731641,18.4100521105081,1688.61198033775
135.918448610538,18.4976012603539,1700.5
135.794901947169,18.683521885467,1725.4548124004
135.678998447272,18.8574972000093,1748.45502649824
135.671141645251,18.8692749454526,1750
135.606549437428,18.9660266650477,1762.63439076853
135.541226311962,19.0637364020124,1775.29117016255
135.478221570761,19.157847591283,1787.3853461322
135.414528029726,19.2528567938259,1799.5
135.281752498233,19.4504883098677,1824.39975341869
135.217004590275,19.5466542262366,1836.37139519048
135.151545621361,19.6437364455545,1848.36269448377
135.14979783391,19.6463266596242,1848.68134029567
135.148049536149,19.6489175294404,1849
135.113754172502,19.6997208085839,1855.23500903794
135.079261960491,19.7507766061375,1861.47531612652
135.00967974679,19.8536535451005,1873.9718514899
134.940779606709,19.9553642082019,1886.22570701501
134.871089554901,20.0580807304357,1898.5
134.80030974174,20.1622380796332,1910.84442848281
134.728707507576,20.2674356357599,1923.2092043829
134.656267392149,20.3736896884012,1935.59437804998
134.582973513856,20.4810168979236,1948
134.512703952313,20.5837458478619,1959.77676083581
134.441638538076,20.6874689503102,1971.5719790383
134.437486781843,20.6935233476994,1972.25753325194
134.433332289403,20.699581151921,1972.94314986794
134.396071947778,20.7538856027222,1979.07486614926
134.358590620212,20.8084647032747,1985.21157586195
134.320886180793,20.8633206413988,1991.35328510815
134.282956473997,20.9184556303181,1997.5
134.206184671365,21.0299021535647,2009.84502897631
134.128482711252,21.1424944423086,2022.2100063482
133.970214301781,21.3711912477606,2047
133.883452324198,21.4961970189557,2060.36870830591
133.807852117851,21.6049097446758,2071.89234040359
133.643834709591,21.8400872587399,2096.5
133.462040647651,22.0996638146111,2123.16098513565
133.302797150718,22.326095110933,2146
133.294344433599,22.3380894120817,2147.19913328747
133.122379242836,22.5815620176676,2171.31202186828
132.945963141021,22.830255705878,2195.5
132.853861152894,22.9596554327573,2207.91232549126
132.760514911157,23.090496957415,2220.34447117778
132.671676091234,23.2147335173638,2232.04013039989
132.57205300732,23.3537176988151,2245
132.378562706099,23.6226455422711,2269.71064065429
132.179623119864,23.8977515890892,2294.5
132.096599410433,24.0121421726585,2304.66492071891
132.012600351107,24.1276244585903,2314.84316635167
131.975163939502,24.1790104052798,2319.34536379588
131.767033008684,24.4637735812678,2344
131.523486422693,24.7950038328322,2372.0612614952
131.332418154521,25.0533562083228,2393.5
131.313024747491,25.0795047696562,2395.64836841572
131.287448869333,25.1139683705032,2398.47391666304
131.261784208113,25.148527675225,2401.3004964165
131.210186445124,25.2179351793797,2406.95675270202
131.15822721713,25.2877308978729,2412.61714179685
131.105902212592,25.357918492994,2418.28166823218
130.990673392829,25.5121316288565,2430.63099049315
130.873642582412,25.6682599646172,2443
130.633472332152,25.9870965049536,2467.84827539613
130.511838726958,26.1477640359971,2480.16420665138
130.388226173709,26.3104892427891,2492.5
130.135060795851,26.642006584771,2517.20988262419
129.873286733838,26.9823159086936,2542
129.72217148529,27.1776175149453,2555.96968856544
129.568065141084,27.3759170357946,2569.96536136428
129.564331316545,27.3807107336217,2570.30136722411
129.560595710296,27.3855062037711,2570.63738807489
129.553119146788,27.3951024656068,2571.3094747533
129.538144574419,27.4143163075188,2572.65382804564
129.50810931625,27.4528295220423,2575.34325459725
129.44769166535,27.5302001517017,2580.72498936814
129.325445975072,27.686335095404,2591.5
129.182652227162,27.868015196772,2603.89554466347
129.037233012346,28.0522610762569,2616.31173760945
128.834210213881,28.3081826628764,2633.30425228385
128.740693339986,28.4255531033347,2641
128.58858333825,28.6157712088101,2653.34395023328
128.43353974124,28.8087771976392,2665.70856565713
128.275461700013,29.0046453763696,2678.09389820886
128.114243089315,29.2034532967609,2690.5
128.049312635444,29.2832513823218,2695.43330787115
127.901246060793,29.4646392300887,2706.54938086619
127.750446422061,29.6485428245517,2717.68249439006
127.440281094873,30.0241579080025,2740
127.369609840511,30.1092455940109,2744.97932763395
127.209301690799,30.3015732687279,2756.13924688407
127.046151076013,30.4963396144327,2767.30765889383
126.880065421173,30.6936040970704,2778.48457336147
126.710947550971,30.8934286219214,2789.67
126.578638225072,31.0490294882919,2798.28585062775
126.25627353425,31.4254578067044,2818.79348811137
125.922418772409,31.811299249641,2839.33
125.737840805026,32.0228749294825,2850.3872878975
125.407245539695,32.3987305506226,2869.68099414036
125.237534217375,32.5901374014875,2879.33733150893
125.064749670287,32.7839406812755,2889
125.062008441127,32.7870066883584,2889.1000846569
125.059265935733,32.7900738516419,2889.20017366278
125.053777091336,32.7962116508209,2889.40036472264
125.042784033622,32.8085011678141,2889.80079904268
125.020736165014,32.8331361031168,2890.60187654757
124.976391168804,32.8826314139133,2892.20486752515
124.886685738072,32.9825388162973,2895.41419742546
124.703058591984,33.18614666371,2901.84628168333
124.513492290881,33.3950701869262,2908.29632769777
124.317568291728,33.6096487208427,2914.76441081194
123.928987451764,34.0311776833358,2927.01472392131
123.512306216877,34.4772380135254,2939.33
123.045448962773,34.9697469360612,2952.17095087527
122.796731842922,35.2290159046908,2958.61750086836
122.536419261225,35.4980676358454,2965.08152815299
122.008312928477,36.0367096193216,2977.33921702579
121.422455024069,36.6230828430984,2989.66
120.736115549129,37.2952665318479,3002.49571543133
119.938597651958,38.0566382069758,3015.39890143113
119.030056875816,38.8986836692207,3027.66381416945
117.858143343781,39.9459499303774,3039.99
115.90523800484,41.5972679471419,3052.81908434385
113.740461321522,43.2973397317571,3057.36608598773
111.452774963007,44.9542606947419,3052.81908434385
109.154811766663,46.4840972508452,3039.99
107.654048875818,47.415118407003,3027.66381416945
106.420993708137,48.1419963411888,3015.39890143113
105.284777128669,48.7826793331424,3002.49571543133
104.264170089916,49.3352597735816,2989.66
103.360020533286,49.8072852164979,2977.33921702579
102.517805581316,50.2326366076797,2965.08152815299
102.092854886283,50.4421293520949,2958.61750086836
101.680629775821,50.6421258214565,2952.17095087527
100.890102634667,51.0169404880179,2939.33
100.165573055291,51.3506089840417,2927.01472392131
99.4733010652933,51.6608287034159,2914.76441081194
99.1180371386084,51.8168313754721,2908.29632769777
98.770263792215,51.9674758999018,2901.84628168333
98.42955129828,52.1130993952524,2895.41419742546
98.2617203052416,52.1841244027998,2892.20486752515
98.1784162481398,52.2192058578318,2890.60187654757
98.1369147104487,52.236640688,2889.80079904268
98.1162012750061,52.2453318565465,2889.40036472264
98.1058538548859,52.2496709073376,2889.20017366278
98.1006824647828,52.2518388028618,2889.1000846569
98.0955126196328,52.2540056131329,2889
98.0903422693944,52.2561721975796,2889.1000846569
98.0851693632243,52.2583394152725,2889.20017366278
98.0748158732196,52.2626757522269,2889.40036472264
98.0540781131928,52.2713560452839,2889.80079904268
98.0124789149767,52.2887472115113,2890.60187654757
97.9287812888352,52.3236527013644,2892.20486752515
97.7593521211485,52.3939631502445,2895.41419742546
97.412047606271,52.5366390730887,2901.84628168333
97.0528442290926,52.6821719096799,2908.29632769777
96.680902513786,52.8307141122292,2914.76441081194
95.9412234283571,53.119714888976,2927.01472392131
95.1452602159708,53.4213758536003,2939.33
94.2502659853559,53.7493065585453,2952.17095087527
93.7721856575515,53.9197018234505,2958.61750086836
93.2709326838333,54.0948529622685,2965.08152815299
92.2514632180917,54.4402414452955,2977.33921702579
91.1169641297945,54.8079619780762,2989.66
89.7839731655878,55.2183807580298,3002.49571543133
88.2310727102771,55.6681469594863,3015.39890143113
86.4588096965069,56.1457445646003,3027.66381416945
84.1716784097779,56.7086141423272,3039.99
80.3712094485958,57.5192342441234,3052.81908434385
76.1998194027363,58.2434429119604,3057.36608598773
71.8719289924921,58.8264270900084,3052.81908434385
67.6393902308812,59.2421520420178,3039.99
64.9502236961574,59.4308149431819,3027.66381416945
62.7902324198639,59.5411497369887,3015.39890143113
60.8418850870376,59.6096933253114,3002.49571543133
59.1275586408462,59.6459349566558,2989.66
57.6379337183676,59.6592269626041,2977.33921702579
56.2754004481448,59.6565961155307,2965.08152815299
55.5971906821253,59.6500192433683,2958.61750086836
54.9452730884265,59.6403938138605,2952.17095087527
53.7116420288415,59.6133012234944,2939.33
52.6001793678161,59.578911603946,2927.01472392131
51.5553635160899,59.5379165938408,2914.76441081194
51.0256880310679,59.5139103552903,2908.29632769777
50.5114506939783,59.4885200279167,2901.84628168333
50.0117440347821,59.461873538021,2895.41419742546
49.7670800208951,59.4481154610399,2892.20486752515
49.646003038051,59.4411336044175,2890.60187654757
49.5857732490299,59.4376176719407,2889.80079904268
49.555734912296,59.435853540085,2889.40036472264
49.5407348069899,59.4349699433017,2889.20017366278
49.5332395106063,59.4345277635069,2889.1000846569
49.5257473814657,59.4340853299412,2889
49.0528669456414,59.4052677078843,2879.33733150893
48.5872073319657,59.3751683462944,2869.68099414036
47.676909515135,59.3113668644559,2850.3872878975
47.1669441231927,59.2727379619324,2839.33
46.2416582053429,59.1973151937193,2818.79348811137
45.3450064451757,59.1176085711828,2798.28585062775
44.9761637476749,59.0829137999613,2789.67
44.5040671691291,59.0368730079897,2778.48457336147
44.0397831482612,58.9897952639286,2767.30765889383
43.5831254237245,58.9417399368853,2756.13924688407
43.1339136747785,58.8927634065144,2744.97932763395
42.9357320947749,58.8706158341131,2740
42.0649940900248,58.7693590441542,2717.68249439006
41.641162061112,58.7177272573213,2706.54938086619
41.2247541379072,58.6654913149039,2695.43330787115
41.0420795346097,58.642101440366,2690.5
40.5883497554412,58.5827464393683,2678.09389820886
40.143276626943,58.5227693935896,2665.70856565713
39.7066174376899,58.4622248418948,2653.34395023328
39.2781386209087,58.4011640681376,2641
39.0146889254627,58.3628039094351,2633.30425228385
38.4427423512415,58.2773665900575,2616.31173760945
38.0331151455458,58.2143467843578,2603.89554466347
37.630957074892,58.1509775516921,2591.5
37.2867538848634,58.0955525210596,2580.72498936814
37.1166736768667,58.0677586335371,2575.34325459725
37.0321321309854,58.0538426412983,2572.65382804564
36.9899851611945,58.0468800409758,2571.3094747533
36.9689425232897,58.0433976092644,2570.63738807489
36.9584289031571,58.0416561129439,2570.30136722411
36.9479204106596,58.0399144305676,2569.96536136428
36.5143092382779,57.9671421820399,2555.96968856544
36.0893439683149,57.8940956197012,2542
35.353843431245,57.7635914621209,2517.20988262419
34.6434942626257,57.6325757167245,2492.5
34.2970554014851,57.5668830737488,2480.16420665138
33.9564487789716,57.5011366872094,2467.84827539613
33.2848214169951,57.3680911302413,2443
32.9580264209062,57.3017051120399,2430.63099049315
32.6365926712553,57.2353439870012,2418.28166823218
32.4907432887438,57.2048826429033,2412.61714179685
32.3459852371555,57.1744320179102,2406.95675270202
32.2023065425643,57.1439937325484,2401.3004964165
32.130868253575,57.1287797103442,2398.47391666304
32.0596953916241,57.1135693609251,2395.64836841572
32.0057394738728,57.1020032324127,2393.5
31.4747374542383,56.9865478252247,2372.0612614952
30.7995160565105,56.835421406508,2344
30.2240336309258,56.7027507297798,2319.34536379588
30.1206814747553,56.6785428823203,2314.84316635167
29.8889649601416,56.623843558841,2304.66492071891
29.6601926274797,56.5692597030117,2294.5
29.1130745536589,56.4363649097442,2269.71064065429
28.582440544356,56.3042652316889,2245
28.3098309373469,56.2351568455505,2232.04013039989
28.0670860100669,56.1729026618562,2220.34447117778
27.8123928024496,56.1068534560745,2207.91232549126
27.5614715428287,56.0410457630466,2195.5
27.0819191226456,55.913224274638,2171.31202186828
26.6158638862298,55.7863907806878,2147.19913328747
26.5929920038598,55.7800995653497,2146
26.1627529499479,55.66058221872,2123.16098513565
25.6731331887903,55.5218324687242,2096.5
25.2328469306474,55.3945433381809,2071.89234040359
25.0303828150442,55.3352004746083,2060.36870830591
24.7984032470789,55.2665745084133,2047
24.376288147096,55.1399555199714,2022.2100063482
24.1695572415958,55.0771151277305,2009.84502897631
23.9656338480176,55.0145900194321,1997.5
23.8650071034434,54.9835388738392,1991.35328510815
23.7650593166923,54.9525672741974,1985.21157586195
23.6657837462113,54.921675384554,1979.07486614926
23.5671737385679,54.8908633573569,1972.94314986794
23.5561837924086,54.8874215301998,1972.25753325194
23.5452020836271,54.8839807043977,1971.5719790383
23.3573841283279,54.8248881973218,1959.77676083581
23.1719601650405,54.7660935295182,1948
22.9788665783015,54.7043833703916,1935.59437804998
22.7883369244913,54.6430062922135,1923.2092043829
22.6003212518162,54.5819628383144,1910.84442848281
22.4147708868487,54.5212534023863,1898.5
22.2323768727725,54.4611226131536,1886.22570701501
22.0523447837181,54.4013266102759,1873.9718514899
21.8708300795323,54.3405892848913,1861.47531612652
21.780964773726,54.3103515442294,1855.23500903794
21.6916865353933,54.2802010472709,1849
21.6871373259128,54.2786617673217,1848.68134029567
21.6825896372515,54.2771227158631,1848.36269448377
21.5124066992722,54.219322542738,1836.37139519048
21.3443405486252,54.1618460899451,1824.39975341869
21.000536932002,54.0430377615658,1799.5
20.8360167146927,53.9855949889227,1787.3853461322
20.6735364292109,53.9284874004271,1775.29117016255
20.5053529077661,53.8689785977269,1762.63439076853
20.3393287698459,53.8098360566749,1750
20.3191529999419,53.8026218398754,1748.45502649824
20.0219993830718,53.6956872312312,1725.4548124004
19.7062459305564,53.5806505914421,1700.5
19.5582019332048,53.5262108462351,1688.61198033775
19.4119125739664,53.472098437352,1676.74440637374
19.2547620771807,53.4136147783383,1663.8601754062
19.0996127834873,53.3555147351857,1651
19.0466027392989,53.3355810664383,1646.57372505332
18.8085078025162,53.2455278766574,1626.48639000535
18.5178920170474,53.1344479973485,1601.5
18.3898715939607,53.0851075815952,1590.32581136295
18.2632452259977,53.0360574775713,1579.170417641
18.110449553701,52.9765419898465,1565.57126913744
17.9596606098132,52.917454403826,1552
17.8587318242492,52.8777076676028,1542.83118695309
17.6921368544833,52.8117535320911,1527.54507831142
17.4236145511504,52.704530864547,1502.5
17.3180121570148,52.6620516234361,1492.51001140198
17.2134202156946,52.6198046016114,1482.53582354711
17.0599080754012,52.5574823634116,1467.75058586692
16.908548503239,52.4956652438781,1453
16.7513570428204,52.4310767782288,1437.49595584382
16.6613026234445,52.3938946901154,1428.52728207025
16.5365856957077,52.3421840697163,1416.00091043435
16.4133384265657,52.290834413891,1403.5
16.3028051725413,52.2445710771356,1392.1836683677
16.1934505376996,52.1986041233562,1380.88870621486
16.0852561648405,52.1529314348857,1369.61505306817
15.9782040751229,52.1075508979165,1358.36264868231
15.9369487609142,52.0900117212894,1354
15.7687296444473,52.0182030460783,1336.05757999491
15.6953455868864,51.9867295717991,1328.15206802809
15.6225039520619,51.9553997640927,1320.25731532995
15.550198882946,51.9242128646905,1312.37329995064
15.4784246063409,51.8931681173355,1304.5
15.3677882402867,51.845144383826,1292.27046329956
15.3129433085555,51.8212613594928,1286.16558487831
15.2584103848096,51.797463753032,1280.0672855322
15.2530093886319,51.7951040725333,1279.46176837359
15.2476114440698,51.7927452312608,1278.85631604003
15.2210119002401,51.7811143126976,1275.86876266185
15.194486341871,51.7695037899839,1272.88278717215
15.1416559835707,51.7463437645129,1266.91556486065
15.0891179773846,51.723264814935,1260.95463912357
15.0368699612472,51.7002666040343,1255
15.018192485147,51.6920339648882,1252.86486936871
14.9620752721571,51.667262815245,1246.42905929664
14.9341428768733,51.6549128712738,1243.21398312205
14.90629413272,51.6425866090042,1240.00079064521
14.8785286738376,51.6302839738366,1236.78948021112
14.8508461364921,51.6180049112644,1233.58005016674
14.8370358499939,51.6118742025551,1231.97603977464
14.8232461584357,51.6057493665972,1230.37249886094
14.8094770169418,51.5996303966036,1228.76942721957
14.802600138442,51.5965731092069,1227.96806731163
14.7957283806887,51.5935172857588,1227.16682464455
14.7031278713366,51.5522591570661,1216.32268603573
14.6114526263849,51.5112675021225,1205.5
14.5071667113791,51.4644602085329,1193.08182241803
14.4040755805479,51.418003501856,1180.69249676883
14.3021593503848,51.3718941693193,1168.33192261882
14.2013985750541,51.3261290230656,1156
14.0051934308813,51.2365016979111,1131.66158906888
13.9050123188105,51.1904766328174,1119.06540313811
13.8059869255007,51.144807757738,1106.5
13.7107463298723,51.1007199148494,1094.30565081738
13.6165732404758,51.0569671763356,1082.1409665081
13.5200036236782,51.0119362458196,1069.5546440837
13.4245449208768,50.9672588507486,1057
13.3327634676805,50.9241478183347,1044.82116506304
13.2420087563639,50.8813694794603,1032.67290433428
13.148687948811,50.8372259968772,1020.07004160769
13.0564415995128,50.7934352508836,1007.5
12.9678679969049,50.7512420683484,995.323620858176
12.8802848489244,50.709379690582,983.178802118096
12.7901671485578,50.6661590681237,970.572443581608
12.7010873320117,50.6232894536298,958
12.6582598014901,50.6026266594313,951.91554374812
12.6156730282017,50.58204643102,945.839249902263
12.5312139860162,50.5411319845217,933.711083816563
12.48751461254,50.5199108069954,927.395103104456
12.4440690092463,50.498777701836,921.087941193903
12.3579306623494,50.4567738346165,908.5
12.3166185491739,50.4365796124138,902.423247724747
12.2755390639734,50.4164674892747,896.354941210249
12.1940704753942,50.3764878216892,884.243595131338
12.1517997390351,50.3556949626159,877.918955197763
12.1097755937216,50.3349901296711,871.60348931928
12.0264588443753,50.2938426192179,859
11.9864696626619,50.2740467410058,852.91138122816
11.9467063594224,50.2543327293836,846.831503704974
11.8678500955606,50.215148553034,834.697897215213
11.8270791317188,50.1948429761374,828.384305116467
11.7865459227301,50.174624519976,822.080138932514
11.7061848507794,50.1344470309601,809.5
11.6293763879902,50.0959306283416,797.373209296456
11.591297201727,50.0767936273955,791.323321138095
11.5534323815537,50.0577368375018,785.282411049003
11.4745809335754,50.0179638690598,772.621532191134
11.4355021201018,49.9982081090302,766.3058592348
11.4160485902534,49.9883626908789,763.151704332378
11.3966519918068,49.9785388313523,760
11.3210655947753,49.9401871353474,747.624980525305
11.2635854304475,49.9109484881001,738.10585056905
11.2071254212866,49.8821665204958,728.662576868828
11.1516604657758,49.8538316256329,719.29425629553
11.097166262296,49.8259344519209,710
11.0616468265786,49.8077199121499,703.893262828064
11.0265348517651,49.7896901602267,697.818265601651
11.0259378952512,49.7893834194271,697.714649662011
10.9575076715836,49.7541750501562,685.762506287605
10.9563408636697,49.7535739168197,685.557420936635
10.9230028285436,49.736387085216,679.679239165515
10.8900340400363,49.7193692162562,673.830777988988
10.8705485714549,49.7093011702931,670.357470241551
10.8511911917618,49.6992919350877,666.894602614602
10.8319607325358,49.6893410469417,663.442128107172
10.8223927344694,49.684387338195,661.719773662561
10.8128560346296,49.6794480444267,660
10.748527546276,49.6460840144326,647.44308825296
10.7450218772297,49.6442634563376,646.754516626808
10.6855499030311,49.6133416704598,635.004994961893
10.6786891460774,49.6097700095699,633.641205778202
10.6238840631142,49.5812055076691,622.6840416075
10.6138121239816,49.5759495390434,620.658098913648
10.5634924356193,49.5496605059476,610.478581138349
10.5611384452529,49.5484294588304,610
10.5503468819265,49.5427844774954,607.803266391352
10.5043388133565,49.518692111245,598.386997236882
10.5014566898632,49.5171814741614,597.794365946859
10.4430002711892,49.4865064915183,585.703166460287
10.3857345281435,49.4563903998299,573.724799718285
10.3208987932374,49.4222143417594,560
10.2890466296891,49.4053937571535,553.192741540924
10.2639557277499,49.3921293953051,547.800018114301
10.2499049712223,49.3846959283891,544.768301784382
10.2359271602342,49.3772971305269,541.743844590016
10.222021772384,49.3699327844011,538.726620490491
10.2081882900963,49.3626026744095,535.716603569497
10.2025199544992,49.359598018577,534.480806121155
10.1996903035345,49.3580978438117,533.863362308618
10.1982766053358,49.3573482939138,533.554754032585
10.19686365793,49.356599102035,533.246221472873
10.1905351934401,49.3532430475317,531.863248856533
10.1842217736192,49.349894170719,530.481796516729
10.1810706899262,49.3482224174392,529.791639667362
10.1779233489043,49.346552450845,529.101861948018
10.1747797444152,49.3448842683672,528.412463046378
10.1732093414437,49.3440508453638,528.067905554689
10.1724244894431,49.3436343007817,527.895662281578
10.1716398703064,49.3432178674265,527.723442650462
10.1567638341815,49.3353201339813,524.453026404614
10.1535632246292,49.333620339522,523.748093657487
10.1172651956356,49.3143286092294,515.721110339925
10.0915583292315,49.3006498581403,510
10.0524230183323,49.2798002197389,501.231837635871
10.0062463081902,49.255159515199,490.793867695779
9.96089359996617,49.2309166111501,480.443297181012
9.91634475062418,49.2070629144877,470.179032946135
9.87258024793209,49.1835900648262,460
9.8517019692425,49.1723784338945,455.110153799645
9.83100042834215,49.1612529770983,450.239855181777
9.81047357086399,49.1502128058452,445.388987165494
9.79011937311657,49.1392570430617,440.55743370145
9.76993584152089,49.1283848230131,435.745079662605
9.74992101205922,49.1175952911268,430.951810835079
9.7300729497361,49.1068876038192,426.177513909115
9.71038974805097,49.0962609283246,421.42207647015
9.69856969588625,49.0898756572989,418.556340878194
9.68680879723297,49.0835195127932,415.697432495386
9.67510664557341,49.0771923164241,412.845326953464
9.66927747299516,49.0740395179803,411.421817664446
9.66346283634925,49.0708938903008,410
9.62188628294425,49.048381495591,399.307878836069
9.58099365240946,49.02620493893,388.697138499809
9.54076955638405,49.0043575258269,378.166853394176
9.50119904934604,48.9828327287578,367.716111905669
9.4722045560153,48.967040457378,360
9.46226757029655,48.9616241588854,357.344016141245
9.43569929829638,48.9471327630253,350.213610508655
9.42396105222736,48.9407256289968,347.049681671167
9.39974788208559,48.9275002947632,340.49665633665
9.36433886801848,48.9081379909811,330.84840112145
9.32946103743308,48.889040862003,321.268118876023
9.28879459119844,48.8667424865491,310
9.25379897258273,48.8475261802751,300.217481876511
9.21933799615275,48.8285786683031,290.505624974055
9.18540051612152,48.8098949271681,280.863666446062
9.15197568331629,48.7914700508929,271.290854387338
9.1128939135173,48.7698974425587,260
9.07934325599362,48.7513525852102,250.221496159884
9.04630904444963,48.7330702821359,240.514923480173
9.01378044604448,48.7150455682817,230.879491175603
8.98174691765212,48.6972735960728,221.314420010072
8.96287995161973,48.6867963056081,215.644922069009
8.94418317675971,48.6764061835043,210
8.92631848401751,48.6664716306262,204.581591531031
8.90850686146788,48.6565599380119,199.16578174378
8.8730419181079,48.6368048484806,188.341950740003
8.85397984762767,48.6261757771439,182.501932901358
8.83497859062481,48.6155730259653,176.664936727765
8.79715739908963,48.5944461307006,165
8.78895066579591,48.589857884142,162.460614540196
8.75688241529789,48.5719154780342,152.509498489537
8.72498745135363,48.5540485484101,142.567164179106
8.70603714102239,48.5434228047039,136.638571687629
8.67952133089852,48.5285422483101,128.316210957766
8.65312496561666,48.5137139808877,120
8.62839149824649,48.4998064927453,112.178010498598
8.59250426113337,48.4796042968494,100.775120697231
8.57424326545382,48.4693140700689,94.9483509011809
8.55605075338275,48.4590554092042,89.126912393105
8.53792635983405,48.4488281830862,83.3107978594423
8.51986972227192,48.4386322612233,77.5
8.50346774645271,48.4293646682268,72.2074135776759
8.48712150861468,48.4201228846438,66.9192339716901
8.47083073955187,48.4109068130688,61.6354556803995
8.45459517176249,48.4017163565532,56.3560732113143
8.43819772219584,48.3924285724391,51.0103056534594
8.42185641786745,48.3831668965932,45.6690413893526
8.40557098562985,48.3739312295313,40.3322747310044
8.39744913636966,48.3693231181682,37.6655762291114
8.393393413702,48.3670214876493,36.332647874741
8.39136685102025,48.3658712780096,35.6662888829499
8.38934115340857,48.3647214718618,35
8.38462126353036,48.3620420759518,33.125
8.38430672408566,48.3618635007305,33
8.37990474416389,48.3593641189282,31.25
8.37048180248905,48.3540125170827,27.5
8.36107229948178,48.3486666574211,23.75
8.35637257846915,48.3459958781315,21.875
8.35402397401208,48.3446610256365,20.9375
8.35284998559945,48.3439937336158,20.46875
8.35167620632257,48.3433265310565,20
8.34572006560083,48.3399404733469,17.3283812080545
8.33976983881539,48.3365570214222,14.6567624161089
8.33161855876924,48.3319207667039,10.9925718120812
8.32347836398981,48.3272894006708,7.32838120805445
8.31534923182201,48.3226629158223,3.66419060402677
8.31128880715465,48.3203515015025,1.83209530201384
8.30925962894139,48.3191962509597,0.916047651006011
8.30824529821084,48.3186187397915,0.458023825503005
8.30723113967241,48.3180413046726,0
