-102.51,-35.96,10
-102.508291895204,-35.9589635833679,10.9925718120812
-102.501981916766,-35.9551344693964,14.6567624161089
-102.4973769252,-35.9523395578121,17.3283812080545
-102.492768313071,-35.9495420746617,20
-102.491861251457,-35.9489914332371,20.46875
-102.49095406542,-35.9484407017768,20.9375
-102.489139319972,-35.947338968662,21.875
-102.485508334857,-35.9451344210424,23.75
-102.478240381944,-35.9407209953331,27.5
-102.47096444105,-35.9363017862956,31.25
-102.467323470952,-35.9340900095089,33.125
-102.463680498865,-35.9318767826626,35
-102.462121174746,-35.9309293698252,35.6662888829499
-102.460561296911,-35.9299815776668,36.332647874741
-102.457439879005,-35.9280848545399,37.6655762291114
-102.451190386613,-35.9242868470929,40.3322747310044
-102.438664714272,-35.9166725396787,45.6690413893526
-102.426103340436,-35.9090337503043,51.0103056534594
-102.413506123479,-35.9013703685181,56.3560732113143
-102.401040483989,-35.8937842740712,61.6354556803995
-102.388539668491,-35.8861740188131,66.9192339716901
-102.376003538807,-35.8785394947556,72.2074135776759
-102.363431956051,-35.870880593283,77.5
-102.349600569009,-35.8624509651823,83.3107978594423
-102.335726167773,-35.8539917269949,89.126912393105
-102.321808566048,-35.8455027327073,94.9483509011809
-102.307847576492,-35.8369838353698,100.775120697231
-102.28043713058,-35.8202481525295,112.178010498598
-102.261566086945,-35.8087185538476,120
-102.241444414055,-35.7964179224011,128.316210957766
-102.221250450103,-35.7840658964846,136.638571687629
-102.206829740465,-35.7752407754319,142.567164179106
-102.182580100527,-35.7603922894207,152.509498489537
-102.158226022613,-35.7454693733186,162.460614540196
-102.151997853752,-35.7416513874204,165
-102.123318102676,-35.724061285135,176.664936727765
-102.108923798282,-35.7152273567493,182.501932901358
-102.094493034333,-35.7063673654694,188.341950740003
-102.067670204029,-35.6898892613201,199.16578174378
-102.054211459778,-35.6816163250424,204.581591531031
-102.040721022363,-35.6733206819222,210
-102.026611755488,-35.6646410479225,215.644922069009
-102.012383920367,-35.6558848955586,221.314420010072
-101.988249668396,-35.6410238760991,230.879491175603
-101.963771580622,-35.6259405670606,240.514923480173
-101.938943028112,-35.6106304268117,250.221496159884
-101.913757219541,-35.5950887949708,260
-101.884458513323,-35.5769949875133,271.290854387338
-101.859434088147,-35.5615287278956,280.863666446062
-101.834057308102,-35.5458333154451,290.505624974055
-101.808321455031,-35.5299041085128,300.217481876511
-101.78221964789,-35.5137363450264,310
-101.751930302722,-35.4949595548013,321.268118876023
-101.725988441337,-35.4788648295782,330.84840112145
-101.699685413653,-35.462533778483,340.49665633665
-101.681718688016,-35.4513714848458,347.049681671167
-101.673014376983,-35.4459616349399,350.213610508655
-101.653326911716,-35.4337206143653,357.344016141245
-101.645968385799,-35.4291435478043,360
-101.624512709829,-35.4157924130141,367.716111905669
-101.595267587429,-35.3975809301745,378.166853394176
-101.565582771389,-35.3790800136231,388.697138499809
-101.535449293588,-35.3602833600022,399.307878836069
-101.504857952778,-35.341184489732,410
-101.50058786293,-35.338517243924,411.421817664446
-101.496308022512,-35.3358435801971,412.845326953464
-101.487718970719,-35.330476915421,415.697432495386
-101.479090554209,-35.325084325187,418.556340878194
-101.470422529057,-35.3196656385819,421.42207647015
-101.455996627142,-35.3106445192437,426.177513909115
-101.441460548469,-35.3015507328271,430.951810835079
-101.426813153878,-35.2923834793694,435.745079662605
-101.412053289225,-35.2831419476312,440.55743370145
-101.397179785142,-35.273825314901,445.388987165494
-101.382191456792,-35.2644327467961,450.239855181777
-101.367087103619,-35.2549633970585,455.110153799645
-101.35186550909,-35.2454164073482,460
-101.319996507358,-35.2254147004999,470.179032946135
-101.287609248155,-35.2050690549349,480.443297181012
-101.254692276122,-35.1843713516577,490.793867695779
-101.221233812371,-35.1633132250993,501.231837635871
-101.192921953968,-35.145478564431,510
-101.174346923076,-35.1337696555848,515.721110339925
-101.148148975394,-35.1172450393238,523.748093657487
-101.145840629539,-35.1157884354876,524.453026404614
-101.13511529532,-35.1090193176132,527.723442650462
-101.13454976323,-35.1086623339246,527.895662281578
-101.133984079647,-35.1083052488519,528.067905554689
-101.132852257781,-35.1075907743975,528.412463046378
-101.130586793723,-35.1061606071562,529.101861948018
-101.128318899604,-35.1047288133539,529.791639667362
-101.126048571896,-35.1032953904624,530.481796516729
-101.121500601708,-35.1004236473607,531.863248856533
-101.116942854664,-35.0975453574378,533.246221472873
-101.115925397864,-35.0969027662102,533.554754032585
-101.114907453386,-35.0962598483392,533.863362308618
-101.112870100142,-35.0949730317675,534.480806121155
-101.108789527676,-35.0923954689701,535.716603569497
-101.098834529256,-35.0861059680567,538.726620490491
-101.088832891635,-35.0797852044597,541.743844590016
-101.0787843186,-35.073432965447,544.768301784382
-101.068688511544,-35.0670490364307,547.800018114301
-101.050673064997,-35.0556526846309,553.192741540924
-101.027826910774,-35.0411920783773,560
-100.981405615543,-35.0117804774575,573.724799718285
-100.940496118399,-34.9858288338221,585.703166460287
-100.898824578022,-34.9593627326345,597.794365946859
-100.896772322507,-34.958058510474,598.386997236882
-100.864040977239,-34.9372472427475,607.803266391352
-100.856371561885,-34.9323680717375,610
-100.854699016089,-34.9313038812055,610.478581138349
-100.818980570456,-34.9085652454053,620.658098913648
-100.811839101241,-34.9040161659607,622.6840416075
-100.773025852118,-34.8792762025133,633.641205778202
-100.768172505093,-34.876180713273,635.004994961893
-100.726152579044,-34.8493623779757,646.754516626808
-100.723678497531,-34.8477823515347,647.44308825296
-100.678335663907,-34.8188053656754,660
-100.671640170698,-34.8145233608127,661.719773662561
-100.664925100131,-34.8102280200682,663.442128107172
-100.651435917989,-34.8015971043194,666.894602614602
-100.637867486337,-34.7929121561024,670.357470241551
-100.624219170668,-34.784172709955,673.830777988988
-100.601149248969,-34.7693926366254,679.679239165515
-100.577849784134,-34.7544557100661,685.557420936635
-100.577034843826,-34.7539330862644,685.762506287605
-100.529302681975,-34.7233012829498,697.714649662011
-100.528886822167,-34.7230342259904,697.818265601651
-100.504442913852,-34.7073313161336,703.893262828064
-100.479747850569,-34.6914560480762,710
-100.441923916404,-34.6671193874432,719.29425629553
-100.40350487623,-34.6423732124781,728.662576868828
-100.36447789758,-34.6172079829689,738.10585056905
-100.324829790581,-34.5916138701979,747.624980525305
-100.272821200533,-34.5579972921374,760
-100.259498188166,-34.5493778266,763.151704332378
-100.246145008741,-34.5407355997467,766.3058592348
-100.219347768003,-34.5233825249283,772.621532191134
-100.16538706272,-34.4883995019741,785.282411049003
-100.139526808422,-34.4716153335016,791.323321138095
-100.113554029722,-34.4547458508011,797.373209296456
-100.061268162105,-34.4207485033034,809.5
-100.006710902188,-34.3852210120717,822.080138932514
-99.9792496367267,-34.3673177513951,828.384305116467
-99.9516656011827,-34.3493205683373,834.697897215213
-99.8984232525256,-34.3145432718737,846.831503704974
-99.8716299775919,-34.2970225832468,852.91138122816
-99.8447210462387,-34.2794130324187,859
-99.7887740835289,-34.2427581532756,871.60348931928
-99.7606149478777,-34.2242873704265,877.918955197763
-99.7323310186889,-34.2057200902546,884.243595131338
-99.6779333421266,-34.1699689024078,896.354941210249
-99.6505608156641,-34.1519586113687,902.423247724747
-99.6230715743628,-34.1338576751955,908.5
-99.5658778384074,-34.0961526144617,921.087941193903
-99.5370939253694,-34.0771540235605,927.395103104456
-99.5081842953086,-34.0580571132463,933.711083816563
-99.4524300014056,-34.0211839143061,945.839249902263
-99.4243769135545,-34.0026093101206,951.91554374812
-99.3962056046995,-33.9839418389826,958
-99.3377394372366,-33.9451530626579,970.572443581608
-99.2787688928679,-33.9059657985797,983.178802118096
-99.2216264999712,-33.8679321496623,995.323620858176
-99.1640071365076,-33.8295199605669,1007.5
-99.1041785483206,-33.7895700367556,1020.07004160769
-99.0438389833023,-33.7492118449142,1032.67290433428
-98.9853370604239,-33.7100184053175,1044.82116506304
-98.9263513729054,-33.6704366687547,1057
-98.86519139628,-33.6293277760605,1069.5546440837
-98.8035146812984,-33.5878012661682,1082.1409665081
-98.7435565262617,-33.5473641366819,1094.30565081738
-98.6831065224788,-33.5065276610162,1106.5
-98.6204534637352,-33.4641312104712,1119.06540313811
-98.5572746798223,-33.4213050272683,1131.66158906888
-98.434133392642,-33.3376191082283,1156
-98.3711981875839,-33.2947396012231,1168.33192261882
-98.3077493972702,-33.2514353236989,1180.69249676883
-98.2437809544248,-33.2077002408951,1193.08182241803
-98.1792866932498,-33.1635282039507,1205.5
-98.1227693993814,-33.1247555982467,1216.32268603573
-98.0658499076262,-33.0856466249015,1227.16682464455
-98.0616327058269,-33.082746601033,1227.96806731163
-98.0574132886587,-33.0798447202326,1228.76942721957
-98.0489678015133,-33.0740353810567,1230.37249886094
-98.0405134326332,-33.068218593703,1231.97603977464
-98.0320501684779,-33.0623943444981,1233.58005016674
-98.0150969003975,-33.0507234059225,1236.78948021112
-97.9981078880201,-33.0390224550279,1240.00079064521
-97.981083021994,-33.027291381221,1243.21398312205
-97.9640221925068,-33.0155300733667,1246.42905929664
-97.9297922045076,-32.9919163102685,1252.86486936871
-97.9184130024071,-32.9840614299686,1255
-97.8866168960379,-32.9621002051453,1260.95463912357
-97.8546974573371,-32.9400347037914,1266.91556486065
-97.8226539895303,-32.917864214816,1272.88278717215
-97.8065855243363,-32.9067393751967,1275.86876266185
-97.790485788101,-32.8955880190793,1278.85631604003
-97.7872202628038,-32.8933255842995,1279.46176837359
-97.7839534496335,-32.8910620566908,1280.0672855322
-97.7510002478283,-32.8682180404691,1286.16558487831
-97.7179157396806,-32.8452624571402,1292.27046329956
-97.6513497647929,-32.7990134629496,1304.5
-97.6082896241046,-32.7690515240879,1312.37329995064
-97.5650091521727,-32.7389010839701,1320.25731532995
-97.521506698497,-32.7085604347843,1328.15206802809
-97.4777805953739,-32.6780278480574,1336.05757999491
-97.3779245442764,-32.6081662080877,1354
-97.3535150298051,-32.5910601080232,1358.36264868231
-97.2903215202454,-32.5467220356467,1369.61505306817
-97.2266668587284,-32.501984101643,1380.88870621486
-97.1625460863905,-32.4568410942337,1392.1836683677
-97.0979541696148,-32.4112877106002,1403.5
-97.0261917112818,-32.360584644521,1416.00091043435
-96.9538498123129,-32.3093733850313,1428.52728207025
-96.9017856472361,-32.2724554284674,1437.49595584382
-96.8112497840991,-32.2081352135017,1453
-96.724482083014,-32.1463459294157,1467.75058586692
-96.6368871568807,-32.0838223638265,1482.53582354711
-96.5774393523777,-32.0413065046313,1492.51001140198
-96.5176075915373,-31.9984481024904,1502.5
-96.3663235359852,-31.8897766860771,1527.54507831142
-96.2730753918157,-31.8225765323903,1542.83118695309
-96.2168079124085,-31.7819465198904,1552
-96.1330579627533,-31.7213597310817,1565.57126913744
-96.0485749551326,-31.6601067343731,1579.170417641
-95.9788502179807,-31.6094510938011,1590.32581136295
-95.9086221813978,-31.5583356913673,1601.5
-95.7501763732534,-31.4426638324398,1626.48639000535
-95.6213648916543,-31.3482712338908,1646.57372505332
-95.5928073174843,-31.3273011881177,1651
-95.509477208395,-31.266021653423,1663.8601754062
-95.4254527050798,-31.2040962680914,1676.74440637374
-95.3475768326081,-31.1465810632643,1688.61198033775
-95.2690995227305,-31.0885035284776,1700.5
-95.1028264864864,-30.9650601514746,1725.4548124004
-94.9477059636011,-30.8494156067866,1748.45502649824
-94.9372210156317,-30.8415821644551,1750
-94.8511677096742,-30.7772103458039,1762.63439076853
-94.7644039099198,-30.712162108249,1775.29117016255
-94.6809698144007,-30.6494728536784,1787.3853461322
-94.5968730079787,-30.5861493052228,1799.5
-94.4223687254395,-30.4543132555789,1824.39975341869
-94.3376648689033,-30.3901075847107,1836.37139519048
-94.2522920615429,-30.3252539759467,1848.36269448377
-94.2500161606602,-30.3235231475887,1848.68134029567
-94.2477397822646,-30.3217918554826,1849
-94.2031231570651,-30.287838515074,1855.23500903794
-94.1583229375786,-30.2537065588436,1861.47531612652
-94.0681670257707,-30.1849012502612,1873.9718514899
-93.9791855025004,-30.1168372892846,1886.22570701501
-93.8894774379234,-30.0480616939261,1898.5
-93.7986680732433,-29.9782822725414,1910.84442848281
-93.7071119285685,-29.9077664627741,1923.2092043829
-93.6147993395879,-29.8365027122337,1935.59437804998
-93.5217204546101,-29.7644792185453,1948
-93.4327854180149,-29.6955043507831,1959.77676083581
-93.3431442864101,-29.6258256936412,1971.5719790383
-93.3379166564461,-29.6217573817434,1972.25753325194
-93.3326866135218,-29.6176866581542,1972.94314986794
-93.2858261363868,-29.5811896975763,1979.07486614926
-93.2387714320584,-29.5444983192862,1985.21157586195
-93.1915212252988,-29.5076109813528,1991.35328510815
-93.1440742282696,-29.4705261249562,1997.5
-93.0483008661491,-29.3955350680497,2009.84502897631
-92.9517234133361,-29.3197328223588,2022.2100063482
-92.7561130983108,-29.1656421131972,2047
-92.6495073406442,-29.0813488543379,2060.36870830591
-92.5569769300438,-29.0080045633189,2071.89234040359
-92.3573797301963,-28.849222490808,2096.5
-92.1379822169368,-28.6737878949711,2123.16098513565
-91.9473741700749,-28.5206073275585,2146
-91.9372975482517,-28.5124894894966,2147.19913328747
-91.7331877360996,-28.3476271882964,2171.31202186828
-91.5255566233891,-28.1790811338028,2195.5
-91.4178635968478,-28.091326931666,2207.91232549126
-91.3092075110536,-28.0025569717587,2220.34447117778
-91.2062565623757,-27.9182338860557,2232.04013039989
-91.0913384105376,-27.823862819229,2245
-90.8697365015672,-27.6411496130151,2269.71064065429
-90.6440771444829,-27.4540985559526,2294.5
-90.5505537721109,-27.3762826447615,2304.66492071891
-90.4563204964247,-27.2977020664303,2314.84316635167
-90.4144486291703,-27.2627293170841,2319.34536379588
-90.1830662111695,-27.0688494340182,2344
-89.9153254287775,-26.8431902099391,2372.0612614952
-89.7075350242322,-26.6670875078148,2393.5
-89.6865547784538,-26.6492595478444,2395.64836841572
-89.6589172351118,-26.6257613477723,2398.47391666304
-89.6312192214474,-26.6021966750235,2401.3004964165
-89.5756408826918,-26.5548667524329,2406.95675270202
-89.5198179362229,-26.5072674338652,2412.61714179685
-89.4637485381264,-26.4593963468846,2418.28166823218
-89.3407910376205,-26.3542011727511,2430.63099049315
-89.2166363703031,-26.247680557613,2443
-88.9641258334958,-26.0301014882071,2467.84827539613
-88.8374057354255,-25.9204401076899,2480.16420665138
-88.7094207552936,-25.8093646048696,2492.5
-88.449793552529,-25.5830538814719,2517.20988262419
-88.184835751692,-25.3507366040501,2542
-88.0334898543864,-25.2174194427275,2555.96968856544
-87.8803527121974,-25.0820691975078,2569.96536136428
-87.8766574081684,-25.0787974490159,2570.30136722411
-87.8729610514295,-25.0755245019889,2570.63738807489
-87.8655651777032,-25.0689750095677,2571.3094747533
-87.8507607743755,-25.0558616118651,2572.65382804564
-87.821101224805,-25.0295770093999,2575.34325459725
-87.7615781927921,-24.9767753233663,2580.72498936814
-87.6417086118839,-24.8702318756086,2591.5
-87.5026464267492,-24.7462788699023,2603.89554466347
-87.3620815133764,-24.6206040251567,2616.31173760945
-87.1676051036111,-24.4460954182844,2633.30425228385
-87.0787149500155,-24.3660875579067,2641
-86.9350558543989,-24.236459644393,2653.34395023328
-86.7898004915073,-24.1049849882771,2665.70856565713
-86.6429163648216,-23.9716211184592,2678.09389820886
-86.4943698791312,-23.8363241029036,2690.5
-86.4348998923002,-23.7820391634876,2695.43330787115
-86.3000489923494,-23.6586931323795,2706.54938086619
-86.1637958471504,-23.5337090258435,2717.68249439006
-85.8869739242003,-23.278683967033,2740
-85.824536943027,-23.2209602015145,2744.97932763395
-85.6837549655266,-23.0905317940116,2756.13924688407
-85.5416792622517,-22.9585208746717,2767.30765889383
-85.3982861803202,-22.8248955521171,2778.48457336147
-85.2535513301263,-22.6896229531841,2789.67
-85.141210815439,-22.5843525004422,2798.28585062775
-84.8707555144906,-22.3299370426592,2818.79348811137
-84.5954810929079,-22.0695694269513,2839.33
-84.4453742427052,-21.9269903718669,2850.3872878975
-84.180189547235,-21.6740721897782,2869.68099414036
-84.0458711384727,-21.5454654421797,2879.33733150893
-83.9103746033574,-21.4153901300294,2889
-83.9085699359969,-21.4136553633289,2889.1000846569
-83.9067648942021,-21.4119201761594,2889.20017366278
-83.9031536866987,-21.4084485396841,2889.40036472264
-83.8959267717475,-21.4015002130657,2889.80079904268
-83.8814549076632,-21.387583304071,2890.60187654757
-83.8524387661005,-21.3596681326391,2892.20486752515
-83.7941145928324,-21.3035097048573,2895.41419742546
-83.6762804120403,-21.1898586835592,2901.84628168333
-83.5568289548649,-21.0743856330208,2908.29632769777
-83.4357152068085,-20.9570368077367,2914.76441081194
-83.2025619721219,-20.7303716325759,2927.01472392131
-82.9629844211588,-20.4964236022337,2939.33
-82.7073654404657,-20.2456579093116,2952.17095087527
-82.5767020260296,-20.1170177072171,2958.61750086836
-82.4440559791887,-19.9861102013181,2965.08152815299
-82.1878646924276,-19.7323810467716,2977.33921702579
-81.9238955669215,-19.4697210613859,2989.66
-81.6415937191353,-19.1874500659064,3002.49571543133
-81.3498149196915,-18.894227381173,3015.39890143113
-81.064504356965,-18.6060663025588,3027.66381416945
-80.7693599522607,-18.3064893705791,3039.99
-80.4525522577147,-17.9832606025393,3052.81908434385
-80.1234387622214,-17.6456718770354,3065.71352997519
-79.799313994216,-17.3114230564605,3077.98700900047
-79.4619259357847,-16.9616458257253,3090.32
-79.0972974508488,-16.5815330236167,3103.14955388861
-78.7153222195196,-16.1810370326699,3116.04247592231
-78.335253883401,-15.7802421446637,3128.32235675033
-77.935325825096,-15.3560723341109,3140.66
-77.4978677821855,-14.8892966448664,3153.48051912725
-77.0322850828698,-14.3893670524919,3166.3623986169
-76.5594677455324,-13.8784324482042,3178.6481624524
-76.0503200401163,-13.3246921274782,3190.99
-74.840599396815,-11.994939114615,3216.69183982688
-74.1577452469467,-11.2360579612854,3228.97873402073
-73.3602798651462,-10.3427674504654,3241.32
-70.8258780901405,-7.45947115981469,3266.37483646147
-69.1505215776659,-5.52313080701653,3271.11273107075
-67.4860949346526,-3.58212827270586,3266.37483646147
-65.008999394846,-0.674354672115675,3241.32
-64.2394708260991,0.230888770471097,3228.97873402073
-63.5842246138919,1.00159523220866,3216.69183982688
-62.4316298756639,2.35585848554827,3190.99
-61.9496195283952,2.92126195983335,3178.6481624524
-61.5036215058177,3.44373554726802,3166.3623986169
-61.0659559069345,3.95568970767509,3153.48051912725
-60.6560793626937,4.43435874444436,3140.66
-60.2825012288701,4.86990325623972,3128.32235675033
-59.9284699961748,5.28194976514078,3116.04247592231
-59.5736318435622,5.69418540955683,3103.14955388861
-59.2358070311717,6.08590638976022,3090.32
-58.9239959403664,6.44677239590873,3077.98700900047
-58.6251393575765,6.79198753111152,3065.71352997519
-58.3223761178829,7.14102430504078,3052.81908434385
-58.0315881142844,7.47556968502751,3039.99
-57.7612576480278,7.78595012774169,3027.66381416945
-57.5004562375651,8.08479289267046,3015.39890143113
-57.2342691298284,8.38918062967938,3002.49571543133
-56.9772312342245,8.68248532159514,2989.66
-56.7373302099632,8.95566751181898,2977.33921702579
-56.5049060843022,9.21979765902209,2965.08152815299
-56.3847228712653,9.3561632768655,2958.61750086836
-56.2664403332966,9.49022851170669,2952.17095087527
-56.0353402959177,9.75174617085556,2939.33
-55.8190990922318,9.99593784375037,2927.01472392131
-55.6089851025089,10.2327260962332,2914.76441081194
-55.4999665751772,10.3553932961105,2908.29632769777
-55.3925291914127,10.4761517221788,2901.84628168333
-55.2866287214038,10.595055415283,2895.41419742546
-55.2342415143545,10.6538280083161,2892.20486752515
-55.2081864246783,10.6830472351279,2890.60187654757
-55.1951932338264,10.6976154169138,2889.80079904268
-55.188705192948,10.7048891914414,2889.40036472264
-55.1854633069244,10.7085235047794,2889.20017366278
-55.1838428969902,10.710340018611,2889.1000846569
-55.1822228422413,10.7121561041289,2889
-55.1806027680642,10.7139721812805,2889.1000846569
-55.1789822998276,10.7157886700057,2889.20017366278
-55.1757401804686,10.7194228828642,2889.40036472264
-55.1692512052402,10.7266962550394,2889.80079904268
-55.1562542689,10.7412628239327,2890.60187654757
-55.1301841322275,10.7704755711634,2892.20486752515
-55.0777362113645,10.8292220194166,2895.41419742546
-54.9715885896262,10.9480192828788,2901.84628168333
-54.8637300111237,11.0685963307518,2908.29632769777
-54.754108183728,11.1910037298762,2914.76441081194
-54.542330039959,11.4270753252871,2927.01472392131
-54.3236840943208,11.6702313654109,2939.33
-54.089234408607,11.9303063644827,2952.17095087527
-53.9689245253242,12.063498390289,2958.61750086836
-53.8464636681436,12.1988829450387,2965.08152815299
-53.6090101428776,12.4608465750655,2977.33921702579
-53.3630507851953,12.7314186951872,2989.66
-53.0985394396385,13.0215031723025,3002.49571543133
-52.8235362539558,13.3220914914765,3015.39890143113
-52.5530292194119,13.6167506218686,3027.66381416945
-52.271517083317,13.9223100666906,3039.99
-51.9674201340619,14.2511157195613,3052.81908434385
-51.6493812610015,14.5935625175325,3065.71352997519
-51.3340190236543,14.9316545404137,3077.98700900047
-51.0034671021874,15.2844296795015,3090.32
-50.6435765979408,15.6666200688419,3103.14955388861
-50.2635775011672,16.0679825394168,3116.04247592231
-49.8824048692129,16.4682932281375,3128.32235675033
-49.4779667806554,16.89048543917,3140.66
-49.0315934239208,17.3533514251266,3153.48051912725
-48.5518899715334,17.8470873501558,3166.3623986169
-48.0597750449916,18.349555270893,3178.6481624524
-47.5241791396711,18.891687225005,3190.99
-46.2275337985636,20.1832522230924,3216.69183982688
-45.4802977837059,20.9138133140822,3228.97873402073
-44.593304612978,21.767672056623,3241.32
-41.6681739497176,24.4781794202851,3266.37483646147
-39.642234115098,26.2585067969435,3271.11273107075
-37.5537365742121,28.0095332284051,3266.37483646147
-34.3010635826287,30.5661942244878,3241.32
-33.2546729612166,31.3449201919404,3228.97873402073
-32.3500987072901,32.0011481737046,3216.69183982688
-30.7284770410577,33.1386384295642,3190.99
-30.0387833958914,33.6074532625144,3178.6481624524
-29.3945567197649,34.0373849258302,3166.3623986169
-28.7567071584389,34.4555331264557,3153.48051912725
-28.1542830354208,34.8436379673888,3140.66
-27.6009442252856,35.1943314600443,3128.32235675033
-27.0728149328193,35.5239198344096,3116.04247592231
-26.5398390167239,35.8514959952492,3103.14955388861
-26.0290414579549,36.1607306175344,3090.32
-25.5546668092239,36.4438188348068,3077.98700900047
-25.0973901697231,36.7129983752744,3065.71352997519
-24.6315432164053,36.9835111722225,3052.81908434385
-24.1816778543244,37.2412150049544,3039.99
-23.7613252034162,37.478902789981,3027.66381416945
-23.3538500603564,37.7064622089892,3015.39890143113
-22.9360075445294,37.936921962279,3002.49571543133
-22.5306663159154,38.1577110082882,2989.66
-22.1507108610765,38.362207995125,2977.33921702579
-21.7810983775284,38.5588657260585,2965.08152815299
-21.5894016407336,38.6599831648726,2958.61750086836
-21.4003553705118,38.7591181190691,2952.17095087527
-21.0299115049758,38.9517020251649,2939.33
-20.6819926696347,39.1305670303974,2927.01472392131
-20.3427434438457,39.3031135566237,2914.76441081194
-20.1662637779087,39.392150529697,2908.29632769777
-19.9920385911468,39.4795668864869,2901.84628168333
-19.8200105289564,39.565411344382,2895.41419742546
-19.7348031129635,39.6077587626591,2892.20486752515
-19.6923981442515,39.6287912414624,2890.60187654757
-19.6712449878032,39.6392724757883,2889.80079904268
-19.6606806973928,39.6445043790976,2889.40036472264
-19.6554016186485,39.6471181569411,2889.20017366278
-19.6527628452067,39.6484245029901,2889.1000846569
-19.6501245821253,39.6497304873443,2889
-19.451935358396,39.7475261448559,2879.33733150893
-19.2552655991278,39.8439661318936,2869.68099414036
-18.8663934786304,40.0328876598954,2850.3872878975
-18.6459334365379,40.138953778819,2839.33
-18.2410143532244,40.331822142154,2818.79348811137
-17.8424096264731,40.5192409643669,2798.28585062775
-17.6766177834162,40.5964851755559,2789.67
-17.462830195923,40.6954793392584,2778.48457336147
-17.2508181301146,40.7929733627255,2767.30765889383
-17.040554056405,40.888999472788,2756.13924688407
-16.8320112141386,40.9835889214109,2744.97932763395
-16.7394612961997,41.0253601988855,2740
-16.328686635539,41.2092304111564,2717.68249439006
-16.1262400134467,41.2989359620223,2706.54938086619
-15.9257105200202,41.3872007117935,2695.43330787115
-15.8372239768309,41.4259622745513,2690.5
-15.6160617185328,41.5223446320483,2678.09389820886
-15.3971845917861,41.6170333603762,2665.70856565713
-15.1805520980042,41.7100704559638,2653.34395023328
-14.9661249478141,41.8014964835512,2641
-14.8333605711547,41.8577737958991,2633.30425228385
-14.5426698688105,41.9801170131328,2616.31173760945
-14.3323737926434,42.067876742481,2603.89554466347
-14.1241733185909,42.1541464160664,2591.5
-13.9445879519836,42.2280691268096,2580.72498936814
-13.8553716230904,42.2646250122681,2575.34325459725
-13.8109063508234,42.2828027940558,2572.65382804564
-13.7887092898392,42.2918667935641,2571.3094747533
-13.7776196347495,42.2963925889568,2570.63738807489
-13.7720770237635,42.2986539378659,2570.30136722411
-13.7665358896135,42.3009142551253,2569.96536136428
-13.536816970338,42.3942432752116,2555.96968856544
-13.309617446541,42.4858267427047,2542
-12.9114746778024,42.6445950437221,2517.20988262419
-12.520877700396,42.7982377758052,2492.5
-12.3281671661917,42.8732738524302,2480.16420665138
-12.1372581685758,42.9471110762257,2467.84827539613
-11.7565441828493,43.0928878973442,2443
-11.569213914784,43.1639018264943,2430.63099049315
-11.3836016553137,43.233801302211,2418.28166823218
-11.29893268859,43.2655340084698,2412.61714179685
-11.2146183644238,43.2970389690228,2406.95675270202
-11.1306563268417,43.3283184092082,2401.3004964165
-11.0888066831449,43.3438742477551,2398.47391666304
-11.0470442388031,43.3593745276516,2395.64836841572
-11.0153387166973,43.3711267164258,2393.5
-10.7011976519434,43.4868506150355,2372.0612614952
-10.2960960463983,43.6341670613788,2344
-9.94572561525644,43.759852064132,2319.34536379588
-9.882294642015,43.7824355707245,2314.84316635167
-9.73951340791972,43.8330798316209,2304.66492071891
-9.59776908777344,43.883095893157,2294.5
-9.25560606584939,44.0027671244978,2269.71064065429
-8.91939533278831,44.1188975226634,2245
-8.74496971233829,44.1785791336474,2232.04013039989
-8.58866741499689,44.2317321742931,2220.34447117778
-8.42366313516601,44.2875096594898,2207.91232549126
-8.26008197189837,44.3424676957833,2195.5
-7.94459396978688,44.4475139640859,2171.31202186828
-7.63433029212987,44.5496095580294,2147.19913328747
-7.61900994208405,44.5546198927534,2146
-7.32916115496563,44.6488639988807,2123.16098513565
-6.99542108835158,44.7560964852839,2096.5
-6.69170631694325,44.852495237598,2071.89234040359
-6.55088081636256,44.8968113312857,2060.36870830591
-6.38861350156942,44.9475761112304,2047
-6.09081910288205,45.0399108511522,2022.2100063482
-5.94376888650008,45.0851111043429,2009.84502897631
-5.79793004430594,45.1296823854654,1997.5
-5.7256757082653,45.1516703043238,1991.35328510815
-5.65371830062159,45.1735057724348,1985.21157586195
-5.58205602249943,45.1951901822855,1979.07486614926
-5.51068709064141,45.2167249101452,1972.94314986794
-5.50272154144724,45.2191246523209,1972.25753325194
-5.49475963854896,45.2215225403263,1971.5719790383
-5.35822808452346,45.2625243305212,1959.77676083581
-5.22276454982851,45.3029864063795,1948
-5.08098222911403,45.3451028374461,1935.59437804998
-4.94036107131957,45.3866395293794,1923.2092043829
-4.80088717136459,45.4276069413369,1910.84442848281
-4.66254685968136,45.4680152934411,1898.5
-4.52588123988942,45.5077139355546,1886.22570701501
-4.3903203543495,45.5468756629103,1873.9718514899
-4.25296906030849,45.5863357418559,1861.47531612652
-4.18471634584914,45.6058625053918,1855.23500903794
-4.11674335325539,45.6252553746485,1849
-4.11327531548312,45.6262433746149,1848.68134029567
-4.10980800554077,45.6272310275209,1848.36269448377
-3.97974385936992,45.6641785904584,1836.37139519048
-3.85070010006969,45.7006424933951,1824.39975341869
-3.58485522392479,45.7751557427793,1799.5
-3.45674465875777,45.8107729555223,1787.3853461322
-3.32964780201418,45.8459220881196,1775.29117016255
-3.19748389472223,45.8822762333386,1762.63439076853
-3.06640822494585,45.9181338225139,1750
-3.05043808484267,45.9224892781692,1748.45502649824
-2.81417897694548,45.986583751136,1725.4548124004
-2.56096364371206,46.0545746885747,1700.5
-2.44146371273852,46.0864097226901,1688.61198033775
-2.32288819440782,46.1178392671397,1676.74440637374
-2.19496089162797,46.151570103927,1663.8601754062
-2.06810201365866,46.1848377026938,1651
-2.02462964535198,46.1961964256459,1646.57372505332
-1.82856174856866,46.2471634702843,1626.48639000535
-1.58743007609297,46.3092564792969,1601.5
-1.48056965736968,46.3365669194928,1590.32581136295
-1.37448570095587,46.3635535999062,1579.170417641
-1.24596229384524,46.3960817008758,1565.57126913744
-1.11857075072948,46.4281432008176,1552
-1.03299230478127,46.4495808027146,1542.83118695309
-0.891186935065974,46.484925916714,1527.54507831142
-0.6611739645369,46.5417873625213,1502.5
-0.570223131342743,46.5641114553701,1492.51001140198
-0.479866247632458,46.5862002666865,1482.53582354711
-0.346746761339347,46.6185806710617,1467.75058586692
-0.214907723287553,46.6504594942106,1453
-0.0773687317765734,46.6835153713409,1437.49595584382
0.00171320093977556,46.7024289318314,1428.52728207025
0.111580497429998,46.7285929302619,1416.00091043435
0.220549985336518,46.7544143139662,1403.5
0.318615661072172,46.7775424541413,1392.1836683677
0.415951151451068,46.8003959973829,1380.88870621486
0.5125641113912,46.8229791845878,1369.61505306817
0.60846208922338,46.8452961753436,1358.36264868231
0.645500151372232,46.8538891344369,1354
0.796993750522674,46.8888833308492,1336.05757999491
0.863319063966927,46.9041269109298,1328.15206802809
0.929297486929627,46.9192441860924,1320.25731532995
0.994931569187969,46.934236519459,1312.37329995064
1.06022383570595,46.9491052558896,1304.5
1.16114278576036,46.9719979029037,1292.27046329956
1.21129434255769,46.9833341314682,1286.16558487831
1.26124217392262,46.9945977795933,1280.0672855322
1.2661934921629,46.9957129011251,1279.46176837359
1.27114281208723,46.99682731281,1278.85631604003
1.29554333597993,47.0023176510821,1275.86876266185
1.31989533662936,47.0077907798014,1272.88278717215
1.36845430628468,47.0186856890364,1266.91556486065
1.41682080263219,47.0295126001944,1260.95463912357
1.46499589584202,47.0402720665163,1255
1.48223571193533,47.0441164605864,1252.86486936871
1.53409159001274,47.0556611381779,1246.42905929664
1.55993548390663,47.061404163413,1243.21398312205
1.58572357262776,47.0671277611864,1240.00079064521
1.6114560251295,47.0728320173362,1236.78948021112
1.63713300969036,47.078517017229,1233.58005016674
1.64995075416812,47.0813523226882,1231.97603977464
1.6627546944607,47.0841828458837,1230.37249886094
1.6755448514147,47.0870085973553,1228.76942721957
1.68193476767674,47.0884196869878,1227.96806731163
1.68832124590277,47.0898295876287,1227.16682464455
1.77451125119838,47.1088151815532,1216.32268603573
1.86007703384333,47.1275859800086,1205.5
1.95770097696624,47.1489080845679,1193.08182241803
2.05450893773327,47.1699532574909,1180.69249676883
2.15051043562735,47.1907261854684,1168.33192261882
2.24571484452929,47.211231457059,1156
2.43193647669014,47.2510666664968,1131.66158906888
2.52744847523462,47.2713577610001,1119.06540313811
2.62214472803159,47.2913819195268,1106.5
2.71349113935362,47.3106095140385,1094.30565081738
2.80407460051032,47.3295910876785,1082.1409665081
2.89723367645738,47.3490237683467,1069.5546440837
2.98959120923787,47.3682006798006,1057
3.07864525957028,47.3866082666728,1044.82116506304
3.16694922064883,47.4047800717833,1032.67290433428
3.25800613621563,47.4234343174478,1020.07004160769
3.34827083229004,47.4418421181468,1007.5
3.43518231746057,47.4594870298417,995.323620858176
3.52135465341456,47.4769053970338,983.178802118096
3.6102630989604,47.4947971084952,970.572443581608
3.69839003015375,47.5124517553418,958
3.74084550710229,47.5209286231143,951.91554374812
3.7831179002404,47.5293506523048,945.839249902263
3.86711777447647,47.5460320466423,933.711083816563
3.91066552212661,47.5546518142929,927.395103104456
3.95401861246009,47.5632138681091,921.087941193903
4.04014560036603,47.5801668507682,908.5
4.08153363238895,47.5882867204555,902.423247724747
4.1227410631179,47.5963538703961,896.354941210249
4.20461844471401,47.6123317999507,884.243595131338
4.24718268799185,47.6206111212887,877.918955197763
4.28955387372622,47.6288346544664,871.60348931928
4.37372187400126,47.6451163205809,859
4.41419687202557,47.6529203819334,852.91138122816
4.45449305787619,47.660673513227,846.831503704974
4.53455332082457,47.6760287245216,834.697897215213
4.57602370177025,47.6839571260299,828.384305116467
4.61730432453535,47.6918320210193,822.080138932514
4.69930104949874,47.7074231803164,809.5
4.77786458355362,47.7222980328776,797.373209296456
4.81688356885519,47.7296626286375,791.323321138095
4.85572879362385,47.7369792258521,785.282411049003
4.93676905543977,47.7521945708141,772.621532191134
4.97700648566801,47.7597246758247,766.3058592348
4.99705505297996,47.7634705390373,763.151704332378
5.01705705370921,47.7672036855868,760
5.09512595923292,47.7817359984256,747.624980525305
5.15462768274567,47.7927710958833,738.10585056905
5.2131860723542,47.8035966605926,728.662576868828
5.27082137953425,47.8142181041023,719.29425629553
5.3275533027174,47.8246406612255,710
5.3645875862337,47.8314271175853,703.893262828064
5.40124075735669,47.838130264435,697.818265601651
5.40186429263609,47.8382441809271,697.714649662011
5.47342473885973,47.8512921410006,685.762506287605
5.47464635574134,47.8515144413266,685.557420936635
5.50957075125397,47.8578634248758,679.679239165515
5.54414704432038,47.8641371639839,673.830777988988
5.56460070976242,47.867842804541,670.357470241551
5.58493325999585,47.8715223774235,666.894602614602
5.60514566771087,47.8751761329956,663.442128107172
5.61520712167368,47.87699340711,661.719773662561
5.62523890025157,47.8788043194,660
5.69316652503248,47.8910401373147,647.44308825296
5.69687246784402,47.8917063710746,646.754516626808
5.75980720228972,47.9029996091664,635.004994961893
5.76707535592301,47.9043013012673,633.641205778202
5.8251937718686,47.9146911902676,622.6840416075
5.83588603552209,47.9165990098187,620.658098913648
5.88935801446496,47.9261230101317,610.478581138349
5.89186164028695,47.9265682417401,610
5.90334167156746,47.9286089950255,607.803266391352
5.95233069402127,47.937302887737,598.386997236882
5.95540202595794,47.9378471538566,597.794365946859
6.01775898533798,47.9488771562815,585.703166460287
6.07896228024802,47.9596657083779,573.724799718285
6.14839547541008,47.9718601765629,560
6.18256057326192,47.9778430820325,553.192741540924
6.20949867673671,47.982552295203,547.800018114301
6.22459357596433,47.985187997354,544.768301784382
6.23961703777196,47.9878089952455,541.743844590016
6.25456951896447,47.990415400659,538.726620490491
6.2694514726432,47.9930073242994,535.716603569497
6.27555138190378,47.994069087745,534.480806121155
6.27859690171881,47.9945990603173,533.863362308618
6.28011855460986,47.9948638197275,533.554754032585
6.28163947012904,47.9951284280431,533.246221472873
6.28845238209959,47.9963134562464,531.863248856533
6.29525051202039,47.9974954575144,530.481796516729
6.29864404737263,47.9980853263632,529.791639667362
6.30203390346153,47.9986744424294,529.101861948018
6.30542008568247,47.9992628070241,528.412463046378
6.30711180078848,47.9995567079308,528.067905554689
6.30795731463304,47.9997035881076,527.895662281578
6.30880259944954,47.9998504214604,527.723442650462
6.32483296185241,48.0026337033277,524.453026404614
6.32828295325265,48.0032323793835,523.748093657487
6.36743466214821,48.0100181546781,515.721110339925
6.39519086054615,48.0148197214807,510
6.43749112834544,48.0221227033792,501.231837635871
6.48747237581432,48.0307291044576,490.793867695779
6.53663572989466,48.0391707246394,480.443297181012
6.58499918205992,48.0474518405317,470.179032946135
6.63258022472208,48.0555765888127,460
6.65530337676353,48.059448869259,455.110153799645
6.67784959492576,48.0632859951325,450.239855181777
6.70022073570854,48.0670884005579,445.388987165494
6.72241863098661,48.0708565128768,440.55743370145
6.74444508840607,48.0745907527754,435.745079662605
6.76630189177395,48.0782915344105,430.951810835079
6.78799080143972,48.0819592655315,426.177513909115
6.80951355466991,48.0855943476001,421.42207647015
6.82244498540754,48.0877762199414,418.556340878194
6.83531669372829,48.0899463910501,415.697432495386
6.84812905150727,48.0921049463836,412.845326953464
6.85451309022598,48.0931798947706,411.421817664446
6.86088242943364,48.0942519709018,410
6.90650846168492,48.1019200698901,399.307878836069
6.95144380187095,48.1094522060263,388.697138499809
6.99570249272551,48.1168516450725,378.166853394176
7.03929821743503,48.1241215539804,367.716111905669
7.07127752081317,48.1294425504033,360
7.08224435692325,48.1312650121553,357.344016141245
7.11158341883893,48.1361347944734,350.213610508655
7.12455386627943,48.13828499255,347.049681671167
7.15132432046722,48.1427177273253,340.49665633665
7.19051081341357,48.1491937608461,330.84840112145
7.22915332390204,48.155565254398,321.268118876023
7.27426430919886,48.1629849070915,310
7.31313218323245,48.1693618480486,300.217481876511
7.35144924230599,48.1756340439206,290.505624974055
7.38922596084559,48.1818038257807,280.863666446062
7.42647256268003,48.1878734593164,271.290854387338
7.47007397156932,48.1949615518239,260
7.50754857757286,48.2010388983716,250.221496159884
7.54448605955132,48.2070158120007,240.514923480173
7.58089674148114,48.2128945409362,230.879491175603
7.61679069784839,48.2186772699703,221.314420010072
7.63794875613198,48.2220801136833,215.644922069009
7.65892868692973,48.2254500300213,210
7.67898675796944,48.2286678886502,204.581591531031
7.69899606308205,48.2318740452302,199.16578174378
7.73886903828603,48.2382514751968,188.341950740003
7.76031811145333,48.2416757595974,182.501932901358
7.78171110174097,48.2450866609613,176.664936727765
7.82432965317706,48.2518685885704,165
7.83358381293246,48.2533388926501,162.460614540196
7.869767040583,48.2590797585769,152.509498489537
7.90578968643477,48.2647825926099,142.567164179106
7.92720896631899,48.268167595708,136.638571687629
7.95720011407288,48.2728998206826,128.316210957766
7.98708014626393,48.2776058880647,120
8.01509962374192,48.2820111017004,112.178010498598
8.05579239906083,48.2883953370443,100.775120697231
8.07651580111204,48.2916404747184,94.9483509011809
8.09717298887868,48.2948711285354,89.126912393105
8.11776425461164,48.29808738466,83.3107978594423
8.13828988890597,48.3012893286197,77.5
8.15694443126915,48.3041958712808,72.2074135776759
8.17554488898055,48.3070906543456,66.9192339716901
8.19409147864313,48.3099737412489,61.6354556803995
8.21258441574643,48.3128451950002,56.3560732113143
8.23127106221794,48.3157433874645,51.0103056534594
8.2499030482806,48.3186297613633,45.6690413893526
8.26848059476205,48.3215043809623,40.3322747310044
8.27774902218437,48.3229373029144,37.6655762291114
8.28237816137823,48.3236526703997,36.332647874741
8.28469146383438,48.3240100812021,35.6662888829499
8.28700392209491,48.3243673102087,35
8.29240631458893,48.3252016727334,33.125
8.29780561254866,48.3260352772991,31.25
8.30859493538563,48.3277002161746,27.5
8.31937191161701,48.3293621340646,23.75
8.32475577630871,48.3301919623932,21.875
8.32744655394352,48.3306065942969,20.9375
8.32879165422622,48.3308138397328,20.46875
8.33013656220682,48.3310210381766,20
8.33696966988832,48.3320734883193,17.3283812080545
8.3437972077586,48.3331246330029,14.6567624161089
8.35315229730453,48.3345641845763,10.9925718120812
8.3556846454441,48.3349537152709,10
8.36249693967697,48.3360012901467,7.32838120805445
8.37183115222315,48.3374359552847,3.66419060402677
8.37649435272186,48.3381523744279,1.83209530201384
8.37882497747304,48.3385103559464,0.916047651006011
8.37999004609219,48.3386892897302,0.458023825503005
8.38115495225195,48.3388681855448,0
