152.96,-4.31,28
152.956888847559,-4.30432352199229,31.25
152.9550924864,-4.30104591258932,33.125
152.953295051688,-4.29776631195674,35
152.952525445853,-4.29636207869482,35.6662888829499
152.95175555088,-4.29495731192131,36.332647874741
152.95021489291,-4.29214617670812,37.6655762291114
152.947130100596,-4.28651749166761,40.3322747310044
152.94094657611,-4.27523439936865,45.6690413893526
152.934744398954,-4.26391688794237,51.0103056534594
152.928523489663,-4.25256480990801,56.3560732113143
152.922366536911,-4.2413290628947,61.6354556803995
152.916191189936,-4.23005937119554,66.9192339716901
152.909997371101,-4.21875559073344,72.2074135776759
152.903785002339,-4.20741757663261,77.5
152.89694889269,-4.19494075270623,83.3107978594423
152.890090263073,-4.18242236645058,89.126912393105
152.883209008624,-4.16986222326936,94.9483509011809
152.876305023833,-4.15726012737578,100.775120697231
152.862746289504,-4.13250952727535,112.178010498598
152.853408745001,-4.11546340536831,120
152.843449796302,-4.09728195692794,128.316210957766
152.833452387864,-4.07902933939356,136.638571687629
152.826311494443,-4.06599137724027,142.567164179106
152.814300385814,-4.04406020240793,152.509498489537
152.802233637921,-4.0220260617365,162.460614540196
152.799147128857,-4.01638980969023,165
152.784930919439,-3.99042853844055,176.664936727765
152.777793780585,-3.97739416948933,182.501932901358
152.770637184171,-3.96432378988992,188.341950740003
152.757331360921,-3.94002156904029,199.16578174378
152.750653168992,-3.92782367012794,204.581591531031
152.743958041311,-3.91559442623513,210
152.736954472991,-3.90280134876351,215.644922069009
152.729890677527,-3.8898978036133,221.314420010072
152.717905417957,-3.86800310515065,230.879491175603
152.705745347822,-3.84578773362561,240.514923480173
152.693406994061,-3.82324529349507,250.221496159884
152.680886795367,-3.80036922626071,260
152.666316551184,-3.77374569838043,271.290854387338
152.653867241418,-3.75099616876763,280.863666446062
152.641238243717,-3.72791689169475,290.505624974055
152.62842602177,-3.70450135291079,300.217481876511
152.61542695016,-3.68074287360295,310
152.600336526907,-3.65316019238033,321.268118876023
152.587407013659,-3.62952573011701,330.84840112145
152.574292733215,-3.6055520714546,340.49665633665
152.565332044016,-3.58917058045786,347.049681671167
152.560990066945,-3.58123254864377,350.213610508655
152.551167413119,-3.56327412342395,357.344016141245
152.547495336469,-3.55656038301953,360
152.536786299599,-3.53698016891564,367.716111905669
152.52218419699,-3.51028041152475,378.166853394176
152.507356448097,-3.48316626801796,388.697138499809
152.492298286076,-3.45562895236279,399.307878836069
152.477004814774,-3.42765943972171,410
152.474869312859,-3.4237537705144,411.421817664446
152.472728805355,-3.41983890973927,412.845326953464
152.468432710263,-3.41198149681153,415.697432495386
152.464116400442,-3.40408696315564,418.556340878194
152.459779746371,-3.39615507012019,421.42207647015
152.452561220186,-3.38295179959149,426.177513909115
152.445286071954,-3.36964454457903,430.951810835079
152.437953696015,-3.35623218904144,435.745079662605
152.430563478408,-3.34271360161767,440.55743370145
152.423114796737,-3.32908763536863,445.388987165494
152.415607020023,-3.3153531275135,450.239855181777
152.408039508561,-3.30150889916076,455.110153799645
152.400411613768,-3.28755375503381,460
152.384435966243,-3.25832504358393,470.179032946135
152.368193090017,-3.22860541635256,480.443297181012
152.351676861571,-3.19838358709624,490.793867695779
152.334880976741,-3.1676479361295,501.231837635871
152.3206623666,-3.14162693267683,510
152.311330594276,-3.12454835703903,515.721110339925
152.298164975957,-3.10045216968981,523.748093657487
152.29700469361,-3.09832851866252,524.453026404614
152.291613135714,-3.08846028582289,527.723442650462
152.291328823251,-3.08793989946953,527.895662281578
152.291044432316,-3.08741936890139,528.067905554689
152.290475414915,-3.08637787490487,528.412463046378
152.289336437166,-3.08429315395234,529.101861948018
152.28819620056,-3.08220611945471,529.791639667362
152.287054703201,-3.08011676791238,530.481796516729
152.284767918677,-3.0759310997883,531.863248856533
152.282476068265,-3.07173612132078,533.246221472873
152.281964422447,-3.07079960511813,533.554754032585
152.281452523903,-3.06986262443807,533.863362308618
152.280427967963,-3.06798726840092,534.480806121155
152.278375815919,-3.06423096885618,535.716603569497
152.273368863515,-3.05506601747006,538.726620490491
152.268337731398,-3.04585662536788,541.743844590016
152.263282259974,-3.03660249833401,544.768301784382
152.258202288294,-3.0273033396566,547.800018114301
152.249135505278,-3.01070565512198,553.192741540924
152.237634144617,-2.98965038868137,560
152.214252744404,-2.94684376186642,573.724799718285
152.193634502928,-2.90909278080328,585.703166460287
152.172619626508,-2.87061259243177,597.794365946859
152.17158434979,-2.86871682743463,598.386997236882
152.155068589616,-2.83847273214172,607.803266391352
152.151197578128,-2.83138377009251,610
152.150353330755,-2.82983769127481,610.478581138349
152.13231890164,-2.79680993003482,620.658098913648
152.128712011364,-2.79020411239753,622.6840416075
152.10910231617,-2.75428856639532,633.641205778202
152.106649468789,-2.74979595196832,635.004994961893
152.085405622227,-2.71088428357778,646.754516626808
152.084154403838,-2.70859237717268,647.44308825296
152.061215124452,-2.66657183089906,660
152.057825596529,-2.66036255746975,661.719773662561
152.054425820501,-2.65413443838876,663.442128107172
152.047595355312,-2.64162135205331,666.894602614602
152.040723384225,-2.62903193658838,670.357470241551
152.033809560451,-2.6163655527382,673.830777988988
152.02211985398,-2.5949489051407,679.679239165515
152.01030977275,-2.57331087318296,685.557420936635
152.009896620125,-2.57255389358156,685.762506287605
151.985688972971,-2.52819877059852,697.714649662011
151.98547799165,-2.52781217890875,697.818265601651
151.973074381033,-2.50508395550748,703.893262828064
151.960538735505,-2.48211287229957,710
151.941329683653,-2.44691125482408,719.29425629553
151.921807280266,-2.41113322860011,728.662576868828
151.901964451197,-2.3747657549398,738.10585056905
151.881793914256,-2.33779541212527,747.624980525305
151.855316881251,-2.28926257558145,760
151.848530955197,-2.27682325063241,763.151704332378
151.841728332864,-2.26435307205433,766.3058592348
151.828072765119,-2.23931972273407,772.621532191134
151.800558677604,-2.18887800015009,785.282411049003
151.787365011967,-2.16468859427623,791.323321138095
151.774108872777,-2.14038375569973,797.373209296456
151.74740748117,-2.09142466675637,809.5
151.719524110025,-2.04029458117744,822.080138932514
151.70548055267,-2.01454131507027,828.384305116467
151.691368449382,-1.98866140636446,834.697897215213
151.66411308647,-1.93867570364004,846.831503704974
151.650389134061,-1.91350500459258,852.91138122816
151.636600423477,-1.88821467988139,859
151.607914275155,-1.83559778206515,871.60348931928
151.593466931879,-1.80909672671334,877.918955197763
151.578949430532,-1.78246608323099,884.243595131338
151.551011022964,-1.73121389230613,896.354941210249
151.536943981548,-1.70540710593186,902.423247724747
151.522811130985,-1.67947878844789,908.5
151.493387765127,-1.62549576515813,921.087941193903
151.478570255702,-1.59830883166724,927.395103104456
151.463681544533,-1.57099042561558,933.711083816563
151.434949206659,-1.51826886941853,945.839249902263
151.420483189254,-1.49172375309663,951.91554374812
151.40595001225,-1.46505465832039,958
151.375768292664,-1.40966740358686,970.572443581608
151.345298982142,-1.35374931395312,983.178802118096
151.315748090959,-1.29951390117395,995.323620858176
151.285924378343,-1.24477506142464,1007.5
151.254929289829,-1.18788349861894,1020.07004160769
151.223640617444,-1.13045033361102,1032.67290433428
151.193277073111,-1.07471282828341,1044.82116506304
151.162634675146,-1.01846107109851,1057
151.130833218615,-0.960079190307797,1069.5546440837
151.098732517222,-0.90114562698014,1082.1409665081
151.067496756277,-0.843797901372377,1094.30565081738
151.035975206992,-0.78592351082415,1106.5
151.003273458218,-0.725880298395626,1119.06540313811
150.970264813053,-0.665271741627117,1131.66158906888
150.9058337013,-0.546962293580816,1156
150.872855861518,-0.486405706291873,1168.33192261882
150.839575681131,-0.425292672031246,1180.69249676883
150.805989043847,-0.363615758971206,1193.08182241803
150.772091755759,-0.301367400837567,1205.5
150.742358419273,-0.246764968796822,1216.32268603573
150.71238637329,-0.191723648981922,1227.16682464455
150.710164639968,-0.187643591777801,1227.96806731163
150.707941589528,-0.183561113592478,1228.76942721957
150.703491532678,-0.175388885973483,1230.37249886094
150.699036193418,-0.16720694936059,1231.97603977464
150.694575562431,-0.159015286993888,1233.58005016674
150.685638388072,-0.14260271811444,1236.78948021112
150.676679934399,-0.126151044121838,1240.00079064521
150.667700126032,-0.10966012952039,1243.21398312205
150.658698887223,-0.0931298381788149,1246.42905929664
150.640631814976,-0.0599505804074458,1252.86486936871
150.634623508963,-0.0489166210116396,1255
150.617829088956,-0.0180744730138209,1260.95463912357
150.600960874771,0.0129032065359157,1266.91556486065
150.584018382038,0.0440172863827682,1272.88278717215
150.575519128035,0.0596257510867472,1275.86876266185
150.56700112075,0.0752686450787262,1278.85631604003
150.565273134608,0.078442003644208,1279.46176837359
150.563544375701,0.0816167808015363,1280.0672855322
150.54610082212,0.113650937211587,1286.16558487831
150.528578398817,0.145829851487298,1292.27046329956
150.49329481436,0.21062576384213,1304.5
150.470450267337,0.252577908705255,1312.37329995064
150.447472689921,0.294774039220441,1320.25731532995
150.424360918856,0.337216233090599,1328.15206802809
150.401113776691,0.379906592121515,1336.05757999491
150.347962510601,0.477510085758138,1354
150.334956593183,0.501392838486103,1358.36264868231
150.301261465516,0.563266212531384,1369.61505306817
150.267284968135,0.625654729578675,1380.88870621486
150.233023549653,0.688564700445265,1392.1836683677
150.198473595793,0.752002541755967,1403.5
150.160044692615,0.822560102306525,1416.00091043435
150.121259029109,0.893769788603,1428.52728207025
150.093316171695,0.945070353836232,1437.49595584382
150.04466755524,1.0343806170257,1453
149.997974346119,1.12009567522046,1467.75058586692
149.950766764937,1.20674911509583,1482.53582354711
149.91868874705,1.26562739381204,1492.51001140198
149.886370945547,1.32494268370162,1502.5
149.804509079615,1.47517499031507,1527.54507831142
149.753945990703,1.56795651945358,1542.83118695309
149.723396338187,1.62400953959259,1552
149.677870808222,1.70753389080472,1565.57126913744
149.631880292866,1.79190287128413,1579.170417641
149.593873295235,1.86161947791236,1590.32581136295
149.55554556961,1.93191798545435,1601.5
149.468900131134,2.09081305774183,1626.48639000535
149.398283416433,2.22028659554444,1646.57372505332
149.382606069685,2.24902703983201,1651
149.336815091643,2.33296569199859,1663.8601754062
149.290574470158,2.41771689954628,1676.74440637374
149.247656280249,2.49636778461752,1688.61198033775
149.204346711291,2.57572494086939,1700.5
149.112385096042,2.74419031038451,1725.4548124004
149.026345007277,2.90175866895326,1748.45502649824
149.020520719543,2.91242310733011,1750
148.972677398707,3.00001674680435,1762.63439076853
148.924363840515,3.08845495571928,1775.29117016255
148.877832822441,3.17361422677526,1787.3853461322
148.83086087126,3.25956412301169,1799.5
148.733162253923,3.43827980355121,1824.39975341869
148.68562707715,3.52520618539803,1836.37139519048
148.637641582928,3.61293711830216,1848.36269448377
148.636361334964,3.61527750558468,1848.68134029567
148.63508076467,3.61761846822256,1849
148.60997095244,3.66351795758889,1855.23500903794
148.58473699721,3.7096389241536,1861.47531612652
148.533892776338,3.80255178300269,1873.9718514899
148.48362741324,3.89438421997191,1886.22570701501
148.432867296665,3.98709718284292,1898.5
148.381397363724,4.08108208369325,1910.84442848281
148.329415461955,4.17597619160798,1923.2092043829
148.276913457574,4.27179299006792,1935.59437804998
148.223883028823,4.36854624627115,1948
148.173126199473,4.46112449625088,1959.77676083581
148.121879626494,4.55456880471255,1971.5719790383
148.118888366987,4.56002228719847,1972.25753325194
148.115895428795,4.56547873490768,1972.94314986794
148.089065794545,4.61438776563063,1979.07486614926
148.062100811489,4.66353572564472,1985.21157586195
148.034999385335,4.7129244092013,1991.35328510815
148.007760408918,4.76255562970019,1997.5
147.952702025971,4.86285042354587,2009.84502897631
147.897078564577,4.96413970456312,2022.2100063482
147.784098854878,5.16976283689753,2047
147.722345077474,5.28209027482593,2060.36870830591
147.668640543058,5.3797384736406,2071.89234040359
147.552462373034,5.59085515719396,2096.5
147.424230493583,5.82367215951802,2123.16098513565
147.312370772956,6.02658316801477,2146
147.306445382201,6.03732687888495,2147.19913328747
147.186163854221,6.25530999280202,2171.31202186828
147.063298510555,6.47775987566319,2195.5
146.999367336475,6.59341968804306,2207.91232549126
146.934722111004,6.71030818290706,2220.34447117778
146.873338483272,6.82123948144043,2232.04013039989
146.804666093812,6.94527279020382,2245
146.671781293473,7.18506914155863,2269.71064065429
146.535833358329,7.43009186716116,2294.5
146.479302196756,7.53188757792269,2304.66492071891
146.422229498457,7.63460259099395,2314.84316635167
146.396833293341,7.68029048409491,2319.34536379588
146.256088531784,7.93328414728649,2344
146.0923603822,8.22713986175662,2372.0612614952
145.964643024194,8.45601697540745,2393.5
145.951715754849,8.4791661048994,2395.64836841572
145.934677535786,8.5096718870045,2398.47391666304
145.917591798454,8.5402571228934,2401.3004964165
145.883276879584,8.60166728422323,2406.95675270202
145.848769196555,8.66339927900017,2412.61714179685
145.8140669248,8.72545582648812,2418.28166823218
145.737817638697,8.86172534674564,2430.63099049315
145.660617282516,8.99957596579931,2443
145.502951112431,9.2807302513028,2467.84827539613
145.423494617488,9.42222323939179,2480.16420665138
145.343016826943,9.56539865838,2492.5
145.179050179747,9.8566743289878,2517.20988262419
145.010722173476,10.1550810121715,2542
144.914115087579,10.3260544521227,2555.96968856544
144.816022767572,10.4994370397156,2569.96536136428
144.813651458622,10.5036256711984,2570.30136722411
144.811279272015,10.5078157217493,2570.63738807489
144.806532263607,10.5162000832168,2571.3094747533
144.797027690404,10.5329858698072,2572.65382804564
144.7779761931,10.5666258757146,2575.34325459725
144.739702784911,10.6341810523091,2580.72498936814
144.662466117107,10.7704036822996,2591.5
144.572592755215,10.9287345896239,2603.89554466347
144.48145100482,11.089100872889,2616.31173760945
144.354856012695,11.3115105656257,2633.30425228385
144.296798890574,11.4133759083669,2641
144.202711114958,11.5782799315356,2653.34395023328
144.10724980151,11.7453617593792,2665.70856565713
144.010379722459,11.9146700485888,2678.09389820886
143.91206426899,12.0862551358888,2690.5
143.872604981097,12.1550501371416,2695.43330787115
143.782917881736,12.311261059017,2706.54938086619
143.691998251452,12.4693993751973,2717.68249439006
143.506340599758,12.7916217323897,2740
143.46429032582,12.8644717461163,2744.97932763395
143.369238211778,13.0289639847685,2756.13924688407
143.27297632527,13.1952920797463,2767.30765889383
143.175476434895,13.3634921949108,2778.48457336147
143.076709295634,13.5336016192416,2789.67
142.999800311941,13.6658693503434,2798.28585062775
142.813747438865,13.9851284101298,2818.79348811137
142.623059687185,14.3112770329687,2839.33
142.518509048421,14.4896344216915,2850.3872878975
142.332810971654,14.8056025938509,2869.68099414036
142.23826308898,14.9660685510477,2879.33733150893
142.142548312004,15.128230986431,2889
142.141256590931,15.1304174890255,2889.1000846569
142.139964532387,15.1326045103802,2889.20017366278
142.137379402226,15.1369801102943,2889.40036472264
142.132205085002,15.1457375454361,2889.80079904268
142.121840185942,15.1632774090694,2890.60187654757
142.101045031628,15.1984575288037,2892.20486752515
142.059190888225,15.2692227280448,2895.41419742546
141.974407522098,15.4124006985222,2901.84628168333
141.888151584054,15.5578303654642,2908.29632769777
141.800374073352,15.7055803211661,2914.76441081194
141.630470747622,15.9908583242917,2927.01472392131
141.454592162931,16.2851737553494,2939.33
141.265455927804,16.600529757435,2952.17095087527
141.168172801527,16.7622675212535,2958.61750086836
141.068988170369,16.9268370651957,2965.08152815299
140.876187167153,17.2457768327448,2977.33921702579
140.675785039947,17.5759321981933,2989.66
140.459440887067,17.9307773909019,3002.49571543133
140.233560828252,18.2994970620338,3015.39890143113
140.010369891906,18.6620325808582,3027.66381416945
139.776977469434,19.0392073276349,3039.99
139.523495539148,19.4465839869033,3052.81908434385
139.256770806201,19.8726674074782,3065.71352997519
138.990526903021,20.2953168360403,3077.98700900047
138.709415616753,20.738643389894,3090.32
138.400763837145,21.2219041388646,3103.14955388861
138.071639701977,21.7331390330467,3116.04247592231
137.737782808332,22.2473763801935,3128.32235675033
137.378949853514,22.7951491244253,3140.66
136.9766137632,23.4031892719139,3153.48051912725
136.535590941644,24.0621629123201,3166.3623986169
136.071890056066,24.746446752269,3178.6481624524
135.550927300916,25.5046572466635,3190.99
134.180432563915,27.4452874969182,3216.69183982688
133.257735333112,28.7074288908961,3228.97873402073
131.759021072362,30.6811340439688,3241.32
130.219571752278,32.6106291537635,3245.3224982135
128.61265996176,34.5205232320424,3241.32
126.907172531972,36.4340780440535,3228.97873402073
125.779881868411,37.6365942725356,3216.69183982688
123.984513288862,39.4530530884935,3190.99
123.260967652212,40.1518901019337,3178.6481624524
122.596608934749,40.777256925261,3166.3623986169
121.946231342205,41.3746448671757,3153.48051912725
121.336569835233,41.921579640808,3140.66
120.779225040404,42.4107351028094,3128.32235675033
120.2487942191,42.8668210684859,3116.04247592231
119.714347876323,43.3172028708849,3103.14955388861
119.202452602821,43.7401113508334,3090.32
118.72699400648,44.1256193226338,3077.98700900047
118.268365535602,44.4909294016118,3065.71352997519
117.800612930765,44.8569853494743,3052.81908434385
117.348221433281,45.2048536224861,3039.99
116.924767912819,45.5250610709485,3027.66381416945
116.513501074094,45.8311215431414,3015.39890143113
116.09086961929,46.1406509738595,3002.49571543133
115.679926947642,46.4368420853242,2989.66
115.293802497172,46.7109146474488,2977.33921702579
114.917284421637,46.9742764643144,2965.08152815299
114.721638516259,47.1096243149127,2958.61750086836
114.528443620543,47.2422792194351,2952.17095087527
114.149116665373,47.4998827710488,2939.33
113.791917417487,47.7390373335976,2927.01472392131
113.442715207492,47.96967114386,2914.76441081194
113.260695485196,48.0886598548357,2908.29632769777
113.080752847539,48.2054707693488,2901.84628168333
112.902834052588,48.320171576406,2895.41419742546
112.814617570807,48.3767509984937,2892.20486752515
112.770692370917,48.4048513845013,2890.60187654757
112.748775202609,48.4188546642397,2889.80079904268
112.737827935737,48.4258446274606,2889.40036472264
112.732357126571,48.4293366963316,2889.20017366278
112.729622427426,48.4310820033829,2889.1000846569
112.726888198333,48.4328268258155,2889
112.724153781454,48.4345715834709,2889.1000846569
112.721418518766,48.4363166961286,2889.20017366278
112.715945454163,48.4398079869882,2889.40036472264
112.704989155404,48.4467948346644,2889.80079904268
112.683035778181,48.460785624153,2890.60187654757
112.638965088136,48.4888358233358,2892.20486752515
112.55016135194,48.5452126710762,2895.41419742546
112.369850239376,48.6590882285536,2901.84628168333
112.185826790612,48.774491375243,2908.29632769777
111.997956142018,48.8914615483878,2914.76441081194
111.632589674277,49.11651798811,2927.01472392131
111.251984431574,49.347594411129,2939.33
110.839980554845,49.5939160667111,2952.17095087527
110.626972666202,49.7197281091172,2958.61750086836
110.40903885963,49.8473762448181,2965.08152815299
109.983207024114,50.0936939642167,2977.33921702579
109.537515850039,50.3471642764643,2989.66
109.052867618129,50.6178410058983,3002.49571543133
108.542992815405,50.8971382658416,3015.39890143113
108.035329113622,51.1697548466205,3027.66381416945
107.500381493934,51.4512283118686,3039.99
106.914693775907,51.7527145041184,3052.81908434385
106.293171981436,52.0651641761338,3065.71352997519
105.667465634587,52.3721058459041,3077.98700900047
105.001128223609,52.6907735055167,3090.32
104.262861830604,53.0341946837712,3103.14955388861
103.46807711708,53.3928664954465,3116.04247592231
102.654043669081,53.7486841438869,3128.32235675033
101.770514220548,54.1220436243861,3140.66
100.769543437549,54.529388145313,3153.48051912725
99.6601716089032,54.9620898262997,3166.3623986169
98.4805703680881,55.4013460478399,3178.6481624524
97.1399455865701,55.8755263304556,3190.99
93.5427906346982,57.0246468799697,3216.69183982688
91.0714867459798,57.7178434501244,3228.97873402073
86.9934292529262,58.706629690033,3241.32
82.7535517278658,59.5488270583594,3245.3224982135
78.3153899842656,60.2473001173176,3241.32
73.6415718771339,60.7979943254523,3228.97873402073
70.5980506933109,61.0612975988402,3216.69183982688
65.8646691338206,61.3289346792871,3190.99
64.0057898713403,61.3881114826988,3178.6481624524
62.3270712126513,61.4196364956481,3166.3623986169
60.7114673370706,61.4304316259097,3153.48051912725
59.2232388825562,61.4234416107194,3140.66
57.8857993752393,61.4032924647037,3128.32235675033
56.6340271405762,61.3725052771951,3116.04247592231
55.3940506810425,61.3305834118653,3103.14955388861
54.2267697985964,61.2806649807167,3090.32
53.1606699715099,61.2261500255358,3077.98700900047
52.1489743675611,61.1664743787211,3065.71352997519
51.1341164383111,61.0987714234184,3052.81908434385
50.1689456240948,61.0270262906239,3039.99
49.2801116637342,60.9545461046473,3027.66381416945
48.4303652052967,60.8794460707212,3015.39890143113
47.5709771604586,60.7976566201972,3002.49571543133
46.7487626947301,60.7138471234772,2989.66
45.9881920944999,60.6314250808887,2977.33921702579
45.257664502303,60.5477765266495,2965.08152815299
44.8823803485412,60.5030803781976,2958.61750086836
44.5146772507381,60.4581427061419,2952.17095087527
43.8009939519527,60.3676626149387,2939.33
43.1389037857244,60.2798372470813,2927.01472392131
42.5008939948682,60.1916243186941,2914.76441081194
42.1719355265056,60.1447542151831,2908.29632769777
41.8491404044196,60.0978371273903,2901.84628168333
41.5323190166657,60.0508916112788,2895.41419742546
41.3760914629182,60.0274136224009,2892.20486752515
41.2985138531266,60.0156742322259,2890.60187654757
41.2598579133194,60.0098045485214,2889.80079904268
41.2405630141609,60.0068697230812,2889.40036472264
41.2309238141733,60.0054023161461,2889.20017366278
41.2261062743215,60.0046686143342,2889.1000846569
41.2212901070408,60.0039349137058,2889
40.8647407412709,59.949039128961,2879.33733150893
40.5131778343717,59.8937876730218,2869.68099414036
39.8246238698928,59.7823118351824,2850.3872878975
39.4381398118474,59.7178286243088,2839.33
38.7355485364196,59.5970379054447,2818.79348811137
38.0530515669343,59.475238165004,2798.28585062775
37.7718350199707,59.4237559818789,2789.67
37.4114990769307,59.3566729731352,2778.48457336147
37.0566945562223,59.2893848104349,2767.30765889383
36.7073014826293,59.2219154020927,2756.13924688407
36.3632031057966,59.1542875004331,2744.97932763395
36.2112683755852,59.1240512765717,2740
35.5426442812685,58.9882301650463,2717.68249439006
35.2165385413462,58.9203395349843,2706.54938086619
34.8957316330971,58.8524867127159,2695.43330787115
34.7548675717903,58.8223569620672,2690.5
34.4046503796715,58.7465533015569,2678.09389820886
34.0606505965616,58.6708438880661,2665.70856565713
33.7227087902497,58.5952492120536,2653.34395023328
33.3906707826913,58.5197884611877,2641
33.1863084267792,58.4727546833825,2633.30425228385
32.7420942282104,58.3689569206707,2616.31173760945
32.4234907033236,58.2931806857278,2603.89554466347
32.1103254412955,58.2176050589732,2591.5
31.8419992551485,58.1519814228292,2580.72498936814
31.7093131608267,58.1192325526185,2575.34325459725
31.643334758222,58.1028743213374,2572.65382804564
31.6104361498905,58.0946993133829,2571.3094747533
31.5940094234075,58.0906128433186,2570.63738807489
31.5858016957952,58.0885698676325,2570.30136722411
31.5775977219287,58.0865270651737,2569.96536136428
31.2388604537598,58.0015144064454,2555.96968856544
30.9064660030058,57.9168202889243,2542
30.3302219536357,57.7669692708651,2517.20988262419
29.7725322347179,57.6182394952175,2492.5
29.5001355245286,57.5442518912865,2480.16420665138
29.2320623969795,57.4705692663902,2467.84827539613
28.7026982544484,57.3225083656506,2443
28.4447590022336,57.2491194876178,2430.63099049315
28.1908183918911,57.1760634931846,2418.28166823218
28.0755175055438,57.1426274053618,2412.61714179685
27.9610322530229,57.1092631358319,2406.95675270202
27.8473541955081,57.0759711505837,2401.3004964165
27.7908152548443,57.0593524038743,2398.47391666304
27.734474999747,57.0427518945224,2395.64836841572
27.6917560598846,57.030138103376,2393.5
27.2709932147944,56.9046576952108,2372.0612614952
26.7350366405217,56.7415298860767,2344
26.2774373715301,56.5992877043427,2319.34536379588
26.1951770002592,56.5734247800712,2314.84316635167
26.010660747533,56.5150853233073,2304.66492071891
25.8283698161661,56.4570032290687,2294.5
25.3919331776726,56.3161270314532,2269.71064065429
24.9679970337553,56.1768036981772,2245
24.7499537468171,56.104181867789,2232.04013039989
24.5556548752904,56.0389119098108,2220.34447117778
24.3516477946496,55.9698125630218,2207.91232549126
24.1505170638855,55.9011140127497,2195.5
23.7657215285888,55.7680822540637,2171.31202186828
23.3912503151232,55.6365804149712,2147.19913328747
23.3728601016419,55.6300701183579,2146
23.0267001755712,55.5066061320145,2123.16098513565
22.632243697493,55.3637677545399,2096.5
22.2770575790206,55.233167534385,2071.89234040359
22.1135751731428,55.1724181435414,2060.36870830591
21.9261426955039,55.1022704277452,2047
21.5847641341514,54.9731283616303,2022.2100063482
21.4174219466223,54.9091680465572,2009.84502897631
21.2522542416191,54.84561275255,1997.5
21.1707156547648,54.8140805124467,1991.35328510815
21.0897036259317,54.7826488701673,1985.21157586195
21.0092131533222,54.7513175968253,1979.07486614926
20.9292392977082,54.7200864596955,1972.94314986794
20.9203249037287,54.7165989928836,1972.25753325194
20.911416906746,54.7131127758746,1971.5719790383
20.7590211496581,54.6532771004586,1959.77676083581
20.6084861274293,54.5938101763652,1948
20.451638140691,54.5314648303213,1935.59437804998
20.2967862691272,54.4695258699643,1923.2092043829
20.1438932541423,54.4079911096422,1910.84442848281
19.992922751341,54.3468583196748,1898.5
19.8444404799798,54.2863708650779,1886.22570701501
19.6978030793458,54.2262805866457,1873.9718514899
19.5498796363156,54.1653046683805,1861.47531612652
19.4766157059466,54.1349703984206,1855.23500903794
19.4038112450683,54.1047381646152,1849
19.4001009526003,54.1031950976973,1848.68134029567
19.3963918509012,54.1016522971485,1848.36269448377
19.257554725484,54.0437381414688,1836.37139519048
19.1203762822168,53.9861994389275,1824.39975341869
18.8395464819253,53.8674195376982,1799.5
18.7050603983212,53.8100643622576,1787.3853461322
18.5721776173729,53.7530902278381,1775.29117016255
18.4345632259183,53.693768707238,1762.63439076853
18.298648548967,53.6348600862579,1750
18.2821272228001,53.6276776167169,1748.45502649824
18.038682469603,53.5212938088207,1725.4548124004
17.7797642041141,53.407013320108,1700.5
17.6582841954068,53.3529887153136,1688.61198033775
17.5381912944332,53.299324486028,1676.74440637374
17.4091238054721,53.2413643330806,1663.8601754062
17.2816405453936,53.1838238721048,1651
17.2380696527429,53.1640911277868,1646.57372505332
17.0422854015257,53.0750014178167,1626.48639000535
16.8031242934487,52.9652329118346,1601.5
16.6977042859238,52.9165173871838,1590.32581136295
16.5933923276569,52.8681137385226,1579.170417641
16.4674698317688,52.8094158823542,1565.57126913744
16.343144442123,52.7511754968319,1552
16.2598971838473,52.7120181708618,1542.83118695309
16.1224321476038,52.6470760564273,1527.54507831142
15.9007166367571,52.5415872297303,1502.5
15.8134727527669,52.499824563978,1492.51001140198
15.7270361214912,52.4583065373256,1482.53582354711
15.6001213340781,52.3970890181514,1467.75058586692
15.4749283494723,52.3364016262993,1453
15.3448507614782,52.2730289402724,1437.49595584382
15.2703017560801,52.2365628701679,1428.52728207025
15.1670246532719,52.1858673388113,1416.00091043435
15.0649260918049,52.1355476030132,1403.5
14.9733272482456,52.0902305591178,1392.1836683677
14.8826746654175,52.0452208150748,1380.88870621486
14.7929540995454,52.0005157534296,1369.61505306817
14.7041515904449,51.9561127777175,1358.36264868231
14.6699214794934,51.938955682718,1354
14.5303028703493,51.8687356759776,1336.05757999491
14.4693729355065,51.8379706994443,1328.15206802809
14.4088797984165,51.8073534414917,1320.25731532995
14.3488188968267,51.7768829987741,1312.37329995064
14.2891857316021,51.7465584734878,1304.5
14.1972384804331,51.6996625022597,1292.27046329956
14.1516465456562,51.6763464311732,1286.16558487831
14.1063063451781,51.6531177436875,1280.0672855322
14.1018153914087,51.6508146912907,1279.46176837359
14.097326900474,51.6485124968722,1278.85631604003
14.0752077976514,51.6371614589728,1275.86876266185
14.0531484149098,51.6258312654388,1272.88278717215
14.009207873692,51.6032332162719,1266.91556486065
13.9655034076264,51.5807179553222,1260.95463912357
13.9220331700941,51.5582850921073,1255
13.9064918524432,51.5502557048129,1252.86486936871
13.8597919447269,51.5260988724833,1246.42905929664
13.8365439985336,51.5140567415602,1243.21398312205
13.8133636742188,51.5020387179453,1240.00079064521
13.7902506853816,51.4900447391952,1236.78948021112
13.7672047472306,51.47807474304,1233.58005016674
13.755706833357,51.4720987188958,1231.97603977464
13.7442255760823,51.4661286671275,1230.37249886094
13.7327609402553,51.46016458,1228.76942721957
13.7270348443964,51.4571847707464,1227.96806731163
13.7213128907623,51.4542064497571,1227.16682464455
13.6441947330483,51.4140007033504,1216.32268603573
13.5678254015205,51.3740655874954,1205.5
13.4809244771248,51.3284778819521,1193.08182241803
13.3949915009408,51.2832452910951,1180.69249676883
13.3100108579152,51.2383642149978,1168.33192261882
13.2259672658199,51.1938310940043,1156
13.0622387645215,51.1066531256373,1131.66158906888
12.978601389741,51.0619042984796,1119.06540313811
12.8959032271959,51.017513965979,1106.5
12.8163416979421,50.9746717363534,1094.30565081738
12.7376486032543,50.9321659803763,1082.1409665081
12.6569288366606,50.8884296068775,1069.5546440837
12.5771137000269,50.8450476512036,1057
12.5003506671377,50.803196907701,1044.82116506304
12.4244245814571,50.7616789427459,1032.67290433428
12.3463291023841,50.7188461883016,1020.07004160769
12.2691102988776,50.6763657544397,1007.5
12.1949448249914,50.6354444107054,995.323620858176
12.1215882965503,50.5948528084957,983.178802118096
12.0460877637883,50.5529534035014,970.572443581608
11.9714356978996,50.5114034227599,958
11.9355372260844,50.4913798945068,951.91554374812
11.8998357225027,50.471438425494,945.839249902263
11.8290174387636,50.431799890788,933.711083816563
11.7923683972925,50.4112436315809,927.395103104456
11.7559271563911,50.3907748008998,921.087941193903
11.683661342469,50.3500974609425,908.5
11.6489955179964,50.3305439109176,902.423247724747
11.6145203679372,50.31107170928,896.354941210249
11.5461361052632,50.2723695605636,884.243595131338
11.5106473031475,50.2522439734379,877.918955197763
11.4753607969145,50.2322055140206,871.60348931928
11.4053880958354,50.1923879808191,859
11.3717970047174,50.173234609002,852.91138122816
11.3383913918086,50.1541621407415,846.831503704974
11.2721307669789,50.1162581028082,834.697897215213
11.2378655669331,50.0966184989965,828.384305116467
11.2037957633069,50.0770649067759,822.080138932514
11.1362360034122,50.038213758164,809.5
11.0716466821911,50.0009751899591,797.373209296456
11.039619443357,49.9824753546336,791.323321138095
11.0077686163966,49.9640545474986,785.282411049003
10.9414285581254,49.9256136758036,772.621532191134
10.9085441771985,49.9065219603618,766.3058592348
10.8921727156489,49.8970080585297,763.151704332378
10.8758481497913,49.8875153761309,760
10.812217750726,49.8504569318705,747.624980525305
10.7638117270458,49.822203720129,738.10585056905
10.7162498259284,49.7943913636889,728.662576868828
10.669511741594,49.7670106039917,719.29425629553
10.6235777979146,49.7400524279213,710
10.5936305775989,49.7224507662917,703.893262828064
10.5640211858312,49.7050275135407,697.818265601651
10.5635177325216,49.7047310897618,697.714649662011
10.5057951032076,49.6707066206638,685.762506287605
10.504810685116,49.6701256956096,685.557420936635
10.4766812589857,49.6535165590099,679.679239165515
10.4488583941882,49.6370705661378,673.830777988988
10.4324119775939,49.6273407864743,670.357470241551
10.4160719592386,49.6176677939683,666.894602614602
10.3998373883838,49.6080511415274,663.442128107172
10.3917593498071,49.6032638032313,661.719773662561
10.3837073215527,49.5984903843124,660
10.3292572338556,49.566171963457,647.44308825296
10.3262894466446,49.5644084916196,646.754516626808
10.2759352137121,49.5344567870339,635.004994961893
10.2701254216921,49.5309972359531,633.641205778202
10.22370921043,49.5033297731166,622.6840416075
10.2151777135477,49.4982389478933,620.658098913648
10.1725483403991,49.4727763129937,610.478581138349
10.170553873114,49.4715839800964,610
10.1614102276251,49.4661165416423,607.803266391352
10.1224228342756,49.4427822528678,598.386997236882
10.119980246437,49.4413191670086,597.794365946859
10.0704318907989,49.411610221155,585.703166460287
10.0218802652728,49.3824434242337,573.724799718285
9.96689567941414,49.3493456610904,560
9.93987736038082,49.3330561861128,553.192741540924
9.91859154664971,49.3202108314383,547.800018114301
9.90667058824013,49.3130122512043,544.768301784382
9.89481078604422,49.3058472952794,541.743844590016
9.88301170869357,49.2987157524548,538.726620490491
9.87127292873288,49.291617413194,535.716603569497
9.86646270121625,49.288707775899,534.480806121155
9.86406137565791,49.2872550454275,533.863362308618
9.86286165833849,49.2865292014552,533.554754032585
9.86166257072293,49.2858037046964,533.246221472873
9.85629187367698,49.2825538003908,531.863248856533
9.85093379562923,49.2793108570892,530.481796516729
9.84825947589439,49.2776919894924,529.791639667362
9.84558829562556,49.2760748546277,529.101861948018
9.84292024975034,49.2744594499984,528.412463046378
9.84158740061793,49.2736523957369,528.067905554689
9.84092126922778,49.273249030484,527.895662281578
9.84025533318399,49.2728457730984,527.723442650462
9.82762904283371,49.265197954428,524.453026404614
9.82491236300669,49.2635519555333,523.748093657487
9.79409990097577,49.2448709604577,515.721110339925
9.77227504332234,49.2316254565007,510
9.73904487087984,49.2114365174718,501.231837635871
9.69982848361161,49.1875771574221,490.793867695779
9.66130422509201,49.1641035229047,480.443297181012
9.6234554105603,49.1410072659667,470.179032946135
9.58626586911578,49.1182802653245,460
9.56852176161306,49.1074250595731,455.110153799645
9.55092628223852,49.0966534004105,450.239855181777
9.53347772645421,49.0859644247917,445.388987165494
9.516174414766,49.0753572808871,440.55743370145
9.49901469227231,49.064831127907,435.745079662605
9.48199692822217,49.0543851359281,430.951810835079
9.46511951558313,49.0440184857248,426.177513909115
9.44838087061785,49.0337303686021,421.42207647015
9.43832838995468,49.027548576419,418.556340878194
9.4283257122346,49.0213950187711,415.697432495386
9.41837249957456,49.0152695224441,412.845326953464
9.41341433717812,49.012217243094,411.421817664446
9.40846841567301,49.0091719147258,410
9.37306688356088,48.9873572444331,399.307878836069
9.33824236468402,48.9658689044232,388.697138499809
9.30398202530526,48.9447003646196,378.166853394176
9.27027339599161,48.923845258691,367.716111905669
9.24557094810169,48.9085448555028,360
9.23710432327042,48.9032973569824,357.344016141245
9.21446579536385,48.889257846529,350.213610508655
9.20446306150203,48.8830506261578,347.049681671167
9.18382846939264,48.8702381770085,340.49665633665
9.15364941257334,48.8514809121247,330.84840112145
9.1239192483269,48.8329811888474,321.268118876023
9.08925001999611,48.8113811800303,310
9.05941119495134,48.7927674177631,300.217481876511
9.03002450350769,48.7744146586837,290.505624974055
9.00108061675198,48.7563180086172,280.863666446062
8.97257045100997,48.7384726883759,271.290854387338
8.93923073196748,48.7175794020253,260
8.91060570146425,48.6996191712139,250.221496159884
8.88241789833091,48.6819138027902,240.514923480173
8.85465824029555,48.6644584621445,230.879491175603
8.82731788518848,48.6472484295414,221.314420010072
8.81121360630641,48.6371026805968,215.644922069009
8.79525351802843,48.6270415284392,210
8.78000272494262,48.6174217012482,204.581591531031
8.76479674457647,48.6078244838448,199.16578174378
8.73451846327671,48.5886975859579,188.341950740003
8.71824336865131,48.5784072823203,182.501932901358
8.70201963542635,48.5681429982383,176.664936727765
8.6697253196298,48.5476921266398,165
8.66271755736622,48.5432509767532,162.460614540196
8.63533334831456,48.5258847539738,152.509498489537
8.60809553149528,48.5085930990829,142.567164179106
8.59191150515306,48.4983101953304,136.638571687629
8.56926542178167,48.483910654651,128.316210957766
8.5467202668035,48.4695627479987,120
8.52559436559343,48.4561066993546,112.178010498598
8.49493970307699,48.4365617760715,100.775120697231
8.47934042732885,48.4266070227616,94.9483509011809
8.46379908770362,48.4166832646431,89.126912393105
8.44831537867327,48.4067903697928,83.3107978594423
8.43288899682031,48.3969282069959,77.5
8.41887576535368,48.3879643747473,72.2074135776759
8.40490969799995,48.3790258753102,66.9192339716901
8.39099056940216,48.3701126107978,61.6354556803995
8.37711815561391,48.3612244838005,56.3560732113143
8.36310696647217,48.3522425996643,51.0103056534594
8.3491432959126,48.3432863324549,45.6690413893526
8.33522691521395,48.3343555822707,40.3322747310044
8.32828638723464,48.3298997448199,37.6655762291114
8.32482052648351,48.3276742051034,36.332647874741
8.32308869537783,48.3265620293238,35.6662888829499
8.32135759653428,48.325450249341,35
8.317314888352,48.3228535726765,33.125
8.3132750407562,48.320258327742,31.25
8.30627940568641,48.3157632913883,28
8.30520391513778,48.3150721284366,27.5
8.2971441953494,48.3098916421849,23.75
8.2931186050574,48.307303538572,21.875
8.29110687598731,48.3060100211401,20.9375
8.29010127780592,48.3053633959549,20.46875
8.28909585713063,48.3047168597663,20
8.28398874960632,48.3014323438723,17.3283812080545
8.2788866740261,48.298150416248,14.6567624161089
8.27189722224418,48.2936533759525,10.9925718120812
8.26491720272497,48.2891611910134,7.32838120805445
8.25794659632405,48.2846738537116,3.66419060402677
8.25446481707448,48.2824320005168,1.83209530201384
8.25272480739488,48.2813115273626,0.916047651006011
8.25185502241121,48.2807514040937,0.458023825503005
8.25098538394877,48.2801913563437,0
