107.41,-9.25,34
107.408471189844,-9.24834413168089,35
107.40724062641,-9.24701128110386,35.6662888829499
107.406009601753,-9.24567791667117,36.332647874741
107.403546167804,-9.24300964513013,37.6655762291114
107.398613754531,-9.23766692355559,40.3322747310044
107.388726691764,-9.22695670395281,45.6690413893526
107.378809875231,-9.21621332870652,51.0103056534594
107.368863178323,-9.20543665327272,56.3560732113143
107.359018812137,-9.19476993187142,61.6354556803995
107.349145104886,-9.1840705045621,66.9192339716901
107.339241932876,-9.1733382300907,72.2074135776759
107.329309171723,-9.16257296640463,77.5
107.31837921162,-9.1507258578331,83.3107978594423
107.307413330094,-9.13883869148153,89.126912393105
107.296411360063,-9.12691127648018,94.9483509011809
107.285373133421,-9.11494342076852,100.775120697231
107.263695410338,-9.09143671866726,112.178010498598
107.248766721511,-9.07524593631678,120
107.232844758533,-9.05797562844017,128.316210957766
107.216861574122,-9.04063655314972,136.638571687629
107.205445356952,-9.02825042535223,142.567164179106
107.186243384334,-9.00741435816841,152.509498489537
107.166952847552,-8.98647876872248,162.460614540196
107.162018654014,-8.98112324862951,165
107.13929248535,-8.95645362506556,176.664936727765
107.127883187693,-8.94406686195392,182.501932901358
107.11644292013,-8.93164527888748,188.341950740003
107.095173085859,-8.90854779509985,199.16578174378
107.08449793209,-8.89695380290746,204.581591531031
107.073795823425,-8.88532949331471,210
107.062600368418,-8.87316821003338,215.644922069009
107.051308310651,-8.86090083589316,221.314420010072
107.032148132567,-8.84008310899744,230.879491175603
107.012707517413,-8.81895728497685,240.514923480173
106.992980863741,-8.79751713473001,250.221496159884
106.972962426683,-8.77575626772038,260
106.949664851779,-8.75042630177854,271.290854387338
106.929757467186,-8.72877841242423,280.863666446062
106.90956166032,-8.70681325702196,290.505624974055
106.889071721913,-8.68452447657828,300.217481876511
106.86828179763,-8.66190554853466,310
106.844145609395,-8.63564114578891,321.268118876023
106.823464384853,-8.61313223797274,330.84840112145
106.80248640721,-8.59029648534786,340.49665633665
106.788151927049,-8.57469033268513,347.049681671167
106.781205827572,-8.56712736376904,350.213610508655
106.765491488269,-8.55001589763463,357.344016141245
106.759616699746,-8.54361823717613,360
106.742483241536,-8.52495812473086,367.716111905669
106.719119899003,-8.49950887643471,378.166853394176
106.695393926587,-8.47365973885435,388.697138499809
106.67129761115,-8.44740209455772,399.307878836069
106.646823028242,-8.42072708708267,410
106.643401477143,-8.4169975022205,411.421817664446
106.639971858855,-8.41325902210763,412.845326953464
106.633088317783,-8.40575526120954,415.697432495386
106.626172195183,-8.39821557016696,418.556340878194
106.619223280447,-8.39063971385548,421.42207647015
106.607656114414,-8.37802801560884,426.177513909115
106.595997667558,-8.36531562566994,430.951810835079
106.584246954634,-8.35250144368253,435.745079662605
106.572402976725,-8.33958435383998,440.55743370145
106.56046472101,-8.32656322461738,445.388987165494
106.548431160518,-8.31343690849808,450.239855181777
106.536301253889,-8.30020424169449,455.110153799645
106.524073945119,-8.28686404386307,460
106.498463409151,-8.25891838553766,470.179032946135
106.472421678154,-8.2304964897745,480.443297181012
106.445938773319,-8.20158719423892,490.793867695779
106.419004417289,-8.17217899865138,501.231837635871
106.396200641666,-8.14727598165446,510
106.38123315759,-8.13092826187986,515.721110339925
106.360114827654,-8.10785929472226,523.748093657487
106.358253582798,-8.10582595304759,524.453026404614
106.349604621493,-8.09637690002797,527.723442650462
106.349148527733,-8.0958785969175,527.895662281578
106.348692307189,-8.09538015354969,528.067905554689
106.347779485556,-8.09438284582773,528.412463046378
106.345952318772,-8.09238654493086,529.101861948018
106.344123118029,-8.09038799385227,529.791639667362
106.342291880227,-8.08838718911748,530.481796516729
106.338623281128,-8.08437880487252,531.863248856533
106.334946496436,-8.08036136413688,533.246221472873
106.334125661939,-8.07946446348267,533.554754032585
106.333304419064,-8.07856711098047,533.863362308618
106.33166070708,-8.07677104919579,534.480806121155
106.32836837041,-8.07317348980257,535.716603569497
106.32033535006,-8.06439537282681,538.726620490491
106.312263253113,-8.05557401324557,541.743844590016
106.304151818796,-8.04670911872553,544.768301784382
106.296000784096,-8.03780039438693,547.800018114301
106.281452013502,-8.02189785356953,553.192741540924
106.262995322252,-8.00172123357805,560
106.2254696104,-7.96068992243893,573.724799718285
106.192373383383,-7.92449227072755,585.703166460287
106.158635407275,-7.88758349088783,597.794365946859
106.156973206523,-7.88576483069886,598.386997236882
106.130454434532,-7.85674685706723,607.803266391352
106.124238423727,-7.84994420431565,610
106.122882720771,-7.8484605138879,610.478581138349
106.093920797099,-7.81676082745651,620.658098913648
106.088127941457,-7.81041955917895,622.6840416075
106.056631023726,-7.77593606775172,633.641205778202
106.052690957599,-7.77162183707936,635.004994961893
106.018563439875,-7.73424821039108,646.754516626808
106.016553229659,-7.73204650338795,647.44308825296
105.979695561295,-7.69167196685021,660
105.974233448931,-7.68568775031,661.719773662561
105.968754629182,-7.67968499057986,663.442128107172
105.957746587485,-7.66762352663347,666.894602614602
105.946670864278,-7.65548693205483,670.357470241551
105.935526883976,-7.64327455961824,673.830777988988
105.916683107173,-7.6226219593511,679.679239165515
105.897642933293,-7.60175125808895,685.557420936635
105.896976807012,-7.60102103844377,685.762506287605
105.857941711144,-7.55822396201569,697.714649662011
105.857601457211,-7.55785086370141,697.818265601651
105.837596550359,-7.53591330775095,703.893262828064
105.817375989794,-7.5137360824909,710
105.78638561811,-7.47974070577513,719.29425629553
105.754883080148,-7.44517585327502,728.662576868828
105.722856581101,-7.41002823732061,738.10585056905
105.690293969319,-7.37428416394255,747.624980525305
105.647539273055,-7.32733987218077,760
105.636579727347,-7.31530413805347,763.151704332378
105.625592990916,-7.3032376258356,766.3058592348
105.603537558257,-7.27901181974522,772.621532191134
105.559096106315,-7.23018591031164,785.282411049003
105.537784026567,-7.20676596697508,791.323321138095
105.516370152559,-7.18323072902426,797.373209296456
105.473234217411,-7.13581113225971,809.5
105.428184986867,-7.08627347340945,822.080138932514
105.405494318997,-7.06131636486744,828.384305116467
105.382691902348,-7.03623252769266,834.697897215213
105.338649681759,-6.98777302034953,846.831503704974
105.316471572083,-6.96336516271713,852.91138122816
105.294187837433,-6.93883746189858,859
105.247825470616,-6.88779490881496,871.60348931928
105.224474182341,-6.8620804962295,877.918955197763
105.201008418667,-6.83623608769769,884.243595131338
105.155846336138,-6.7864850260347,896.354941210249
105.133105600334,-6.76142809314129,902.423247724747
105.110257430057,-6.73624910338828,908.5
105.062686203439,-6.68381319603379,921.087941193903
105.03872779425,-6.65739878013832,927.395103104456
105.014653104529,-6.63085213778101,933.711083816563
104.968190303491,-6.5796072532428,945.839249902263
104.944795779848,-6.55379926523301,951.91554374812
104.921291517551,-6.52786643649567,958
104.872475560558,-6.47399454685446,970.572443581608
104.823189557023,-6.41958753488663,983.178802118096
104.775384393825,-6.36679961630077,995.323620858176
104.727133068413,-6.31350356554398,1007.5
104.676981470936,-6.25809223187585,1020.07004160769
104.626349544718,-6.20213344321718,1032.67290433428
104.577209525261,-6.1478075625221,1044.82116506304
104.527613000027,-6.09296119516287,1057
104.476134933949,-6.03601747568222,1069.5546440837
104.424166748115,-5.97851454947319,1082.1409665081
104.373593232363,-5.92253853112367,1094.30565081738
104.322551335136,-5.86602794415322,1106.5
104.269592352417,-5.80737787874338,1119.06540313811
104.216130129305,-5.74815310575921,1131.66158906888
104.111756363838,-5.63247947333938,1156
104.058325144077,-5.57323850041027,1168.33192261882
104.004397546648,-5.51343016957701,1180.69249676883
103.949966632211,-5.45304648880756,1193.08182241803
103.895025324957,-5.39207931171435,1205.5
103.846827251225,-5.33858080267643,1216.32268603573
103.798236755861,-5.28463346254317,1227.16682464455
103.794634675005,-5.28063374508209,1227.96806731163
103.79103042812,-5.27663155004984,1228.76942721957
103.783815428454,-5.26861971828991,1230.37249886094
103.776591741097,-5.2605979491343,1231.97603977464
103.769359350281,-5.2525662244544,1233.58005016674
103.75486839534,-5.23647283614971,1236.78948021112
103.740342436364,-5.22033940707164,1240.00079064521
103.725781345766,-5.20416579055158,1243.21398312205
103.711184995304,-5.18795183918443,1246.42905929664
103.681886001231,-5.15540234158643,1252.86486936871
103.672141997074,-5.14457627530249,1255
103.64490434749,-5.11431117571636,1260.95463912357
103.617545231394,-5.08390707017729,1266.91556486065
103.590063827673,-5.05336301556785,1272.88278717215
103.576277008148,-5.03803820905115,1275.86876266185
103.562459305237,-5.02267805760001,1278.85631604003
103.559656151686,-5.01956186853166,1279.46176837359
103.556851725372,-5.01644422281299,1280.0672855322
103.528553377695,-4.98498297177928,1286.16558487831
103.500125100348,-4.95337301577132,1292.27046329956
103.442875141507,-4.8897028400926,1304.5
103.405803998155,-4.84846534099402,1312.37329995064
103.368513527778,-4.80697674646934,1320.25731532995
103.331001751115,-4.76523478781996,1328.15206802809
103.293266663533,-4.72323716803885,1336.05757999491
103.206977066107,-4.62717366674119,1354
103.185859390439,-4.60365842863093,1358.36264868231
103.131143346225,-4.54272018202068,1369.61505306817
103.075962499801,-4.48124966611008,1380.88870621486
103.020310781415,-4.4192399423566,1392.1836683677
102.964182007995,-4.35668394659988,1403.5
102.901741688113,-4.28707656309438,1416.00091043435
102.838711032544,-4.21679307769851,1428.52728207025
102.793294315781,-4.16613928567516,1437.49595584382
102.714210017131,-4.07791391316555,1453
102.638288033995,-3.99319085524855,1467.75058586692
102.56151313973,-3.90749111759692,1482.53582354711
102.509334193767,-3.8492325089476,1492.51001140198
102.456757209517,-3.79051820107104,1502.5
102.323542035987,-3.6417032326025,1527.54507831142
102.241233463574,-3.549721550863,1542.83118695309
102.19149357745,-3.49412364174386,1552
102.117356462867,-3.41123810390518,1565.57126913744
102.042444933951,-3.32746645985196,1579.170417641
101.980524090101,-3.2582069058972,1590.32581136295
101.918068403017,-3.18833561672088,1601.5
101.776832020141,-3.03028119084389,1626.48639000535
101.661674940457,-2.90136358971692,1646.57372505332
101.636103351592,-2.87273072055259,1651
101.561400304289,-2.78907323821294,1663.8601754062
101.485944465528,-2.70455584138978,1676.74440637374
101.415892623694,-2.62607666320927,1688.61198033775
101.345184553917,-2.54684833653097,1700.5
101.194987348771,-2.37850783173292,1725.4548124004
101.054387448263,-2.2208718336572,1748.45502649824
101.044867215343,-2.21019632414064,1750
100.966650933431,-2.12248049995731,1762.63439076853
100.887642467025,-2.03386216163972,1775.29117016255
100.811526434044,-1.9484751963413,1787.3853461322
100.734666269498,-1.86224119247772,1799.5
100.574727433125,-1.68275910631999,1824.39975341869
100.49687216011,-1.59537353673445,1836.37139519048
100.418254141557,-1.50712133351853,1848.36269448377
100.416156270623,-1.50476624116558,1848.68134029567
100.414057853192,-1.50241052820389,1849
100.372907740408,-1.4562134121825,1855.23500903794
100.331547038932,-1.40977721415094,1861.47531612652
100.248186846891,-1.31617986793238,1873.9718514899
100.165746423801,-1.22360559162386,1886.22570701501
100.082464526234,-1.13007734656269,1898.5
99.9979868360433,-1.03519759854527,1910.84442848281
99.9126365536312,-0.939329763519087,1923.2092043829
99.8263988098491,-0.842457650190656,1935.59437804998
99.7392583558587,-0.744564680705368,1948
99.6558206742647,-0.65082568075983,1959.77676083581
99.5715443919539,-0.556139609719011,1971.5719790383
99.56662413803,-0.550611469032544,1972.25753325194
99.5617010060515,-0.545080080389473,1972.94314986794
99.5175632745143,-0.495488482275041,1979.07486614926
99.4731933288443,-0.445634932088129,1985.21157586195
99.4285891423261,-0.39551724231533,1991.35328510815
99.3837486617172,-0.34513319875059,1997.5
99.2930816265578,-0.243254967350197,2009.84502897631
99.2014419768794,-0.14028167654965,2022.2100063482
99.0151747250505,0.0690253099662636,2047
98.9132853022686,0.18351703058976,2060.36870830591
98.8246311232666,0.283134873160571,2071.89234040359
98.6326988780641,0.498793643685807,2096.5
98.4206111198228,0.737076244555726,2123.16098513565
98.2353869620707,0.945148618037162,2146
98.2255696112373,0.956176078541771,2147.19913328747
98.0261563914396,1.1801464420291,2171.31202186828
97.8222022371162,1.40916478037934,2195.5
97.7159716570842,1.52842591303393,2207.91232549126
97.6084789370938,1.64908516977226,2220.34447117778
97.5063378971883,1.76371832517398,2232.04013039989
97.3919840940062,1.89203443427487,2245
97.1704432796583,2.14054778495073,2269.71064065429
96.9434287515773,2.39508444512171,2294.5
96.8489165639328,2.50101668173754,2304.66492071891
96.753430055188,2.60801669164473,2314.84316635167
96.7109178981032,2.65564672730015,2319.34536379588
96.475059689681,2.91980327654432,2344
96.2001187348021,3.22751159100771,2372.0612614952
95.9852067927392,3.46785658929819,2393.5
95.9634316285092,3.49219933132786,2395.64836841572
95.9347254809356,3.52428761103653,2398.47391666304
95.9059319899706,3.55647041487844,2401.3004964165
95.8480810886771,3.62112147947172,2406.95675270202
95.7898750913478,3.68615634746795,2412.61714179685
95.7313101048025,3.75157889507124,2418.28166823218
95.6025187625193,3.89540229443781,2430.63099049315
95.4719642467472,4.04112446405751,2443
95.2048264695464,4.33906685724029,2467.84827539613
95.0699351448075,4.48938943045501,2480.16420665138
94.9331225057191,4.64176456045153,2492.5
94.6537755164591,4.95259815506115,2517.20988262419
94.3661217953986,5.27224709122595,2542
94.200612269737,5.45595884486187,2555.96968856544
94.0322335732956,5.64269347857441,2569.96536136428
94.0281590144958,5.64721016130696,2570.30136722411
94.0240827506827,5.65172863521029,2570.63738807489
94.0159251027724,5.66077096154151,2571.3094747533
93.9995892889768,5.67887716350674,2572.65382804564
93.9668352934402,5.71517604746316,2575.34325459725
93.900995440575,5.78812201702861,2580.72498936814
93.7679688138486,5.93542532577862,2591.5
93.6129020145435,6.10699460212352,2603.89554466347
93.455335642071,6.28117145794235,2616.31173760945
93.2359416707286,6.52342033093979,2633.30425228385
93.1351122386842,6.63464389336871,2641
92.9714127819946,6.81506775233553,2653.34395023328
92.8049414086334,6.99835105860236,2665.70856565713
92.6356083845195,7.18457746197612,2678.09389820886
92.4633192964498,7.37383463718308,2690.5
92.3940456288433,7.44986696723909,2695.43330787115
92.2363204330489,7.62284145377387,2706.54938086619
92.0760319301516,7.79842552556834,2717.68249439006
91.7474383613931,8.15772181265708,2740
91.6727716763488,8.2392396854918,2744.97932763395
91.5036839056011,8.42366667075643,2756.13924688407
91.3319984987752,8.61067327741999,2767.30765889383
91.1576349596118,8.80033010528242,2778.48457336147
90.9805087459409,8.99271101230246,2789.67
90.8422267748353,9.14270190601112,2798.28585062775
90.5063694914817,9.50624882279692,2818.79348811137
90.1600939074654,9.87993040096068,2839.33
89.9693124921797,10.0853010911893,2850.3872878975
89.6287609653362,10.4509687370332,2869.68099414036
89.4545032293316,10.6376090243846,2879.33733150893
89.2774758438109,10.8268838345605,2889
89.2744921569985,10.8300710479513,2889.1000846569
89.2715069990565,10.833259736243,2889.20017366278
89.2655322630873,10.8396415440125,2889.40036472264
89.2535650637137,10.8524229298929,2889.80079904268
89.2295593757557,10.8780571503998,2890.60187654757
89.181259762967,10.9296143677973,2892.20486752515
89.0834822169273,11.0339084604116,2895.41419742546
88.8829982872,11.2474237209319,2901.84628168333
88.6754917342094,11.4679440684347,2908.29632769777
88.4603532070025,11.6960575296149,2914.76441081194
88.0311861291571,12.1494993748512,2927.01472392131
87.5662885014688,12.6382094864527,2939.33
87.0376681660409,13.1906644302108,2952.17095087527
86.7517405267008,13.4880061727263,2958.61750086836
86.4484710514216,13.8022219201087,2965.08152815299
85.8169766871647,14.4525854564736,2977.33921702579
85.079901502496,15.2047724545994,2989.66
84.1331957292086,16.1595374993573,3002.49571543133
82.7705769302974,17.510326823016,3015.39890143113
80.5244693161092,19.673130371479,3023.3054051135
78.2173064623008,21.8072637060975,3015.39890143113
76.7556384449076,23.1114824800144,3002.49571543133
75.7111373814883,24.0201943997636,2989.66
74.8809373168833,24.7284606981255,2977.33921702579
74.1575496117413,25.3354200751196,2965.08152815299
73.8061117850944,25.6268587657074,2958.61750086836
73.4723425869024,25.9015604942684,2952.17095087527
72.8490029319944,26.409139948362,2939.33
72.2939982816685,26.8550959288018,2927.01472392131
71.7759232539803,27.2662913200492,2914.76441081194
71.5141269959226,27.4722099605709,2908.29632769777
71.2602866556274,27.6706728935646,2901.84628168333
71.0137889220873,27.8622665708129,2895.41419742546
70.8931232333212,27.9556503159007,2892.20486752515
70.8334090460974,28.0017648951678,2890.60187654757
70.8037034215186,28.0246809212999,2889.80079904268
70.7888880885572,28.0361039900253,2889.40036472264
70.7814897441106,28.0418068340836,2889.20017366278
70.7777928964636,28.0446560892186,2889.1000846569
70.7740975962851,28.0475039019122,2889
70.7704021003958,28.0503516156983,2889.1000846569
70.7667046652468,28.0532005739244,2889.20017366278
70.7593039682022,28.058902229038,2889.40036472264
70.7444792040647,28.0703205314806,2889.80079904268
70.7147356874547,28.0932174079113,2890.60187654757
70.6548685763582,28.1392547030983,2892.20486752515
70.5335800631034,28.2323236856645,2895.41419742546
70.2844971653438,28.4226108426507,2901.84628168333
70.0261359456245,28.6187888367522,2908.29632769777
69.7576800347332,28.8213412729375,2914.76441081194
69.2203607494515,29.2228074827343,2927.01472392131
68.6356302256567,29.6537295198379,2939.33
67.9674011484279,30.1385930145129,2952.17095087527
67.6044874099766,30.3985379721668,2958.61750086836
67.2184422061358,30.6724452963671,2965.08152815299
66.4109199450828,31.2367448886306,2977.33921702579
65.4622134361165,31.8848293537219,2989.66
64.2341451141285,32.7001008957831,3002.49571543133
62.4483325031044,33.838668241085,3015.39890143113
59.460406198224,35.6221404059311,3023.3054051135
56.3391924199525,37.3285309978562,3015.39890143113
54.3376982998252,38.341976323148,3002.49571543133
52.8973470079912,39.0336216130215,2989.66
51.747113914338,39.5639033243022,2977.33921702579
50.7413227202831,40.0118819480107,2965.08152815299
50.2515850566481,40.2247866140183,2958.61750086836
49.7858428827575,40.4241225695903,2952.17095087527
48.9145009843236,40.7889301166186,2939.33
48.1371316660021,41.1055702347983,2927.01472392131
47.4102956487114,41.3942072341022,2914.76441081194
47.0426060898951,41.5375215706897,2908.29632769777
46.685851740661,41.6748546293347,2901.84628168333
46.3392047768484,41.8066854619772,2895.41419742546
46.169441573724,41.8706705886574,2892.20486752515
46.0854133827739,41.9022018124414,2890.60187654757
46.0436083223598,41.9178545903625,2889.80079904268
46.0227575266532,41.9256530745133,2889.40036472264
46.0123449978242,41.9295453778069,2889.20017366278
46.007141942648,41.9314897994027,2889.1000846569
46.0019410239243,41.9334330693925,2889
45.6925962702356,42.0483826575598,2879.33733150893
45.3866224061234,42.1608576836367,2869.68099414036
44.7844569072482,42.3786884171122,2850.3872878975
44.4446908222907,42.4995507006607,2839.33
43.8235650648873,42.7167177128755,2818.79348811137
43.2156784656915,42.924566933754,2798.28585062775
42.9638406304175,43.0093286712608,2789.67
42.6399404803032,43.1171926373217,2778.48457336147
42.3196486561149,43.2225871238475,2767.30765889383
42.0028813130983,43.3255888487291,2756.13924688407
41.6895582734712,43.4262710723435,2744.97932763395
41.5507746989185,43.470487819668,2740
40.9369362463943,43.6632810067506,2717.68249439006
40.6356922163738,43.7562482226753,2706.54938086619
40.3381118240979,43.84702762559,2695.43330787115
40.2070526306959,43.8866764608007,2690.5
39.8801477163088,43.9846931444373,2678.09389820886
39.5575362101907,44.080195483921,2665.70856565713
39.2391122351613,44.1732694701825,2653.34395023328
38.9247745567182,44.2639969875488,2641
38.7305636864997,44.3194828161391,2633.30425228385
38.3064185960177,44.439156453425,2616.31173760945
38.0004886687649,44.5242010446608,2603.89554466347
37.6983474162276,44.6071501984927,2591.5
37.4383142687349,44.6777137804268,2580.72498936814
37.3093298977039,44.712433258461,2575.34325459725
37.2450929177807,44.729654667176,2572.65382804564
37.2130378791231,44.7382310649899,2571.3094747533
37.197026179198,44.7425107214612,2570.63738807489
37.1890242786796,44.7446484183441,2570.30136722411
37.181025009072,44.746784695942,2569.96536136428
36.8498355933543,44.8346042479971,2555.96968856544
36.5231077103713,44.9200441679103,2542
35.952498877432,45.0664279453819,2517.20988262419
35.395057856274,45.2059832624459,2492.5
35.1208718691528,45.2733837818767,2480.16420665138
34.8497885465797,45.339221168745,2467.84827539613
34.3107698884711,45.4677800611011,2443
34.0463069570718,45.5297179902248,2430.63099049315
33.7847570472177,45.5902409160354,2418.28166823218
33.6656082881782,45.6175712584611,2412.61714179685
33.547057608628,45.6446151894634,2406.95675270202
33.4291000521163,45.6713763461612,2401.3004964165
33.3703421595935,45.6846520053372,2398.47391666304
33.3117307198114,45.697858307543,2395.64836841572
33.267249648438,45.7078566051559,2393.5
32.8272685684202,45.8056341432798,2372.0612614952
32.2618549078286,45.9283155258541,2344
31.7745889125522,46.0313791159336,2319.34536379588
31.6865466521549,46.0497398954508,2314.84316635167
31.4885580067241,46.0907382723146,2304.66492071891
31.2922688394155,46.1309877041667,2294.5
30.8195029841914,46.2263130511297,2269.71064065429
30.3564143339046,46.3174844121284,2245
30.1167263808597,46.3638218095459,2232.04013039989
29.9022662375295,46.4047917203882,2220.34447117778
29.6761963447115,46.4474796530878,2207.91232549126
29.4524092779328,46.4892327084272,2195.5
29.0217368415424,46.5681802419485,2171.31202186828
28.5993826172917,46.6438151899231,2147.19913328747
28.5785577064455,46.6474988774129,2146
28.185101646229,46.716293762119,2123.16098513565
27.7333162284792,46.7934130298634,2096.5
27.3233316010146,46.8616716665968,2071.89234040359
27.133602706087,46.8927065062142,2060.36870830591
26.9152766258725,46.9279873436286,2047
26.5154086999867,46.9914105428508,2022.2100063482
26.3183379696435,47.0221014638112,2009.84502897631
26.1231399151698,47.0521331076221,1997.5
26.0265228584714,47.0668627334651,1991.35328510815
25.9303632612769,47.0814339099931,1985.21157586195
25.8346578937306,47.0958484801796,1979.07486614926
25.7394035589763,47.1101082610535,1972.94314986794
25.728775804444,47.1116938896786,1972.25753325194
25.7181536500415,47.1132776062235,1971.5719790383
25.5361180953325,47.140251165963,1959.77676083581
25.3557195658777,47.1666709775846,1948
25.1671329662885,47.1939594353378,1935.59437804998
24.9803193568078,47.2206589075419,1923.2092043829
24.7952541261855,47.2467829200769,1910.84442848281
24.6119131494822,47.2723446269525,1898.5
24.4310066596798,47.2972563903651,1886.22570701501
24.2517734629201,47.3216341237369,1873.9718514899
24.0703868633509,47.3459976490561,1861.47531612652
23.9803319869674,47.3579790726331,1855.23500903794
23.8906988342006,47.3698289806851,1849
23.8861270850481,47.3704313714261,1848.68134029567
23.8815564320228,47.3710334222806,1848.36269448377
23.7102028287092,47.393463366309,1836.37139519048
23.5403831904085,47.415421986231,1824.39975341869
23.1911293470989,47.4597378645156,1799.5
23.0231090665349,47.4806534997243,1787.3853461322
22.8566013426165,47.5011224889459,1775.29117016255
22.6836483852303,47.5221119166763,1762.63439076853
22.5123135685223,47.5426322344826,1750
22.4914514827058,47.5451123136544,1748.45502649824
22.1831566737827,47.5812943801796,1725.4548124004
21.8534303805882,47.6190235270908,1700.5
21.6980717967679,47.6364545242849,1688.61198033775
21.5440728756165,47.6535146436088,1676.74440637374
21.3781044835392,47.6716577176208,1663.8601754062
21.2137024333748,47.6893813403596,1651
21.1574059176509,47.6953937540509,1646.57372505332
20.9037606555437,47.7221243987153,1626.48639000535
20.5924045946669,47.7541362675955,1601.5
20.4546299230483,47.768020371996,1590.32581136295
20.3179817839463,47.7816208604665,1579.170417641
20.1525963207378,47.7978552398618,1565.57126913744
19.988847918909,47.8136850379937,1552
19.8789467867629,47.824173401201,1542.83118695309
19.6970168773664,47.8412960848504,1527.54507831142
19.4023937469166,47.8683921082961,1502.5
19.2860563438217,47.878876237544,1492.51001140198
19.1705692491557,47.8891633611926,1482.53582354711
19.0005906371753,47.9040864029397,1467.75058586692
18.8324396815505,47.9185938558867,1453
18.6572231739254,47.9334412451705,1437.49595584382
18.5565719505768,47.9418458422904,1428.52728207025
18.4168531219658,47.9533624346876,1416.00091043435
18.2784072545065,47.9646019704045,1403.5
18.1539264630171,47.9745616089075,1392.1836683677
18.0304773167523,47.9843021358188,1380.88870621486
17.9080476643509,47.9938280043277,1369.61505306817
17.7866255448995,48.0031435653972,1358.36264868231
17.739756503179,48.0067042597572,1354
17.5482092613343,48.0210531306118,1336.05757999491
17.464427555109,48.0272266792681,1328.15206802809
17.3811320094033,48.0333025684846,1320.25731532995
17.2983186205242,48.0392821953211,1312.37329995064
17.2159834285357,48.0451669343806,1304.5
17.0888142265078,48.0541378933071,1292.27046329956
17.0256592629316,48.0585397660176,1286.16558487831
16.9627882980631,48.0628867270706,1280.0672855322
16.9565574040909,48.0633156294402,1279.46176837359
16.9503292937466,48.0637439964196,1278.85631604003
16.91962816507,48.0658505853467,1275.86876266185
16.8889946017201,48.0679442156742,1272.88278717215
16.8279293327368,48.072092882737,1266.91556486065
16.7671318048291,48.0761905586794,1260.95463912357
16.7066003545934,48.0802377974267,1255
16.6849449058164,48.0816778436999,1252.86486936871
16.6198268711685,48.0859830745857,1246.42905929664
16.5873844216684,48.0881139854626,1243.21398312205
16.5550193355821,48.0902305407549,1240.00079064521
16.5227313515242,48.0923328254485,1236.78948021112
16.4905202092783,48.0944209239679,1233.58005016674
16.4744433724671,48.0954596796661,1231.97603977464
16.4583856490546,48.0964949202276,1230.37249886094
16.4423470068395,48.0975266560492,1228.76942721957
16.434334831092,48.0980412129252,1227.96806731163
16.4263274136009,48.0985548974996,1227.16682464455
16.3183054313276,48.105429263826,1216.32268603573
16.2111462867445,48.1121469087481,1205.5
16.0889840128169,48.1196814545579,1193.08182241803
15.9679460382408,48.127016835382,1180.69249676883
15.8480177709405,48.13415758906,1168.33192261882
15.7291848680023,48.14110813895,1156
15.4970326081724,48.1543280828973,1131.66158906888
15.3781104646694,48.160916476964,1119.06540313811
15.2603025495514,48.1673205568738,1106.5
15.1467550747611,48.1733776281433,1094.30565081738
15.0342462586516,48.1792676141747,1082.1409665081
14.9186320858352,48.1852044152354,1069.5546440837
14.8041063294814,48.1909697026537,1057
14.6937653696466,48.196415529931,1044.82116506304
14.5844395596946,48.2017060005314,1032.67290433428
14.4717947655256,48.207047543388,1020.07004160769
14.3602194548256,48.2122288203258,1007.5
14.2528732329723,48.2171108435236,995.323620858176
14.1465215916767,48.2218481933476,983.178802118096
14.0368782342666,48.2266285902634,970.572443581608
13.9282838777291,48.2312596372083,958
13.8759984388978,48.2334526049555,951.91554374812
13.8239580876734,48.2356115701403,945.839249902263
13.7206062578465,48.2398291031304,933.711083816563
13.6670563203451,48.2419776475446,927.395103104456
13.6137663381181,48.2440909011974,921.087941193903
13.5079592252357,48.2482132731072,908.5
13.4571428168507,48.2501584036821,902.423247724747
13.4065667937075,48.2520719562595,896.354941210249
13.3061295883651,48.2558058449002,884.243595131338
13.2539459268045,48.2577111042916,877.918955197763
13.2020186245163,48.2595834279687,871.60348931928
13.0989261089479,48.2632309180324,859
13.0493781922016,48.2649509920007,852.91138122816
13.0000669860995,48.266641602336,846.831503704974
12.9021484353587,48.269935871414,834.697897215213
12.8514551959851,48.2716085198569,828.384305116467
12.8010125762085,48.2732506769841,822.080138932514
12.7008723298766,48.2764450650118,809.5
12.6049938931491,48.2794216720684,797.373209296456
12.5574004866107,48.2808695139051,791.323321138095
12.5100355709757,48.2822908280932,785.282411049003
12.4112743480883,48.2851916242522,772.621532191134
12.3622649123702,48.2865996078754,766.3058592348
12.3378522334792,48.2872931572852,763.151704332378
12.3135006297052,48.2879798056401,760
12.2185080758647,48.2906090215816,747.624980525305
12.1461673621184,48.2925586298807,738.10585056905
12.0750237926816,48.2944315859461,728.662576868828
12.0050502423049,48.296230807724,719.29425629553
11.9362203757646,48.297959090467,710
11.8913136618027,48.2990644748168,703.893262828064
11.8468885076784,48.3001407576334,697.818265601651
11.8461329242318,48.3001589147042,697.714649662011
11.7594549572189,48.3022088997998,685.762506287605
11.7579759042376,48.3022433137079,685.557420936635
11.7157007873436,48.3032189144822,679.679239165515
11.673864212467,48.3041691063577,673.830777988988
11.6491237462283,48.304723855841,670.357470241551
11.6245356900572,48.3052699189676,666.894602614602
11.6000987572138,48.305807421813,663.442128107172
11.5879365608368,48.3060730020434,661.719773662561
11.5758116691032,48.3063364885743,660
11.4940000978622,48.3080809604206,647.44308825296
11.489538399909,48.3081744256494,646.754516626808
11.4137964065362,48.309734714956,635.004994961893
11.4050524660659,48.3099116326772,633.641205778202
11.3351576569698,48.3113019609522,622.6840416075
11.3223035742415,48.3115530325529,620.658098913648
11.2580423720171,48.3127866961456,610.478581138349
11.2550344796472,48.3128435621703,610
11.2412432323807,48.3131032882789,607.803266391352
11.1824104735988,48.3141927190455,598.386997236882
11.1787230184569,48.314260000459,597.794365946859
11.103883046753,48.3156000235807,585.703166460287
11.0304759356505,48.3168671593838,573.724799718285
10.9472556389511,48.3182471216132,560
10.9063289811288,48.3189037212894,553.192741540924
10.8740700409061,48.3194110179931,547.800018114301
10.8559976052123,48.3196912743093,544.768301784382
10.8380135638746,48.3199673464502,541.743844590016
10.8201173278998,48.3202392847667,538.726620490491
10.802308313309,48.3205071389649,535.716603569497
10.7950094511161,48.3206161215044,534.480806121155
10.7913655025844,48.3206703579176,533.863362308618
10.7895448967863,48.3206974125943,533.554754032585
10.7877252024768,48.3207244249877,533.246221472873
10.779574275465,48.3208450685837,531.863248856533
10.7714416182727,48.3209648672465,530.481796516729
10.7673821232788,48.3210244511963,529.791639667362
10.7633271748236,48.3210838256693,529.101861948018
10.7592767659633,48.3211429912472,528.412463046378
10.7572532616992,48.3211724958822,528.067905554689
10.7562419342321,48.3211872286928,527.895662281578
10.7552308897321,48.3212019485109,527.723442650462
10.7360586939014,48.3214793982321,524.453026404614
10.73193295364,48.3215386867446,523.748093657487
10.6851231323042,48.322201019301,515.721110339925
10.651949496869,48.3226588977154,510
10.6014117423562,48.3233380932737,501.231837635871
10.5417262156087,48.3241116944594,490.793867695779
10.483047966127,48.3248421168948,480.443297181012
10.425353971899,48.3255311696228,470.179032946135
10.3686218790257,48.3261805822676,460
10.3415384580463,48.3264807625875,455.110153799645
10.3146722884095,48.3267722498783,450.239855181777
10.288021004435,48.3270552209915,445.388987165494
10.2615822732326,48.327329849034,440.55743370145
10.2353537941467,48.3275963034554,435.745079662605
10.2093332982125,48.3278547501334,430.951810835079
10.1835185476219,48.3281053514557,426.177513909115
10.1579073352014,48.3283482664015,421.42207647015
10.1425222158772,48.3284914551758,418.556340878194
10.1272102106124,48.3286319256078,415.697432495386
10.1119708475999,48.3287697110783,412.845326953464
10.1043782594907,48.3288376072783,411.421817664446
10.0968036567757,48.3289048445643,410
10.0426257078803,48.329371260031,399.307878836069
9.98929148351522,48.3298055531536,388.697138499809
9.9367832198149,48.3302090277573,378.166853394176
9.88508362673393,48.3305829338689,367.716111905669
9.847173742872,48.3308423830625,360
9.83417581658361,48.3309284705027,357.344016141245
9.79940989057032,48.3311515330551,350.213610508655
9.78404345255937,48.3312467868358,347.049681671167
9.75233390042355,48.3314368781512,340.49665633665
9.70593244350782,48.3316993336828,330.84840112145
9.66019241086202,48.3319397803655,321.268118876023
9.60681751984224,48.3321974323042,310
9.56084813491502,48.3323995426186,300.217481876511
9.51554714319072,48.3325807939769,290.505624974055
9.47090142513973,48.3327420188841,280.863666446062
9.42689818701012,48.3328840171833,271.290854387338
9.37540748877154,48.3330288669662,260
9.33116951111869,48.3331349602988,250.221496159884
9.28758125520987,48.3332229043645,240.514923480173
9.24462985091509,48.3332934544508,230.879491175603
9.20230275033049,48.3333473356075,221.314420010072
9.17735946582667,48.3333718157249,215.644922069009
9.15263119431651,48.333390761609,210
9.12899413442427,48.3334039169538,204.581591531031
9.10541809377976,48.3334122143685,199.16578174378
9.0584481856207,48.3334143848135,188.341950740003
9.03318724991961,48.3334076445356,182.501932901358
9.00799642406811,48.3333954150178,176.664936727765
8.95782400942498,48.3333546706828,165
8.94693173590687,48.3333429426371,162.460614540196
8.90435086074604,48.3332872266141,152.509498489537
8.86197048073119,48.3332161680289,142.567164179106
8.83677630342233,48.333166546929,136.638571687629
8.80150639534607,48.3330878388748,128.316210957766
8.76637508279556,48.3329987210404,120
8.7334385889648,48.3329054544316,112.178010498598
8.68561753709496,48.3327533015193,100.775120697231
8.6612697439535,48.3326682182252,94.9483509011809
8.63700363378142,48.3325783075794,89.126912393105
8.61281882567027,48.3324836195573,83.3107978594423
8.58871494099897,48.3323842036506,77.5
8.56681166088363,48.3322894964922,72.2074135776759
8.54497503532133,48.3321909377868,66.9192339716901
8.52320478237078,48.3320885639996,61.6354556803995
8.50150062162648,48.3319824112749,56.3560732113143
8.47957227298137,48.3318710150311,51.0103056534594
8.45771122765056,48.3317558114738,45.6690413893526
8.43591719854798,48.3316368372329,40.3322747310044
8.42504522540551,48.3315759474617,37.6655762291114
8.41961548367068,48.331545153889,36.332647874741
8.41690217207787,48.3315296701769,35.6662888829499
8.41418989926726,48.3315141286077,35
8.41082029470751,48.3314947316387,34
8.40787279184485,48.3314776837711,33.125
8.40155954468889,48.3314409155776,31.25
8.38894461722519,48.3313664115675,27.5
8.37634508901523,48.3312906214608,23.75
8.3700510909419,48.3312522456426,21.875
8.36690553189521,48.3312329378078,20.9375
8.36533311217975,48.3312232539421,20.46875
8.36376093226416,48.3312135501235,20
8.35578423925891,48.3311639861691,17.3283812080545
8.34781442940267,48.3311139140938,14.6567624161089
8.33689481798086,48.3310444151585,10.9925718120812
8.32598811507006,48.3309739664997,7.32838120805445
8.31509429804753,48.3309025716238,3.66419060402677
8.30965221468904,48.3308665204467,1.83209530201384
8.30693237806527,48.330848406614,0.916047651006011
8.30557276086331,48.3308393276605,0.458023825503005
8.30421334434274,48.3308302340245,0
