68.43039685549986,76.49616275707513,-900.2487163121151 
64.20219164743368,75.37952853108239,441.527021935706 
61.91074504035792,74.31005359655964,-1112.041629132001 
63.52756058261614,73.36928063254112,-71.25514460387639 
67.07646279720279,72.28994650066953,-1968.972618706618 
70.67337140814908,71.99858249383048,263.8962436872604 
73.22598414582365,72.26425764493088,-435.7810835552884 
76.35262077843709,73.63869307278345,746.7015329756819 
78.97018454241571,75.06632200552755,218.3831305340699 
77.09880904558099,76.34803542872622,-211.0703063529787 
72.49298030731723,76.80525486687536,-640.5237432400273 
68.43039685549986,76.49616275707513,-900.2487163121151 
