117.5875289027841,-38.60310023809008,-2846.421940528292 
114.7494827384858,-40.40668696268641,-5679.248193994727 
113.2174167699913,-43.14162630778033,-3775.026608955492 
113.1953191550612,-44.46679729811769,-4033.832645425277 
110.8553157172263,-49.28142808007094,-1400.785555001621 
110.5249424262622,-51.63389550872557,-8263.920310585618 
113.9120275650887,-52.84471191650626,-9918.954138314484 
118.699772358446,-51.42211611884746,-8694.912009425476 
121.4206290242893,-48.14484541372195,-5189.188426964205 
122.8387193875113,-44.8980123064815,-1828.282399250106 
122.9802151360134,-42.61470853600807,-3796.882128971097 
122.2070082479504,-39.53075422095852,-3980.574837408612 
120.807454996857,-38.79764692531734,-7113.331193790906 
117.5875289027841,-38.60310023809008,-2846.421940528292 
