-80.28792631461504,-9.204338693369824,-4699.354768680282 
-76.93936365498138,-9.043758936732646,2781.162191971787 
-74.8411065620806,-6.618021525294481,-245.6404925117843 
-73.07459709916282,-5.504806084425965,-763.0483384041321 
-72.82161862851261,-3.190967654598449,586.5749015952237 
-73.61124906235864,-0.734552203921106,-799.8743384368544 
-75.81155510657793,2.143664936118685,476.537519985303 
-78.03052378552181,4.385708410900143,-4569.233660946928 
-81.49121380868458,6.750902775466738,-3008.97289259285 
-84.87585233970941,7.018075196966064,-3456.942608893154 
-86.31758176686708,6.49059230296395,-3770.676966118087 
-86.85446637329338,4.266054189237569,-3168.4793440238 
-87.73524465447619,1.200943930100209,-5353.024710863489 
-86.84940661228454,-1.845605040381603,-5257.502601302725 
-85.41726662242611,-4.523865564413348,-4128.230284313154 
-83.43387897452757,-7.220227786725612,-4566.397579233239 
-80.28792631461504,-9.204338693369824,-4699.354768680282 
