-114.9370323921155,24.69501370610953,-5110.118031429832 
-117.5654181071308,26.9061888401346,-3256.456631162955 
-119.7646127337481,29.46405578248616,-14754.36749207313 
-122.2859789096921,31.88461144749135,-7447.956935373046 
-124.8864169091559,34.47249003354958,-2919.908595212209 
-126.1043621889315,36.61386651681695,-9769.80996606217 
-126.6295164231615,37.99923669420136,-7421.890002934658 
-127.0664051985518,39.93971709546192,-6055.448630220909 
-127.7674943427497,42.57249827266877,-8605.607820844309 
-127.8734385688739,44.9725262366788,-3517.939228027797 
-127.7790726859059,46.12953718015407,-4614.198450497368 
-128.8528333239479,47.08357301490895,-7260.219723964204 
-130.5211306506409,47.27294188186068,-6058.667971331339 
-136.1078982153729,47.55384426696443,-7712.447551943354 
-142.0941729504511,47.13061876292296,-9270.634978555687 
-145.303164920212,46.13159923340528,-6206.151438439123 
-145.761816359317,43.61024630425948,-4580.454977468234 
-144.0128652818608,41.80764227908102,-11523.70847655526 
-141.0472614181914,40.59296811164694,-18592.56864225855 
-139.516209393967,38.54948343050282,-13798.95591253293 
-135.9136295498749,34.69155307207505,-2393.216260075796 
-133.7271493237689,32.63930747176955,-2312.411156181142 
-129.9232304938684,27.66358027764591,-2341.650933835261 
-126.3718881555836,23.73247345939412,-2990.379419909071 
-123.9088213249744,21.12091653188423,-5191.660987770526 
-121.6278700834485,18.47565807677177,-3677.667003604168 
-119.2534308315456,16.17884791527174,-2148.03516626234 
-113.5453891743963,15.40418756142858,-9676.742289947979 
-111.1550705025261,15.86981036466167,-4209.085515560116 
-109.5549494917003,16.20407432040941,-4837.981634198233 
-108.9079013763762,17.60886444238482,-6310.58650407079 
-109.6938192019716,20.56005163452852,-5147.710873885147 
-114.9370323921155,24.69501370610953,-5110.118031429832 
