23.19734136363916,59.40690201227353,-820.9969749780151 
20.80154967642324,58.42811805742852,-2836.071764197197 
19.54072219972593,56.94563684766975,-869.5081884133465 
19.33486655551559,55.29039014268177,-1935.498431433393 
19.77210741918546,54.18908627307027,-1204.832929493195 
21.0346443004022,52.26315113396429,324.4291521344998 
22.14881731806026,51.51354842911309,-131.7446850946867 
25.80238272350945,50.7197578367803,-124.4503453263561 
29.95459145055604,50.49336148725157,948.9917530101056 
33.35490574495378,50.49638552864726,1141.862963033191 
36.63710651678892,50.7097398469591,-376.6410532856331 
38.6299728115547,51.63085083290627,-255.354749529437 
40.68317258080064,52.72501190955092,806.6670740808961 
42.50242491686834,54.54792791477374,1077.224674256478 
43.40862597827324,55.57468736539958,325.2484677692051 
42.71316095947373,57.19006812608635,-1241.878081777921 
39.85278008806527,58.61224682259237,-57.50268616123687 
36.85680488232651,59.3842042607471,634.8146559135296 
33.05384113820398,59.77898317454269,-945.4394792746928 
27.93800872380493,60.15722173095756,-1308.449749366814 
23.19734136363916,59.40690201227353,-820.9969749780151 
