48.29050637350396,-2.300030239488426,-3856.674841532954 
50.45317493812334,-0.98638688711939,-1624.124459900632 
51.30278854788926,1.64561792919955,-6959.132938212516 
51.11226174231479,5.972501774249161,-2860.771986969249 
49.94614730250366,9.95242297737097,-1060.268579273358 
48.88732653329295,11.76074557810225,1529.00425867722 
46.66340984093631,16.65523373131735,-1567.235453611515 
45.30596545882836,19.93253618880452,292.5561827349302 
42.62099960130155,24.12621262515221,-3827.435975029112 
40.1935997556315,28.2794049374095,1298.274437616027 
36.48347560446475,33.27904555017802,-250.8038075157215 
34.26886641058911,36.00741910335714,-756.4033329652248 
32.66747347348084,38.02503938782508,889.377698808583 
28.61018333365906,40.12472657583533,18.06215387058841 
24.2363251178077,40.5465480251547,1979.56520167902 
21.80756272568556,39.52066565697433,2284.762623832549 
20.30989722669436,37.91078937798197,235.1204635044347 
19.93861157295122,35.67430581521138,-5695.629244046838 
20.15935315773309,32.50553732411535,-1869.078220885669 
21.14006969131806,29.33105301147444,397.9460005157535 
23.11077814415917,25.96819793633294,1137.120962594678 
24.85653537838497,23.49622755860404,-1427.166584504669 
25.81245415857786,21.20965243674202,-2461.834719334098 
28.33019413135635,17.31421586568529,-265.2438696130172 
30.00907436410874,14.59241355756333,-1807.03614203534 
32.57874808685993,10.43827587162013,296.4970787093308 
34.80321785471753,6.516982424521306,501.1872050374732 
37.18423450867795,3.585994605753598,-3503.108489752894 
39.76264010714628,1.08087441423599,-939.5679912768462 
42.20896731731003,-0.4226323555672818,910.9314205372867 
44.10489143942304,-1.722315819903477,-5302.602187360873 
48.29050637350396,-2.300030239488426,-3856.674841532954 
