12.38209544848882,-4.486218258080708,992.9287334277801 
12.99628746992707,-6.941365193260258,-3039.521870434064 
18.43974967666878,-7.214543037429628,-1697.268902783472 
22.5092933595889,-5.480031652742931,1405.944556245343 
25.80702220074425,-3.065347852535269,-1895.346679614387 
29.94211693180313,-1.114177478373471,-1588.542561983018 
34.46725062464256,-1.285714024019113,475.3828227916983 
35.24062224445823,-3.565729073542786,-571.2829509974772 
35.17130727126685,-5.010905250096989,-1391.927883928403 
33.68045338600336,-8.787750262201461,3082.827582718325 
30.49625393325691,-15.99277912199503,-2767.787482887351 
28.58721178781434,-21.2965346620931,-1139.617665989325 
27.6829604983172,-25.24447394670113,1225.847233002695 
29.09030193322153,-28.20158649112182,1480.73278166927 
31.66657652389054,-29.3329892038048,705.421157103675 
32.66427832277433,-27.46736748685611,885.0161300056136 
34.7209684793698,-25.84630759398484,-532.9737609932872 
36.35089213007029,-21.68320492683272,-3044.073823512551 
38.02759397326665,-18.3407617611122,-3347.766370034381 
39.45330129634982,-16.21567215424437,-635.677052226355 
40.81167971594628,-11.95092375939983,-100.0013044937516 
40.58969958434086,-9.350963634169885,-4138.566221432185 
41.20881556900719,-7.252429147878182,-3813.263923688467 
43.15781000468758,-6.685786626570462,-4166.754794479229 
45.21196393985524,-7.356492811015512,-5495.233126694097 
46.56572713660783,-10.35741310016003,-6898.220910121341 
49.54199788216441,-13.27782565804299,-1742.173317221921 
51.52459785159442,-12.06325945926911,-2512.23904042916 
51.96062962827817,-8.683634105315923,-5443.632692643986 
52.7246070504435,-5.829527380760037,-2642.211349196173 
53.26946173690245,-2.480030078861193,-3277.124070938047 
53.5490558240886,1.378639815382759,-5964.625983268517 
54.17676966972353,4.719148241852978,-4819.473358160414 
55.12930014365078,6.320530030823787,-2434.415564534695 
54.91802632844449,8.208765560940774,-10446.14133271411 
52.51416529045181,11.61602473644673,-9784.668083098417 
50.12054264489079,12.29151876692055,-225.2189832339154 
43.57681622265545,11.60859954431,189.0782387587784 
35.60327580342562,11.11027697641589,2328.384616563956 
30.75036733635101,10.68079822026296,1591.349910319693 
24.97234442885966,8.485116935872353,1971.594576759551 
21.80457757256221,6.54227824017277,-1493.327845531813 
17.98246194399639,3.486420901347699,1019.836452099181 
15.98947882326819,1.691959101584789,-2068.19026674082 
13.43497923250318,-1.597775273985897,-2113.698401725784 
12.38209544848882,-4.486218258080708,992.9287334277801 
