-25.30154561821869,63.35524500620541,-1252.574095822282 
-23.07249363014076,62.2792369980606,-4489.728239562751 
-20.48963730766386,62.3624992656007,-4407.92260205988 
-17.86656042608377,62.3439478718139,-2943.827540191627 
-16.1726479608333,62.75458704824855,-4188.323442603139 
-13.18909804420414,63.50100448754035,-2707.91100054625 
-11.65621805127733,64.30152759134816,941.7396465426751 
-10.81448134512418,65.19300908894901,-1538.091919104646 
-10.60605487524341,66.00921942295761,-2159.707853930903 
-11.18332731084942,66.48683279628325,-1684.234934344291 
-12.37420616336127,67.23372302830711,-3417.743772692093 
-14.4335463205161,67.28539167597427,-3599.471522635298 
-16.18193444831035,67.9534656304523,-3130.667739568462 
-15.75711181175801,69.43340823220741,-756.172695893028 
-13.88609063069196,70.8232069155523,-6839.632297456707 
-8.126415603109486,72.55054307057027,-4212.007220354916 
1.445242540524259,74.87258323716604,-3402.868220834392 
0.05528597032821825,76.01301574786467,-2690.622869941234 
-2.709173099889713,76.66864428696945,-5287.657619609838 
-8.371021772731142,76.47751499888979,-8195.639029825659 
-12.37242654272184,75.61240956778016,-13976.55807043194 
-18.60090375120858,72.96395216076458,-5958.896214821494 
-20.37268519307475,71.36463971282046,-6698.7635946446 
-25.10387060126254,69.86259899434626,-6427.198313376646 
-28.58068870127797,67.11985619466356,-83.64284182139542 
-28.99750667543889,65.91551093022872,-4176.667403168374 
-28.38888450564872,64.60385269759888,-5112.91108059174 
-25.30154561821869,63.35524500620541,-1252.574095822282 
