# K_lon_degE K_lat_degN
# KK_lon_degE KK_lat_degN
23.925	57.477
40.801	62.471
>
24.556	57.398
41.404	62.094
>
23.467	56.752
40.518	61.607
>
27.553	58.23
43.106	62.018
>
25.181	57.319
41.895	61.713
>
17.139	53.435
34.05	59.333
>
17.012	53.21
34.146	59.01
>
17.755	53.396
35.159	58.90
>
17.814	53.291
35.268	58.66
>
23.556	55.253
41.279	59.285
>
19.371	53.566
37.247	58.305
>
19.179	53.195
37.083	57.677
>
19.554	53.014
37.556	57.112
>
20.414	52.721
38.504	56.089
>
29.135	53.255
44.781	54.216
>
26.618	52.25
43.27	53.084
>
25.216	52.031
42.358	53.031
>
25.746	51.658
42.574	52.222
>
25.751	51.613
42.558	52.138
>
24.43	51.242
41.528	51.743
>
25.591	51.11
42.247	51.25
>
22.899	50.816
40.178	51.268
>
24.869	50.372
41.433	49.996
>
23.698	50.026
40.318	49.522
>
23.813	49.509
40.198	48.469
>
25.079	48.982
40.747	47.351
>
25.046	48.973
40.714	47.336
>
26.224	47.99
40.782	45.56
>
26.784	47.616
40.863	44.946
>
30.484	46.443
42.004	43.569
>
28.453	46.758
41.23	43.727
>
28.305	46.78
41.165	43.741
>
26.775	46.807
40.274	43.598
>
29.841	46.162
41.512	43.062
>
29.647	46.179
41.429	43.052
>
17.463	43.188
27.527	35.281
>
3.5615	37.671
0.20895	27.547
>
-4.2853	41.97
-14.165	34.72
>
