75.33013974001967,-47.57429684193211,-6246.761015346848 
68.00159454975005,-46.94819565179262,-1179.27768003754 
58.44686226325306,-45.09255377672434,-5573.607580460737 
55.13370303710379,-44.71146700156748,-3149.443648871787 
50.47831795579891,-45.03446015777089,-6299.755579173397 
46.37863719709902,-46.07755669199962,-7322.189264356855 
43.72980836274123,-49.46917655483852,-5941.383857466472 
46.39390657835141,-52.40626022905709,-5678.370987120934 
55.09147364380454,-53.69137941960712,-1898.64885537337 
64.52935951733551,-55.59891507369721,-7209.078324191213 
73.81038830587532,-56.22540402357764,-2200.11170019133 
78.30831455219227,-54.53395478229662,-3608.881704301304 
79.84689093268365,-50.12173456065554,-4100.120153271532 
75.33013974001967,-47.57429684193211,-6246.761015346848 
