-165.0010853857513,48.41124050566972,-4793.269725625943 
-162.4147206254496,44.70740163974784,-2490.779824786084 
-159.5351924881397,41.39095839722616,-7099.994441884582 
-156.8679330687783,40.22873436436222,1458.827644427106 
-149.2801521200766,40.2700723564648,-6933.578115046302 
-144.1359608431269,40.34098884197279,-11794.49370315469 
-140.4509233268877,41.48708837257629,-18819.19531216845 
-137.8117832979626,43.50667226426777,-10399.77939497246 
-135.307433531333,46.82204704841597,-5541.170107000746 
-134.0463790304207,50.31472169905928,-2151.382428858313 
-133.5404541580789,53.56135650379803,-6695.833144339203 
-134.5361179694313,58.29299611142955,-9664.503052800093 
-137.010157352369,61.46117554289773,-3054.434102497183 
-141.4471517609839,62.55486482675281,-11244.33522536609 
-149.0646402296489,62.61779334187946,-20456.28029466116 
-155.0556276820315,62.13861141410356,-22492.31622490868 
-159.5018777986544,59.47960409061912,-7423.104358534812 
-163.2027011554914,56.93641448593787,-5910.004510449266 
-164.0548986806196,54.73949558663311,-273.4295654142249 
-165.4017961419945,52.6594596758236,-3678.416425416864 
-165.0010853857513,48.41124050566972,-4793.269725625943 
