-155.7603263094452,55.84717677374964,546.4796338044199
-154.8236389921925,51.92039748117071,-9163.492532984808 
-154.9555173376605,47.81936884183209,-8753.283903575872 
-154.484615646739,43.81007490283677,-4263.613994716977 
-153.3462005632621,42.19627044849016,-5055.937652034489 
-150.1944243724803,41.75974488488192,-9545.712181596937 
-146.479124447711,41.37393633042906,4460.89088281271 
-142.1014031076021,41.60112304564058,-16567.59129137624 
-137.6966882075299,41.56535345129669,-14622.14469920138 
-133.270086145769,41.94009166207999,-7343.837864846161 
-130.0531996742656,43.10766528216406,-4935.124904608035 
-128.8248994432734,45.03351831219033,-660.5062182229518 
-127.9253912383579,48.10364302096794,-7638.711408426364 
-126.9715088019358,50.90598808863332,1811.37446042346 
-126.2978353447646,54.27472445996641,-759.6215515521502 
-128.9992984975273,58.14168815095421,-9854.568254582931 
-134.3820323420893,59.64624126486834,-8072.612658991342 
-139.2122545510942,60.14476689915867,-10494.47901160388 
-146.2875422986883,60.74573470959852,-21281.76402721035 
-151.5434962423367,60.50386529912039,-25091.96766460549 
-157.0169904548473,58.33734318849729,-5272.190650473475 
-155.7603263094452,55.84717677374964,546.4796338044199 
